32583
32733
32589
32774
32589
32638
32528
32610
32602
32775
32734
32681
32487
32604
32473
32645
32499
32558
32597
32520
32772
32673
32268
32608
32616
32671
32768
32393
32478
32530
32623
32671
32699
32602
32643
32700
32620
32614
32512
32425
32506
32657
32673
32396
32647
32409
32801
32792
32398
32663
32464
32585
32866
32347
32489
32524
32637
32908
32447
32405
32385
32535
32885
32475
32562
32534
32619
32834
32477
32370
32524
32600
32810
32575
32566
32569
32479
32704
32548
32852
32602
32295
32636
32575
32590
32456
32484
32529
32699
32849
32584
32529
32606
32472
32674
32577
32379
32592
32491
32798
32515
32637
32598
32537
32784
32535
32654
32698
32633
32578
32611
32658
32617
32608
32694
32584
32449
32791
32707
32624
32566
32713
32614
32601
32577
32614
32696
32764
32595
32633
32686
32639
32642
32572
32438
32653
32696
32661
32665
32474
32826
32681
32654
32643
32739
32669
32510
32871
32698
32415
32610
32588
32483
32608
32608
32687
32616
32672
32710
32436
32715
32692
32775
32718
32449
32588
32443
32360
32515
32581
32644
32755
32595
32539
32664
32388
32602
32729
32721
32670
32516
32515
32501
32568
32681
32516
32707
32595
32718
32860
32468
32497
32551
32630
32562
32572
32493
32442
32410
32634
32728
32707
32676
32748
32684
32601
32576
32622
32670
32412
32524
32525
32504
32575
32562
32668
32549
32786
32746
32520
32581
32709
32720
32697
32566
32610
32767
32626
32553
32719
32532
32579
32738
32624
32663
32642
32643
32445
32620
32555
32613
32827
32509
32478
32668
32562
32595
32682
32456
32689
32630
32704
32539
32606
32705
32682
32811
32402
32445
32587
32595
32684
32605
32574
32666
32753
32541
32739
32573
32614
32723
32769
32545
32478
32603
32441
32552
32826
32731
32603
32536
32486
32774
32448
32724
32653
32625
32701
32537
32643
32391
32633
32816
32561
32820
32513
32661
32681
32554
32785
32625
32811
32666
32446
32768
32694
32549
32709
32568
32822
32694
32649
32549
32566
32601
32968
32600
32382
32740
32664
32837
32586
32568
32747
32644
32805
32579
32467
32553
32363
32793
32700
32658
32667
32586
32712
32518
32425
32781
32636
32811
32634
32507
32547
32461
32603
32590
32597
32719
32584
32778
32659
32558
32623
32393
32706
32488
32630
32683
32542
32602
32538
32720
32626
32478
32850
32534
32603
32531
32560
32728
32570
32715
32650
32508
32826
32421
32738
32678
32482
32858
32609
32577
32573
32370
32758
32404
32718
32578
32644
32546
32580
32587
32589
32626
32821
32635
32676
32603
32679
32594
32445
32617
32544
32624
32545
32524
32357
32662
32895
32562
32668
32686
32661
32842
32548
32534
32584
32662
32643
32482
32456
32686
32691
32770
32694
32479
32439
32631
32841
32559
32570
32557
32556
32663
32667
32604
32653
32607
32677
32685
32421
32596
32641
32565
32656
32683
32438
32652
32886
32374
32465
32795
32695
32767
32534
32681
32813
32600
32654
32591
32572
32647
32576
32603
32473
32644
32730
32419
32693
32703
32618
32758
32431
32701
32822
32552
32440
32652
32691
32634
32476
32638
32613
32735
32734
32622
32629
32493
32724
32641
32321
32794
32772
32527
32687
32604
32633
32729
32725
32625
32527
32756
32576
32640
32712
32662
32649
32644
32778
32753
32622
32508
32656
32519
32611
32803
32452
32592
32665
32840
32685
32556
32571
32522
32498
32687
32502
32575
32514
32855
32699
32503
32734
32668
32577
32570
32533
32686
32323
32681
32609
32606
32774
32620
32708
32496
32664
32857
32630
32672
32390
32585
32885
32445
32553
32575
32714
32772
32670
32673
32504
32657
32579
32436
32541
32715
32781
32689
32613
32688
32521
32625
32627
32494
32623
32626
32495
32489
32636
32771
32753
32625
32657
32577
32464
32896
32587
32514
32539
32685
32844
32537
32589
32708
32452
32720
32604
32633
32734
32485
32626
32444
32436
32778
32561
32658
32528
32700
32731
32485
32645
32572
32544
32720
32600
32515
32502
32626
32757
32822
32626
32383
32503
32698
32905
32713
32322
32515
32794
32683
32700
32532
32406
32690
32699
32618
32397
32505
32776
32713
32889
32598
32583
32715
32764
32845
32445
32423
32678
32592
32834
32715
32492
32689
32659
32798
32740
32451
32545
32655
32660
32814
32469
32573
32514
32744
32863
32421
32752
32610
32736
32803
32389
32689
32472
32618
32787
32488
32759
32588
32697
32882
32466
32645
32646
32766
32745
32413
32642
32526
32499
32714
32559
32668
32547
32889
32657
32448
32829
32574
32691
32668
32566
32802
32555
32627
32670
32440
32679
32405
32725
32562
32511
32731
32588
32767
32668
32495
32791
32602
32529
32498
32433
32615
32600
32650
32678
32644
32765
32599
32734
32642
32577
32730
32535
32638
32411
32660
32614
32691
32610
32779
32501
32570
32658
32794
32784
32661
32525
32516
32700
32593
32687
32482
32356
32559
32777
32580
32376
32527
32432
32910
32810
32387
32602
32588
32633
32776
32360
32482
32525
32655
32627
32535
32578
32595
32729
32649
32671
32689
32597
32614
32620
32704
32565
32535
32727
32798
32656
32544
32810
32642
32664
32892
32419
32550
32808
32745
32858
32553
32667
32677
32531
32573
32527
32669
32547
32713
32588
32531
32810
32706
32457
32612
32734
32583
32530
32498
32553
32617
32684
32786
32695
32534
32497
32731
32540
32674
32527
32573
32612
32817
32612
32420
32766
32494
32907
32689
32477
32776
32607
32594
32564
32525
32527
32719
32792
32545
32646
32754
32498
32831
32579
32383
32683
32618
32614
32654
32592
32620
32511
32762
32595
32606
32623
32583
32717
32823
32607
32506
32514
32612
32785
32600
32635
32664
32521
32884
32675
32554
32690
32693
32598
32517
32767
32780
32732
32624
32632
32621
32578
32686
32611
32513
32495
32700
32668
32461
32724
32643
32449
32596
32400
32626
32707
32432
32662
32530
32582
32675
32430
32480
32637
32734
32639
32604
32423
32386
32870
32690
32575
32431
32572
32686
32832
32637
32653
32689
32551
32701
32518
32505
32676
32603
32552
32569
32570
32507
32735
32743
32464
32734
32611
32406
32774
32610
32820
32782
32398
32761
32515
32538
32812
32523
32593
32535
32819
32562
32531
32715
32535
32819
32746
32425
32767
32594
32679
32669
32480
32418
32577
32634
32722
32684
32512
32659
32745
32659
32571
32577
32483
32483
32814
32625
32391
32405
32740
32610
32697
32427
32489
32650
32792
32579
32388
32611
32700
32703
32529
32524
32430
32665
32632
32782
32502
32469
32882
32432
32620
32682
32696
32761
32546
32669
32583
32635
32618
32690
32694
32595
32660
32750
32538
32585
32732
32719
32754
32579
32706
32584
32632
32722
32580
32427
32552
32751
32656
32624
32670
32737
32598
32590
32544
32659
32641
32537
32688
32469
32568
32656
32545
32759
32499
32480
32646
32598
32619
32657
32792
32586
32558
32642
32431
32619
32548
32452
32721
32511
32734
32667
32409
32529
32524
32629
32712
32387
32514
32490
32638
32644
32510
32646
32595
32582
32689
32436
32301
32630
32493
32791
32601
32509
32669
32391
32524
32652
32726
32709
32507
32730
32532
32614
32626
32620
32714
32586
32740
32752
32489
32550
32609
32639
32607
32573
32596
32632
32751
32709
32666
32707
32454
32910
32722
32345
32624
32566
32662
32789
32636
32600
32523
32707
32632
32545
32545
32463
32751
32760
32484
32498
32374
32694
32889
32661
32476
32382
32825
32687
32576
32463
32532
32626
32738
32540
32389
32438
32798
32811
32727
32438
32546
32848
32590
32432
32659
32573
32743
32461
32540
32658
32555
32959
32720
32499
32587
32642
32798
32717
32643
32620
32570
32597
32743
32656
32546
32706
32690
32765
32632
32625
32589
32714
32788
32484
32542
32747
32620
32761
32793
32481
32725
32577
32829
32736
32512
32812
32695
32869
32637
32553
32595
32501
32628
32678
32602
32815
32433
32640
32756
32623
32653
32581
32771
32766
32717
32477
32532
32562
32548
32786
32573
32625
32493
32683
32587
32523
32772
32645
32698
32553
32468
32751
32647
32693
32505
32616
32666
32502
32567
32646
32530
32647
32764
32647
32424
32611
32817
32672
32627
32615
32668
32652
32567
32490
32623
32408
32772
32603
32365
32559
32893
32615
32626
32558
32714
32767
32605
32575
32532
32616
32654
32590
32391
32422
32839
32648
32481
32631
32683
32553
32677
32675
32608
32770
32595
32678
32733
32434
32510
32552
32612
32707
32487
32627
32597
32634
32646
32637
32736
32501
32794
32679
32490
32619
32674
32601
32580
32504
32622
32473
32824
32745
32499
32739
32704
32758
32620
32624
32709
32690
32794
32573
32578
32585
32505
32725
32574
32604
32587
32762
32730
32629
32756
32808
32702
32699
32667
32734
32769
32599
32558
32584
32550
32555
32734
32825
32687
32685
32656
32841
32698
32682
32670
32723
32655
32739
32643
32407
32622
32595
32600
32655
32682
32677
32588
32848
32930
32668
32602
32484
32784
32600
32725
32641
32381
32631
32739
32739
32614
32561
32665
32671
32772
32666
32554
32421
32526
32833
32690
32577
32628
32620
32536
32519
32620
32528
32585
32609
32637
32784
32520
32483
32495
32582
32910
32660
32488
32351
32784
32639
32596
32675
32586
32785
32651
32729
32616
32493
32526
32667
32676
32676
32488
32824
32587
32608
32636
32426
32720
32462
32698
32653
32538
32697
32427
32599
32681
32499
32793
32400
32591
32659
32411
32648
32546
32552
32726
32558
32781
32536
32671
32672
32478
32798
32605
32515
32621
32431
32726
32586
32811
32748
32531
32551
32894
32698
32640
32477
32645
32622
32628
32790
32730
32663
32473
32740
32532
32662
32680
32681
32786
32694
32637
32467
32613
32540
32658
32731
32651
32636
32608
32714
32657
32565
32524
32634
32752
32713
32638
32807
32755
32636
32483
32585
32597
32556
32644
32667
32619
32363
32780
32700
32706
32816
32622
32531
32629
32729
32794
32587
32596
32598
32776
32769
32497
32543
32655
32819
32530
32332
32607
32835
32731
32595
32735
32521
32574
32515
32429
32654
32646
32774
32696
32452
32522
32486
32422
32744
32715
32745
32470
32587
32702
32417
32608
32689
32700
32813
32524
32635
32485
32636
32708
32633
32594
32651
32581
32732
32614
32651
32766
32674
32893
32659
32494
32572
32608
32668
32588
32683
32588
32695
32675
32706
32503
32478
32603
32807
32564
32406
32520
32716
32727
32638
32596
32556
32563
32541
32411
32609
32510
32593
32615
32540
32677
32497
32688
32861
32594
32749
32528
32620
32784
32427
32647
32679
32773
32721
32408
32661
32672
32642
32853
32656
32561
32758
32710
32584
32615
32487
32677
32610
32741
32672
32390
32520
32613
32480
32626
32554
32641
32637
32677
32858
32606
32625
32603
32606
32679
32492
32766
32447
32413
32616
32615
32861
32514
32629
32693
32562
32678
32677
32597
32617
32665
32739
32527
32509
32609
32483
32698
32621
32404
32581
32507
32760
32727
32443
32548
32616
32422
32590
32599
32440
32606
32709
32574
32621
32342
32616
32825
32598
32784
32529
32543
32649
32535
32742
32579
32569
32588
32454
32877
32722
32619
32618
32553
32832
32506
32482
32554
32354
32664
32707
32634
32620
32612
32708
32548
32563
32641
32545
32534
32501
32685
32699
32620
32479
32509
32548
32797
32595
32433
32554
32705
32784
32624
32508
32441
32552
32586
32823
32400
32425
32638
32611
32892
32638
32696
32595
32643
32731
32455
32586
32672
32527
32944
32464
32528
32817
32465
32696
32631
32652
32524
32568
32765
32654
32618
32774
32397
32699
32510
32656
32675
32583
32641
32542
32593
32500
32651
32751
32613
32774
32474
32813
32637
32534
32674
32573
32576
32799
32692
32649
32435
32573
32710
32629
32748
32612
32713
32778
32691
32554
32511
32562
32693
32816
32623
32641
32329
32648
32836
32631
32719
32580
32656
32684
32553
32873
32612
32622
32724
32779
32710
32411
32705
32732
32463
32833
32518
32714
32584
32657
32922
32651
32844
32623
32546
32749
32665
32887
32495
32400
32545
32642
32735
32582
32446
32719
32693
32737
32611
32537
32644
32656
32723
32509
32645
32830
32557
32544
32794
32646
32527
32658
32643
32804
32656
32650
32604
32694
32646
32837
32598
32540
32750
32532
32445
32547
32867
32730
32548
32672
32724
32616
32696
32577
32577
32573
32475
32690
32535
32437
32724
32686
32741
32774
32546
32579
32797
32784
32587
32329
32612
32687
32634
32567
32536
32510
32654
32776
32582
32535
32635
32675
32608
32416
32664
32637
32601
32781
32444
32395
32606
32693
32656
32596
32672
32553
32579
32577
32607
32619
32629
32639
32464
32496
32694
32799
32621
32483
32755
32612
32530
32785
32343
32579
32646
32679
32694
32322
32722
32654
32681
32654
32450
32552
32545
32815
32728
32494
32582
32529
32653
32592
32559
32690
32604
32715
32522
32486
32616
32506
32820
32578
32592
32610
32588
32752
32728
32433
32658
32638
32518
32740
32444
32554
32635
32840
32660
32462
32480
32652
32732
32759
32437
32718
32658
32561
32635
32333
32351
32722
32797
32677
32458
32583
32388
32783
32827
32553
32711
32356
32714
32866
32606
32767
32606
32576
32656
32470
32686
32470
32643
32556
32563
32780
32484
32708
32761
32520
32508
32398
32510
32747
32431
32463
32439
32625
32731
32466
32513
32501
32824
32847
32377
32306
32451
32606
32939
32486
32432
32464
32500
32853
32570
32484
32696
32432
32758
32620
32572
32774
32575
32620
32485
32535
32755
32679
32581
32573
32632
32717
32478
32520
32538
32571
32610
32715
32622
32429
32561
32715
32632
32676
32490
32511
32703
32743
32631
32387
32505
32533
32826
32793
32570
32440
32710
32659
32711
32573
32590
32827
32453
32575
32482
32447
32708
32837
32554
32549
32691
32813
32810
32641
32578
32691
32607
32708
32659
32524
32793
32656
32811
32509
32450
32793
32564
32902
32689
32495
32577
32756
32726
32557
32660
32722
32545
32683
32643
32592
32732
32806
32755
32474
32691
32725
32678
32687
32700
32828
32486
32638
32712
32563
32796
32717
32684
32555
32547
32831
32606
32508
32754
32698
32778
32653
32683
32736
32660
32522
32533
32700
32747
32791
32671
32547
32640
32611
32781
32680
32664
32655
32534
32924
32569
32587
32849
32488
32816
32571
32638
32715
32385
32611
32632
32649
32777
32347
32767
32856
32732
32769
32308
32681
32738
32570
32768
32486
32527
32612
32731
32803
32667
32590
32604
32446
32595
32553
32715
32579
32630
32799
32784
32494
32500
32576
32505
32707
32555
32533
32657
32408
32958
32666
32533
32870
32537
32525
32533
32598
32785
32699
32715
32602
32642
32775
32373
32746
32553
32412
32707
32585
32518
32685
32574
32700
32651
32616
32695
32663
32601
32585
32519
32691
32728
32687
32633
32414
32905
32585
32413
32806
32527
32707
32468
32593
32590
32651
32752
32754
32470
32685
32596
32737
32643
32672
32735
32408
32520
32500
32409
32640
32730
32616
32639
32745
32668
32713
32482
32559
32583
32686
32670
32560
32632
32723
32697
32603
32391
32520
32847
32691
32665
32421
32500
32747
32588
32397
32609
32760
32594
32526
32607
32600
32769
32717
32680
32615
32400
32774
32665
32387
32646
32652
32615
32618
32614
32783
32375
32607
32594
32709
32888
32561
32599
32549
32588
32709
32606
32448
32521
32376
32646
32693
32418
32641
32605
32783
32754
32508
32523
32632
32762
32778
32583
32549
32592
32776
32769
32692
32683
32676
32754
32546
32770
32637
32646
32636
32904
32738
32511
32884
32763
32559
32755
32463
32615
32683
32538
32801
32419
32800
32737
32694
32816
32356
32756
32625
32665
32878
32453
32657
32477
32548
32902
32571
32761
32679
32554
32755
32384
32757
32759
32485
32696
32589
32544
32620
32517
32622
32611
32725
32809
32546
32609
32704
32524
32629
32416
32550
32626
32565
32588
32570
32557
32720
32519
32540
32616
32543
32564
32516
32461
32453
32639
32677
32694
32398
32599
32522
32470
32558
32505
32657
32495
32594
32441
32487
32663
32553
32680
32521
32590
32619
32625
32533
32502
32570
32697
32554
32648
32526
32396
32382
32762
32627
32500
32618
32581
32555
32629
32629
32742
32658
32626
32444
32761
32764
32521
32632
32566
32735
32650
32614
32737
32448
32667
32602
32605
32699
32515
32661
32743
32734
32645
32578
32581
32710
32618
32592
32562
32682
32739
32520
32574
32665
32728
32604
32524
32516
32583
32566
32537
32542
32461
32541
32629
32481
32441
32652
32553
32777
32676
32532
32649
32292
32484
32583
32498
32584
32599
32551
32490
32502
32472
32532
32625
32686
32507
32532
32604
32533
32792
32427
32738
32744
32633
32719
32635
32613
32627
32594
32575
32509
32626
32594
32547
32700
32767
32612
32428
32659
32717
32559
32668
32530
32512
32568
32709
32641
32581
32547
32494
32512
32788
32544
32773
32542
32666
32858
32428
32631
32580
32672
32717
32632
32625
32523
32755
32606
32494
32696
32460
32546
32726
32609
32654
32591
32545
32616
32405
32559
32552
32730
32529
32487
32499
32600
32743
32507
32516
32586
32674
32615
32501
32452
32311
32755
32896
32498
32468
32420
32694
32748
32640
32672
32594
32644
32780
32753
32506
32537
32566
32610
32608
32582
32654
32601
32799
32767
32467
32683
32628
32632
32836
32614
32551
32547
32585
32535
32585
32623
32683
32590
32779
32664
32526
32632
32671
32587
32548
32484
32660
32664
32636
32645
32647
32401
32663
32755
32706
32597
32575
32574
32480
32444
32515
32449
32623
32691
32769
32683
32519
32587
32672
32580
32551
32408
32303
32627
32646
32523
32538
32560
32779
32612
32657
32695
32484
32695
32481
32415
32603
32546
32753
32433
32722
32674
32612
32585
32617
32662
32800
32504
32697
32614
32559
32817
32652
32653
32759
32564
32808
32515
32680
32698
32521
32712
32756
32550
32895
32473
32749
32781
32709
32767
32541
32675
32582
32498
32772
32734
32555
32571
32488
32743
32658
32498
32616
32560
32608
32792
32393
32577
32509
32610
32908
32506
32577
32600
32472
32781
32516
32694
32594
32432
32848
32542
32709
32575
32611
32834
32556
32647
32607
32720
32607
32604
32501
32616
32646
32717
32746
32588
32719
32714
32572
32568
32392
32402
32744
32608
32695
32550
32604
32649
32565
32537
32540
32518
32578
32557
32601
32600
32659
32512
32522
32580
32677
32724
32480
32671
32708
32607
32601
32640
32543
32482
32540
32622
32464
32552
32741
32488
32641
32838
32670
32551
32478
32578
32755
32742
32578
32601
32544
32647
32561
32607
32604
32563
32742
32697
32722
32814
32657
32531
32600
32472
32627
32509
32555
32591
32475
32689
32672
32556
32750
32493
32604
32499
32499
32725
32689
32747
32694
32636
32636
32541
32699
32575
32474
32648
32588
32466
32833
32597
32527
32605
32762
32697
32669
32648
32777
32685
32653
32641
32536
32606
32802
32818
32628
32377
32768
32704
32607
32707
32518
32619
32846
32552
32725
32531
32705
32887
32625
32519
32587
32615
32529
32765
32709
32620
32672
32747
32654
32666
32602
32694
32645
32654
32663
32710
32477
32670
32899
32470
32554
32677
32623
32666
32484
32753
32787
32610
32602
32556
32583
32697
32657
32505
32587
32543
32639
32562
32392
32532
32701
32678
32620
32558
32778
32735
32781
32687
32402
32798
32595
32510
32675
32581
32626
32633
32480
32703
32651
32572
32752
32613
32582
32802
32543
32396
32611
32717
32682
32341
32627
32624
32696
32780
32460
32565
32412
32580
32775
32605
32629
32526
32515
32791
32337
32483
32529
32573
32622
32533
32515
32485
32547
32657
32530
32569
32593
32628
32595
32479
32605
32704
32611
32583
32533
32567
32526
32442
32379
32640
32554
32728
32411
32761
32776
32548
32686
32448
32779
32696
32502
32668
32397
32613
32719
32610
32746
32498
32686
32884
32460
32711
32539
32775
32838
32707
32735
32405
32554
32720
32404
32597
32659
32484
32741
32571
32690
32779
32421
32837
32656
32547
32723
32644
32643
32509
32723
32556
32587
32808
32660
32694
32597
32535
32796
32512
32694
32632
32585
32744
32555
32865
32616
32594
32832
32467
32750
32440
32734
32796
32491
32826
32620
32685
32852
32382
32666
32452
32466
32720
32412
32652
32708
32637
32856
32517
32548
32610
32508
32541
32460
32707
32724
32455
32618
32587
32583
32730
32607
32529
32499
32691
32824
32561
32623
32692
32546
32746
32440
32585
32628
32621
32705
32362
32637
32822
32438
32706
32552
32681
32762
32570
32582
32463
32797
32706
32465
32698
32447
32480
32706
32561
32659
32432
32681
32775
32606
32515
32687
32715
32639
32688
32368
32413
32711
32646
32695
32462
32740
32630
32674
32737
32543
32655
32624
32693
32818
32490
32559
32563
32500
32560
32745
32837
32664
32473
32597
32693
32530
32572
32678
32612
32656
32738
32579
32534
32709
32633
32625
32596
32482
32775
32552
32532
32593
32634
32642
32495
32623
32612
32774
32909
32478
32598
32488
32466
32534
32451
32467
32636
32427
32742
32645
32487
32668
32588
32573
32735
32515
32471
32653
32453
32582
32546
32652
32621
32706
32820
32665
32734
32625
32625
32729
32620
32644
32705
32506
32692
32636
32357
32698
32707
32703
32758
32763
32684
32661
32669
32770
32594
32644
32703
32739
32805
32548
32676
32577
32495
32658
32688
32742
32776
32360
32642
32670
32536
32667
32517
32777
32522
32582
32709
32539
32799
32774
32674
32613
32568
32812
32566
32581
32580
32705
32603
32678
32700
32643
32571
32869
32589
32654
32564
32689
32876
32498
32534
32574
32688
32839
32435
32688
32766
32582
32742
32329
32684
32714
32752
32826
32552
32608
32683
32655
32665
32359
32550
32676
32525
32476
32556
32554
32716
32849
32803
32590
32455
32601
32877
32610
32496
32733
32586
32582
32758
32715
32636
32494
32649
32723
32454
32703
32745
32625
32534
32610
32634
32533
32741
32806
32539
32455
32543
32543
32749
32416
32544
32655
32703
32779
32521
32399
32692
32741
32608
32507
32440
32563
32748
32889
32521
32500
32751
32660
32674
32639
32418
32650
32849
32706
32756
32460
32596
32751
32502
32561
32609
32636
32682
32797
32752
32493
32625
32675
32542
32689
32406
32680
32754
32453
32607
32691
32619
32836
32647
32506
32670
32547
32562
32703
32650
32633
32460
32690
32636
32700
32691
32459
32734
32679
32488
32654
32448
32564
32655
32801
32807
32491
32396
32822
32534
32656
32699
32529
32644
32587
32564
32797
32622
32639
32680
32656
32843
32584
32602
32710
32648
32669
32722
32652
32460
32595
32655
32679
32666
32774
32577
32648
32780
32806
32730
32561
32656
32720
32758
32566
32582
32533
32530
32881
32604
32521
32705
32774
32705
32535
32494
32604
32639
32675
32693
32677
32593
32672
32481
32345
32559
32789
32657
32575
32593
32518
32510
32444
32549
32630
32645
32576
32512
32528
32582
32634
32743
32700
32763
32674
32584
32761
32548
32700
32696
32470
32893
32502
32542
32599
32651
32723
32658
32618
32675
32436
32619
32670
32730
32555
32617
32724
32611
32642
32587
32468
32626
32657
32561
32584
32457
32664
32611
32607
32802
32481
32409
32626
32899
32750
32461
32582
32364
32593
32727
32623
32623
32420
32779
32657
32502
32734
32682
32571
32582
32689
32644
32510
32562
32600
32530
32828
32657
32531
32568
32793
32738
32568
32557
32747
32578
32691
32590
32480
32623
32881
32784
32457
32451
32791
32701
32817
32545
32384
32706
32607
32691
32554
32532
32780
32568
32718
32394
32444
32706
32753
32845
32430
32541
32621
32438
32686
32741
32621
32726
32536
32617
32578
32394
32498
32591
32642
32628
32435
32588
32519
32764
32846
32645
32558
32374
32702
32751
32667
32669
32558
32391
32629
32641
32595
32514
32729
32612
32529
32720
32490
32788
32589
32557
32854
32540
32552
32678
32534
32682
32739
32741
32612
32559
32694
32461
32830
32695
32457
32589
32504
32639
32719
32677
32683
32599
32629
32710
32491
32360
32599
32718
32664
32574
32571
32679
32507
32643
32788
32524
32589
32628
32597
32592
32490
32619
32565
32645
32771
32717
32654
32557
32435
32624
32397
32755
32635
32427
32637
32717
32758
32624
32421
32620
32706
32740
32603
32252
32460
32683
32930
32589
32470
32759
32468
32593
32544
32546
32632
32652
32758
32569
32490
32438
32474
32518
32719
32607
32497
32441
32676
32625
32578
32607
32580
32769
32574
32567
32433
32523
32746
32629
32604
32682
32559
32348
32699
32639
32571
32628
32829
32572
32458
32639
32687
32564
32567
32611
32638
32934
32663
32474
32442
32497
32673
32635
32525
32654
32637
32684
32547
32604
32488
32534
32523
32560
32434
32783
32726
32361
32607
32701
32617
32757
32530
32602
32625
32507
32637
32409
32411
32649
32700
32767
32415
32698
32678
32535
32692
32628
32629
32672
32458
32650
32671
32622
32605
32537
32690
32477
32616
32614
32489
32764
32644
32493
32509
32390
32608
32615
32475
32470
32669
32648
32611
32794
32595
32400
32569
32557
32832
32642
32434
32559
32660
32738
32668
32586
32429
32533
32803
32435
32600
32632
32761
32763
32555
32618
32577
32569
32826
32729
32609
32545
32596
32666
32466
32669
32720
32453
32747
32630
32629
32761
32508
32715
32794
32669
32623
32365
32641
32555
32588
32669
32659
32610
32705
32742
32729
32558
32612
32597
32704
32816
32510
32601
32489
32549
32623
32597
32617
32670
32890
32624
32612
32418
32624
32577
32671
32528
32464
32540
32718
32575
32555
32410
32543
32658
32665
32647
32574
32775
32564
32534
32609
32407
32660
32547
32363
32565
32582
32590
32601
32501
32827
32736
32489
32478
32381
32593
32656
32534
32476
32327
32816
32661
32570
32546
32468
32606
32679
32444
32582
32475
32765
32561
32444
32618
32474
32548
32414
32545
32632
32425
32773
32495
32524
32782
32471
32664
32486
32652
32728
32412
32740
32653
32662
32673
32578
32628
32600
32813
32618
32520
32451
32648
32555
32569
32700
32709
32526
32748
32745
32540
32527
32582
32533
32606
32579
32514
32434
32687
32781
32680
32593
32570
32686
32451
32579
32574
32492
32541
32625
32782
32608
32706
32701
32705
32691
32630
32547
32673
32750
32760
32523
32517
32551
32495
32791
32665
32724
32458
32858
32776
32632
32680
32583
32748
32703
32573
32537
32564
32783
32547
32533
32603
32621
32718
32661
32506
32517
32575
32612
32423
32444
32514
32680
32758
32559
32572
32632
32591
32842
32595
32534
32706
32607
32777
32490
32477
32657
32636
32579
32548
32767
32669
32632
32832
32560
32519
32640
32604
32732
32527
32785
32677
32576
32589
32497
32566
32519
32729
32576
32353
32767
32580
32574
32668
32626
32911
32636
32379
32499
32493
32773
32491
32450
32546
32467
32958
32454
32549
32707
32596
32967
32649
32375
32721
32663
32619
32633
32600
32660
32644
32785
32444
32561
32752
32731
32698
32379
32433
32794
32867
32639
32482
32642
32672
32565
32617
32515
32741
32648
32644
32596
32346
32517
32765
32596
32701
32482
32699
32672
32425
32517
32731
32704
32641
32416
32616
32651
32820
32793
32621
32540
32703
32728
32633
32575
32472
32579
32690
32712
32675
32540
32654
32714
32521
32381
32594
32661
32548
32682
32631
32427
32491
32648
32642
32584
32559
32535
32675
32707
32535
32628
32509
32681
32621
32558
32462
32461
32511
32871
32603
32531
32711
32547
32563
32716
32569
32603
32541
32677
32622
32548
32554
32628
32761
32633
32547
32480
32502
32570
32834
32476
32542
32551
32525
32528
32371
32539
32676
32753
32656
32666
32722
32649
32437
32581
32571
32589
32599
32523
32615
32393
32731
32720
32585
32791
32601
32564
32665
32469
32689
32582
32603
32510
32475
32674
32597
32657
32638
32439
32733
32555
32338
32545
32608
32780
32681
32638
32460
32355
32597
32493
32713
32716
32439
32492
32558
32550
32695
32534
32513
32456
32621
32602
32689
32503
32486
32788
32672
32529
32456
32483
32736
32632
32643
32589
32493
32623
32781
32635
32558
32595
32746
32704
32628
32739
32560
32842
32375
32491
32666
32512
32705
32655
32679
32515
32597
32562
32678
32582
32713
32641
32669
32603
32513
32578
32354
32601
32757
32718
32374
32643
32640
32548
32749
32630
32510
32600
32618
32586
32658
32556
32530
32667
32717
32589
32749
32578
32560
32666
32750
32550
32596
32776
32734
32658
32628
32606
32705
32693
32677
32788
32612
32720
32655
32495
32938
32711
32522
32512
32697
32693
32609
32774
32697
32662
32841
32509
32584
32577
32521
32945
32625
32449
32613
32609
32712
32788
32580
32557
32630
32593
32627
32649
32478
32678
32810
32759
32433
32658
32655
32653
32768
32474
32603
32472
32520
32749
32637
32705
32692
32640
32485
32554
32665
32636
32559
32493
32463
32915
32563
32433
32473
32494
32901
32598
32363
32379
32574
32857
32650
32402
32466
32507
32827
32618
32478
32499
32361
32713
32654
32461
32414
32398
32788
32768
32495
32746
32575
32520
32756
32393
32515
32621
32469
32856
32382
32549
32715
32563
32790
32503
32659
32775
32423
32829
32584
32695
32884
32522
32697
32575
32459
32779
32558
32665
32759
32548
32843
32515
32510
32583
32658
32685
32631
32417
32812
32657
32608
32731
32578
32698
32558
32626
32596
32629
32686
32678
32378
32564
32651
32665
32693
32568
32626
32423
32707
32628
32456
32613
32705
32652
32651
32526
32498
32628
32634
32877
32460
32414
32728
32849
32587
32472
32651
32553
32769
32521
32614
32615
32488
32814
32647
32545
32671
32655
32478
32603
32652
32669
32583
32536
32583
32669
32768
32556
32650
32772
32774
32763
32430
32525
32763
32385
32592
32541
32635
32614
32652
32541
32690
32557
32762
32592
32611
32698
32584
32868
32509
32562
32769
32354
32643
32647
32600
32630
32538
32745
32597
32562
32700
32527
32670
32553
32540
32712
32410
32643
32614
32477
32676
32522
32557
32503
32575
32754
32485
32555
32488
32552
32827
32511
32424
32722
32673
32693
32506
32536
32507
32522
32730
32702
32611
32766
32734
32586
32528
32638
32721
32634
32500
32702
32406
32616
32715
32442
32612
32676
32844
32736
32424
32826
32610
32787
32603
32471
32826
32537
32613
32501
32527
32610
32651
32869
32785
32444
32613
32515
32685
32553
32535
32660
32519
32775
32550
32532
32649
32622
32802
32639
32496
32545
32710
32705
32572
32815
32727
32572
32496
32617
32667
32676
32657
32724
32544
32507
32737
32544
32620
32650
32662
32700
32849
32682
32608
32624
32785
32710
32553
32666
32660
32601
32575
32644
32565
32708
32797
32722
32625
32645
32808
32691
32658
32869
32710
32607
32631
32675
32753
32638
32573
32706
32472
32631
32494
32598
32823
32676
32693
32752
32518
32554
32608
32542
32559
32371
32712
32520
32568
32766
32531
32607
32588
32574
32726
32521
32554
32467
32637
32748
32458
32528
32448
32600
32658
32522
32699
32665
32751
32632
32478
32558
32385
32705
32579
32548
32689
32433
32626
32541
32635
32828
32607
32504
32298
32544
32759
32595
32625
32445
32568
32650
32366
32626
32621
32688
32697
32535
32538
32558
32463
32632
32724
32615
32570
32670
32426
32592
32655
32719
32819
32746
32466
32482
32803
32569
32720
32656
32450
32717
32576
32577
32644
32519
32542
32585
32778
32563
32723
32711
32605
32676
32599
32380
32569
32651
32575
32509
32483
32514
32744
32581
32524
32559
32652
32679
32505
32611
32619
32608
32653
32408
32546
32576
32562
32742
32441
32535
32526
32344
32662
32547
32599
32518
32527
32707
32525
32516
32508
32497
32752
32606
32481
32661
32484
32676
32567
32524
32362
32599
32698
32684
32463
32499
32565
32609
32822
32603
32543
32585
32530
32757
32688
32454
32628
32540
32604
32718
32444
32589
32575
32645
32758
32506
32375
32680
32648
32611
32441
32611
32739
32599
32753
32736
32611
32748
32535
32533
32453
32693
32815
32543
32363
32606
32736
32693
32517
32639
32575
32619
32696
32596
32628
32595
32680
32614
32579
32447
32600
32727
32645
32643
32629
32736
32636
32674
32515
32732
32627
32428
32830
32605
32513
32804
32505
32623
32671
32559
32987
32561
32615
32598
32519
32612
32679
32759
32522
32625
32692
32628
32571
32558
32524
32628
32851
32641
32468
32441
32530
32656
32668
32501
32640
32470
32644
32626
32392
32693
32526
32840
32687
32416
32701
32499
32563
32776
32657
32565
32525
32580
32750
32619
32616
32634
32492
32679
32585
32714
32617
32420
32731
32579
32431
32831
32687
32560
32427
32541
32582
32576
32592
32607
32516
32832
32607
32393
32488
32446
32531
32605
32675
32450
32444
32580
32891
32705
32449
32495
32569
32529
32794
32537
32310
32583
32600
32816
32561
32451
32805
32524
32696
32619
32486
32439
32436
32756
32731
32605
32816
32657
32454
32598
32546
32692
32731
32607
32520
32420
32595
32590
32710
32480
32626
32686
32651
32642
32487
32737
32644
32779
32849
32455
32665
32581
32651
32742
32655
32634
32592
32544
32688
32741
32584
32623
32534
32778
32658
32425
32537
32747
32561
32651
32452
32827
32758
32597
32725
32632
32778
32694
32479
32519
32579
32650
32805
32349
32631
32567
32680
32795
32533
32579
32599
32612
32834
32365
32673
32639
32645
32806
32457
32558
32678
32340
32705
32500
32387
32607
32596
32665
32529
32631
32784
32523
32572
32553
32590
32683
32410
32391
32455
32589
32927
32527
32402
32699
32648
32677
32616
32620
32622
32581
32653
32492
32570
32606
32726
32790
32784
32602
32626
32684
32716
32573
32530
32424
32711
32649
32473
32576
32645
32763
32766
32719
32550
32619
32743
32581
32393
32545
32759
32694
32461
32506
32594
32622
32676
32567
32652
32623
32663
32537
32494
32503
32806
32882
32547
32416
32559
32554
32595
32491
32656
32691
32568
32634
32598
32467
32607
32602
32749
32612
32428
32508
32449
32500
32708
32513
32485
32480
32531
32665
32569
32396
32642
32538
32771
32567
32574
32519
32585
32884
32660
32785
32687
32681
32716
32554
32613
32479
32423
32698
32689
32730
32432
32680
32778
32611
32788
32555
32771
32768
32538
32545
32454
32580
32710
32617
32630
32598
32607
32699
32541
32738
32555
32662
32712
32588
32579
32681
32588
32580
32674
32747
32631
32538
32684
32585
32445
32608
32549
32715
32683
32514
32525
32563
32648
32770
32612
32682
32684
32688
32604
32535
32574
32570
32814
32669
32430
32330
32559
32816
32691
32647
32612
32628
32840
32580
32593
32577
32572
32601
32666
32547
32511
32599
32572
32548
32656
32499
32502
32747
32613
32664
32525
32541
32822
32694
32603
32618
32553
32572
32679
32661
32468
32601
32570
32694
32645
32615
32632
32901
32717
32398
32491
32635
32533
32787
32437
32583
32594
32635
32736
32551
32658
32732
32693
32574
32601
32617
32626
32781
32659
32347
32729
32768
32598
32612
32598
32825
32543
32563
32732
32400
32533
32565
32743
32621
32604
32826
32649
32799
32723
32377
32604
32537
32641
32664
32562
32507
32775
32718
32600
32829
32473
32536
32874
32531
32642
32460
32616
32584
32775
32754
32620
32674
32601
32581
32696
32344
32578
32604
32509
32631
32538
32485
32591
32589
32783
32736
32572
32518
32723
32704
32478
32368
32382
32394
32895
32712
32503
32470
32559
32826
32584
32536
32535
32471
32654
32686
32598
32644
32541
32763
32602
32566
32635
32685
32627
32626
32767
32663
32784
32498
32783
32537
32740
32789
32418
32447
32551
32816
32627
32533
32705
32513
32776
32598
32507
32769
32664
32812
32637
32482
32472
32736
32659
32525
32529
32478
32630
32851
32657
32599
32840
32689
32481
32535
32549
32489
32752
32531
32496
32549
32553
32747
32701
32623
32610
32798
32682
32598
32579
32497
32493
32795
32611
32624
32472
32547
32846
32606
32663
32531
32671
32737
32607
32606
32575
32617
32676
32716
32762
32460
32571
32634
32573
32734
32766
32633
32547
32789
32760
32715
32590
32475
32741
32586
32635
32663
32450
32757
32761
32694
32634
32460
32549
32821
32763
32571
32482
32550
32783
32736
32603
32798
32473
32667
32651
32485
32629
32437
32793
32478
32642
32698
32583
32710
32630
32637
32540
32445
32713
32697
32473
32573
32606
32538
32595
32646
32690
32619
32752
32659
32458
32589
32554
32515
32700
32715
32695
32653
32576
32806
32573
32658
32651
32655
32630
32646
32732
32727
32390
32823
32776
32518
32629
32491
32794
32794
32546
32749
32653
32614
32665
32612
32596
32495
32785
32712
32278
32562
32528
32507
32804
32654
32676
32462
32405
32595
32553
32639
32660
32565
32799
32478
32499
32601
32510
32749
32629
32545
32514
32392
32570
32656
32649
32781
32578
32648
32644
32607
32716
32358
32751
32697
32363
32641
32602
32608
32656
32660
32737
32487
32709
32853
32589
32595
32702
32847
32504
32593
32775
32545
32591
32516
32607
32545
32580
32740
32676
32524
32611
32704
32609
32476
32586
32661
32489
32730
32622
32479
32619
32617
32797
32659
32483
32732
32765
32706
32552
32568
32721
32607
32769
32783
32661
32755
32492
32756
32658
32631
32755
32609
32779
32724
32675
32738
32625
32533
32826
32560
32676
32614
32553
32755
32655
32525
32811
32633
32590
32700
32524
32546
32680
32718
32625
32616
32851
32527
32654
32525
32430
32519
32804
32691
32607
32547
32524
32660
32480
32532
32658
32569
32826
32481
32394
32600
32579
32691
32649
32535
32603
32460
32480
32594
32573
32695
32582
32542
32492
32478
32720
32608
32617
32795
32630
32430
32523
32322
32455
32644
32562
32744
32538
32439
32766
32442
32572
32584
32721
32653
32475
32659
32400
32381
32658
32624
32770
32544
32641
32731
32345
32418
32622
32502
32619
32459
32543
32439
32595
32687
32726
32631
32628
32654
32463
32459
32394
32499
32603
32650
32608
32601
32779
32753
32418
32637
32475
32615
32797
32413
32684
32406
32687
32770
32593
32600
32459
32630
32739
32693
32577
32510
32605
32547
32633
32485
32521
32499
32690
32673
32490
32484
32418
32505
32677
32480
32609
32465
32545
32792
32558
32668
32617
32407
32545
32697
32659
32484
32371
32724
32467
32732
32555
32655
32739
32512
32615
32492
32382
32617
32637
32377
32503
32759
32637
32494
32417
32450
32504
32654
32631
32492
32457
32553
32515
32473
32491
32584
32621
32554
32633
32469
32372
32541
32549
32540
32532
32498
32610
32489
32487
32604
32403
32383
32483
32473
32643
32595
32692
32643
32396
32589
32567
32462
32573
32501
32747
32572
32581
32631
32427
32711
32703
32717
32598
32417
32596
32837
32569
32528
32559
32641
32715
32487
32785
32636
32663
32704
32716
32701
32548
32626
32714
32579
32660
32682
32759
32559
32684
32762
32501
32786
32610
32559
32777
32560
32551
32417
32389
32690
32689
32696
32481
32753
32669
32563
32719
32420
32654
32723
32621
32725
32453
32557
32634
32642
32588
32695
32624
32417
32645
32635
32665
32704
32616
32418
32842
32733
32380
32465
32678
32700
32785
32651
32670
32509
32475
32622
32525
32696
32608
32598
32626
32671
32782
32527
32345
32464
32635
32765
32570
32459
32668
32681
32693
32488
32438
32557
32587
32742
32555
32274
32655
32583
32664
32699
32567
32728
32440
32611
32779
32389
32549
32683
32707
32869
32401
32568
32607
32601
32753
32609
32564
32369
32671
32777
32589
32713
32775
32548
32604
32566
32586
32785
32624
32532
32597
32623
32617
32512
32413
32686
32523
32821
32478
32561
32593
32763
32930
32462
32490
32639
32581
32793
32527
32737
32420
32648
32851
32474
32657
32665
32621
32865
32419
32696
32428
32541
32832
32568
32749
32443
32553
32871
32369
32782
32541
32456
32907
32506
32432
32568
32439
32711
32688
32805
32502
32427
32773
32458
32787
32435
32445
32828
32735
32818
32618
32453
32628
32625
32609
32445
32523
32742
32533
32738
32518
32580
32624
32476
32706
32629
32619
32719
32567
32506
32486
32692
32658
32460
32737
32687
32689
32569
32566
32651
32450
32626
32649
32681
32813
32563
32647
32594
32628
32537
32748
32674
32530
32562
32670
32595
32577
32520
32737
32594
32762
32554
32491
32725
32546
32868
32562
32403
32768
32488
32604
32590
32640
32718
32626
32766
32462
32506
32646
32473
32867
32569
32433
32782
32571
32621
32710
32592
32655
32448
32697
32390
32527
32512
32664
32570
32603
32724
32515
32683
32672
32720
32680
32453
32659
32686
32356
32675
32603
32547
32585
32610
32698
32558
32727
32677
32625
32736
32576
32596
32672
32418
32668
32789
32358
32540
32687
32509
32763
32498
32547
32714
32586
32586
32647
32509
32614
32705
32566
32794
32541
32691
32504
32625
32603
32510
32674
32739
32621
32615
32439
32444
32620
32579
32694
32593
32469
32778
32498
32460
32564
32447
32800
32771
32453
32654
32358
32759
32734
32692
32648
32468
32806
32747
32651
32669
32581
32594
32744
32511
32705
32618
32658
32829
32440
32583
32486
32696
32722
32429
32646
32488
32502
32864
32444
32724
32706
32599
32814
32227
32536
32601
32770
32825
32398
32776
32590
32502
32643
32587
32604
32676
32666
32497
32305
32707
32760
32780
32651
32541
32650
32648
32463
32659
32455
32747
32708
32598
32502
32409
32670
32560
32708
32495
32449
32832
32762
32546
32450
32679
32526
32629
32546
32434
32544
32477
32730
32728
32531
32745
32610
32617
32751
32468
32654
32354
32481
32598
32410
32659
32421
32672
32757
32708
32722
32421
32733
32777
32491
32652
32489
32514
32558
32758
32641
32641
32681
32707
32682
32681
32614
32796
32631
32528
32736
32673
32639
32717
32557
32622
32484
32602
32578
32746
32746
32708
32815
32509
32581
32811
32637
32632
32700
32557
32637
32729
32637
32630
32520
32646
32789
32571
32524
32595
32461
32565
32644
32796
32552
32415
32885
32652
32681
32614
32544
32766
32636
32663
32651
32538
32636
32731
32721
32662
32561
32770
32656
32678
32854
32530
32713
32530
32704
32729
32687
32590
32614
32624
32729
32685
32687
32715
32665
32698
32478
32703
32504
32499
32816
32570
32626
32514
32670
32713
32555
32636
32445
32684
32767
32591
32781
32649
32797
32718
32623
32668
32744
32757
32479
32555
32721
32696
32815
32772
32687
32545
32612
32732
32520
32765
32725
32731
32722
32667
32550
32691
32584
32649
32733
32553
32478
32442
32665
32865
32711
32641
32420
32616
32687
32409
32716
32610
32650
32651
32589
32566
32537
32616
32658
32457
32750
32589
32463
32511
32687
32775
32668
32454
32594
32509
32567
32630
32599
32559
32628
32522
32652
32529
32597
32745
32404
32539
32643
32337
32677
32604
32592
32784
32439
32711
32689
32695
32866
32524
32827
32537
32601
32813
32436
32473
32534
32593
32802
32480
32777
32790
32468
32573
32420
32605
32652
32615
32507
32405
32720
32545
32743
32615
32633
32809
32440
32639
32588
32676
32770
32561
32716
32623
32649
32865
32767
32659
32520
32757
32640
32364
32686
32707
32738
32577
32694
32782
32687
32764
32574
32504
32528
32678
32752
32657
32693
32621
32579
32510
32434
32669
32714
32554
32569
32651
32618
32482
32586
32422
32746
32790
32418
32488
32573
32636
32734
32570
32634
32607
32450
32620
32643
32596
32674
32506
32540
32531
32645
32591
32469
32617
32716
32623
32623
32528
32376
32566
32512
32660
32638
32577
32654
32654
32749
32678
32551
32528
32763
32621
32633
32478
32432
32498
32615
32842
32756
32673
32468
32662
32750
32519
32561
32545
32772
32644
32698
32466
32473
32593
32652
32704
32599
32534
32712
32699
32494
32440
32580
32344
32809
32726
32383
32639
32692
32528
32664
32417
32577
32678
32658
32764
32494
32611
32738
32539
32627
32485
32659
32602
32443
32727
32536
32752
32587
32547
32867
32463
32552
32492
32517
32751
32586
32713
32572
32364
32742
32519
32652
32619
32582
32658
32323
32534
32592
32589
32540
32634
32653
32619
32665
32533
32408
32763
32786
32587
32438
32493
32653
32518
32722
32590
32482
32761
32538
32726
32547
32679
32979
32562
32567
32647
32468
32626
32687
32570
32515
32450
32764
32767
32629
32685
32598
32538
32502
32629
32624
32599
32573
32888
32450
32544
32682
32594
32651
32572
32644
32578
32433
32615
32644
32514
32654
32730
32547
32569
32667
32800
32700
32516
32725
32563
32369
32569
32454
32460
32641
32572
32717
32466
32552
32677
32659
32596
32530
32663
32566
32452
32657
32684
32529
32571
32670
32643
32564
32431
32651
32676
32618
32680
32415
32631
32677
32517
32686
32383
32385
32595
32413
32702
32610
32716
32754
32597
32564
32501
32693
32623
32496
32717
32348
32443
32634
32765
32689
32497
32760
32545
32615
32737
32599
32760
32566
32631
32687
32510
32418
32605
32603
32626
32760
32713
32488
32662
32707
32528
32713
32577
32539
32681
32736
32720
32732
32578
32620
32596
32574
32725
32702
32571
32451
32650
32549
32411
32641
32604
32572
32724
32740
32497
32447
32479
32683
32516
32671
32616
32408
32606
32559
32533
32702
32578
32586
32685
32625
32405
32567
32412
32571
32740
32712
32577
32447
32612
32623
32769
32417
32511
32602
32799
32627
32486
32417
32564
32700
32789
32505
32493
32537
32610
32660
32425
32403
32621
32553
32778
32618
32394
32347
32627
32606
32556
32652
32503
32331
32718
32677
32526
32480
32663
32735
32508
32601
32498
32457
32517
32793
32827
32640
32582
32631
32654
32503
32443
32482
32468
32569
32648
32671
32508
32666
32647
32703
32449
32505
32490
32789
32694
32380
32604
32353
32616
32639
32633
32521
32590
32680
32662
32594
32456
32560
32774
32692
32491
32581
32615
32640
32604
32630
32489
32645
32698
32529
32758
32681
32558
32702
32595
32644
32605
32590
32597
32583
32688
32764
32733
32572
32608
32631
32644
32584
32557
32431
32501
32577
32588
32723
32463
32527
32485
32668
32758
32601
32514
32586
32693
32664
32606
32506
32486
32648
32824
32434
32577
32358
32643
32688
32459
32672
32516
32521
32757
32592
32391
32598
32671
32442
32692
32606
32751
32682
32549
32808
32653
32448
32688
32636
32646
32655
32816
32627
32566
32698
32753
32512
32540
32742
32775
32684
32562
32638
32628
32751
32759
32655
32508
32800
32687
32704
32577
32427
32720
32694
32783
32659
32362
32688
32629
32535
32647
32608
32600
32613
32773
32708
32716
32596
32619
32591
32642
32474
32692
32595
32653
32615
32563
32668
32506
32616
32483
32749
32670
32438
32720
32654
32451
32633
32567
32657
32710
32562
32616
32488
32724
32580
32508
32568
32542
32752
32552
32580
32717
32647
32762
32598
32548
32544
32677
32857
32417
32329
32575
32489
33023
32513
32436
32564
32508
32717
32540
32448
32676
32499
32850
32703
32405
32573
32509
32603
32842
32474
32571
32489
32730
32869
32403
32466
32568
32414
32849
32679
32559
32653
32583
32681
32722
32487
32695
32490
32750
32736
32481
32756
32490
32628
32630
32620
32739
32596
32695
32535
32598
32677
32477
32720
32701
32432
32667
32537
32539
32797
32425
32624
32581
32652
32657
32627
32642
32483
32816
32800
32393
32800
32433
32521
32878
32554
32593
32668
32450
32577
32729
32690
32701
32586
32797
32678
32611
32534
32461
32720
32587
32593
32587
32409
32668
32755
32573
32677
32581
32744
32717
32435
32503
32625
32559
32613
32734
32391
32413
32754
32647
32699
32529
32688
32668
32517
32506
32444
32638
32702
32577
32627
32584
32694
32819
32335
32707
32621
32607
32685
32482
32719
32497
32658
32832
32672
32804
32576
32534
32666
32372
32704
32485
32485
32701
32649
32646
32430
32548
32617
32640
32679
32513
32600
32479
32495
32563
32515
32807
32680
32460
32640
32678
32653
32693
32645
32732
32639
32682
32473
32603
32613
32865
32596
32633
32575
32704
32743
32514
32704
32645
32848
32830
32480
32603
32709
32574
32773
32433
32554
32683
32597
32765
32377
32420
32572
32635
32670
32399
32550
32729
32676
32838
32517
32586
32671
32550
32773
32436
32495
32791
32474
32544
32687
32586
32636
32634
32693
32721
32390
32697
32584
32694
32808
32428
32609
32657
32555
32801
32532
32567
32713
32488
32626
32476
32454
32633
32436
32943
32626
32352
32520
32472
32805
32556
32508
32527
32605
32797
32568
32724
32530
32489
32812
32525
32343
32513
32579
32655
32469
32676
32597
32544
32562
32604
32771
32581
32528
32403
32398
32512
32674
32708
32523
32491
32527
32658
32616
32671
32574
32555
32491
32564
32528
32576
32461
32748
32640
32574
32536
32340
32558
32661
32845
32771
32455
32581
32598
32673
32654
32540
32705
32710
32584
32422
32580
32597
32607
32576
32782
32540
32680
32836
32772
32617
32582
32525
32557
32678
32649
32500
32469
32659
32642
32781
32458
32564
32638
32616
32842
32584
32639
32525
32628
32696
32499
32538
32701
32638
32760
32413
32460
32553
32646
32725
32578
32500
32661
32859
32715
32481
32574
32757
32520
32584
32449
32403
32725
32867
32631
32500
32568
32755
32490
32475
32615
32736
32816
32546
32774
32499
32765
32715
32517
32627
32505
32688
32656
32657
32600
32640
32775
32764
32675
32533
32573
32747
32554
32646
32579
32453
32787
32646
32590
32655
32759
32895
32540
32553
32465
32687
32729
32619
32481
32438
32681
32806
32618
32612
32825
32596
32658
32703
32541
32655
32609
32585
32663
32637
32566
32802
32691
32747
32553
32808
32695
32523
32687
32701
32669
32826
32697
32695
32730
32735
32713
32566
32600
32531
32716
32713
32549
32848
32622
32558
32775
32553
32691
32634
32488
32637
32675
32745
32662
32606
32522
32465
32696
32638
32618
32724
32656
32659
32691
32533
32561
32579
32610
32630
32732
32547
32685
32525
32730
32805
32526
32617
32765
32685
32743
32681
32753
32574
32730
32805
32643
32703
32784
32597
32613
32695
32538
32744
32684
32521
32640
32447
32653
32746
32677
32645
32620
32651
32620
32575
32591
32611
32790
32792
32570
32614
32439
32648
32672
32671
32483
32355
32537
32308
32710
32568
32572
32548
32833
32684
32504
32444
32615
32824
32675
32589
32503
32475
32753
32608
32683
32678
32537
32716
32430
32543
32766
32372
32821
32469
32669
32815
32458
32676
32628
32660
32734
32527
32649
32585
32471
32620
32587
32794
32510
32628
32902
32555
32810
32684
32629
32677
32567
32624
32517
32663
32611
32722
32644
32831
32573
32600
32584
32733
32845
32632
32460
32499
32704
32670
32687
32392
32703
32681
32688
32645
32492
32597
32600
32612
32753
32449
32763
32590
32526
32786
32446
32575
32609
32532
32814
32671
32493
32438
32477
32410
32610
32675
32431
32594
32734
32573
32675
32511
32467
32548
32616
32582
32444
32531
32542
32585
32715
32604
32581
32484
32528
32786
32644
32508
32626
32580
32538
32663
32621
32637
32410
32507
32622
32312
32694
32688
32648
32612
32549
32612
32500
32613
32914
32580
32543
32625
32554
32674
32573
32596
32699
32563
32698
32628
32483
32501
32640
32618
32617
32762
32660
32724
32640
32676
32663
32722
32394
32691
32803
32735
32553
32684
32713
32657
32772
32745
32588
32591
32674
32522
32525
32688
32760
32715
32470
32735
32660
32646
32728
32588
32672
32525
32621
32749
32543
32773
32556
32635
32819
32580
32685
32539
32705
32643
32778
32881
32441
32744
32733
32386
32656
32388
32546
32621
32502
32558
32476
32467
32589
32531
32598
32563
32754
32498
32555
32589
32553
32620
32400
32587
32571
32710
32641
32510
32759
32318
32544
32686
32478
32618
32464
32663
32566
32358
32603
32576
32611
32575
32476
32635
32459
32744
32713
32317
32599
32647
32554
32494
32532
32643
32417
32655
32735
32642
32461
32601
32704
32494
32594
32819
32483
32640
32634
32702
32664
32510
32641
32538
32773
32651
32345
32551
32617
32585
32672
32666
32791
32675
32689
32714
32417
32512
32745
32672
32738
32608
32663
32615
32323
32490
32666
32505
32617
32462
32532
32818
32502
32466
32594
32570
32584
32435
32491
32603
32674
32811
32555
32512
32590
32476
32840
32661
32473
32607
32469
32686
32569
32547
32800
32711
32639
32586
32606
32635
32721
32571
32583
32512
32852
32776
32730
32825
32626
32635
32479
32433
32645
32652
32666
32809
32566
32482
32566
32445
32520
32756
32692
32456
32589
32413
32519
32672
32654
32708
32645
32617
32361
32522
32501
32659
32676
32521
32610
32727
32376
32478
32525
32472
32797
32752
32487
32433
32655
32628
32775
32574
32533
32705
32764
32647
32554
32537
32849
32641
32528
32610
32640
32684
32704
32862
32595
32562
32811
32668
32678
32758
32677
32564
32735
32525
32606
32507
32791
32726
32462
32645
32577
32686
32649
32463
32766
32454
32628
32758
32440
32663
32535
32601
32616
32474
32733
32479
32699
32703
32316
32539
32553
32716
32755
32532
32758
32532
32361
32602
32457
32577
32647
32545
32595
32433
32656
32577
32658
32613
32630
32782
32538
32602
32650
32618
32714
32746
32335
32649
32743
32654
32684
32298
32527
32792
32632
32745
32490
32592
32714
32597
32643
32636
32694
32748
32480
32665
32401
32646
32868
32431
32615
32679
32709
32808
32407
32610
32703
32476
32686
32322
32268
32569
32755
32861
32453
32543
32726
32427
32653
32459
32569
32719
32464
32777
32611
32622
32639
32499
32726
32507
32418
32552
32441
32620
32750
32833
32575
32435
32604
32650
32564
32550
32469
32512
32540
32770
32606
32540
32426
32740
32686
32497
32713
32721
32644
32606
32652
32611
32643
32749
32711
32624
32684
32724
32776
32663
32549
32813
32697
32488
32728
32463
32541
32572
32881
32734
32510
32735
32776
32549
32791
32623
32581
32642
32635
32509
32378
32505
32716
32584
32753
32698
32576
32531
32542
32754
32540
32672
32767
32432
32576
32624
32599
32602
32458
32671
32586
32729
32601
32511
32747
32758
32634
32571
32595
32681
32776
32670
32585
32586
32592
32720
32516
32766
32616
32508
32810
32552
32486
32641
32667
32723
32586
32592
32563
32609
32652
32466
32650
32459
32788
32749
32373
32692
32625
32595
32709
32651
32622
32345
32811
32562
32283
32611
32624
32592
32733
32522
32627
32710
32621
32751
32532
32737
32777
32678
32610
32531
32683
32744
32582
32550
32537
32598
32803
32343
32588
32722
32559
32865
32576
32562
32691
32678
32650
32627
32617
32476
32621
32726
32649
32567
32611
32558
32767
32699
32710
32442
32698
32549
32732
32828
32373
32561
32625
32657
32799
32458
32489
32606
32519
32727
32600
32560
32648
32488
32806
32619
32497
32770
32315
32586
32687
32369
32483
32401
32600
32819
32478
32536
32405
32560
32604
32676
32623
32320
32545
32565
32433
32495
32462
32523
32553
32625
32602
32632
32428
32699
32919
32580
32424
32508
32463
32712
32577
32638
32443
32423
32743
32741
32643
32562
32686
32623
32512
32604
32554
32560
32695
32753
32651
32600
32449
32725
32415
32591
32774
32623
32569
32592
32719
32491
32723
32694
32513
32763
32568
32685
32769
32572
32740
32545
32569
32703
32491
32717
32647
32758
32589
32486
32612
32569
32566
32596
32363
32679
32646
32550
32609
32414
32571
32777
32481
32536
32557
32423
32623
32666
32552
32529
32421
32812
32671
32616
32453
32522
32575
32580
32619
32696
32563
32712
32743
32314
32494
32591
32510
32569
32628
32565
32466
32696
32525
32628
32547
32735
32862
32624
32473
32464
32618
32566
32719
32637
32547
32647
32577
32683
32550
32660
32632
32661
32787
32390
32387
32703
32628
32853
32546
32582
32669
32481
32690
32647
32417
32589
32566
32600
32701
32425
32768
32601
32693
32903
32266
32602
32751
32517
32809
32400
32763
32713
32524
32704
32370
32507
32789
32537
32784
32433
32526
32858
32411
32583
32671
32483
32651
32452
32438
32723
32482
32739
32650
32678
32904
32296
32616
32686
32735
32868
32397
32514
32548
32623
32757
32472
32432
32540
32663
32881
32601
32528
32599
32520
32575
32433
32439
32664
32624
32489
32650
32556
32390
32618
32718
32720
32635
32602
32520
32693
32498
32753
32760
32588
32684
32647
32678
32642
32541
32534
32593
32686
32573
32508
32716
32745
32542
32620
32640
32569
32589
32563
32436
32529
32396
32552
32567
32699
32746
32615
32653
32615
32499
32692
32441
32780
32715
32457
32461
32731
32622
32501
32589
32588
32715
32680
32588
32547
32638
32702
32779
32525
32376
32422
32757
32845
32503
32632
32613
32621
32643
32405
32423
32674
32706
32548
32550
32500
32669
32723
32517
32647
32481
32672
32542
32644
32594
32393
32697
32581
32555
32831
32590
32535
32495
32529
32801
32603
32372
32589
32573
32625
32591
32470
32426
32705
32796
32792
32499
32385
32756
32542
32724
32587
32523
32784
32557
32795
32602
32382
32550
32642
32762
32613
32521
32796
32688
32632
32520
32425
32561
32559
32679
32432
32508
32636
32614
32770
32492
32546
32593
32569
32673
32579
32491
32605
32705
32650
32741
32615
32579
32454
32673
32502
32520
32658
32322
32598
32787
32605
32547
32559
32569
32928
32603
32512
32412
32631
32750
32459
32683
32557
32407
32700
32673
32719
32558
32563
32777
32423
32642
32559
32500
32643
32661
32940
32596
32412
32679
32485
32482
32655
32628
32546
32506
32543
32626
32614
32639
32555
32658
32715
32464
32701
32547
32517
32671
32659
32523
32517
32610
32824
32690
32427
32611
32486
32623
32656
32766
32607
32549
32698
32699
32498
32412
32796
32468
32558
32547
32563
32774
32600
32751
32841
32509
32668
32583
32458
32682
32531
32832
32414
32638
32802
32374
32855
32657
32498
32819
32441
32608
32678
32360
32636
32612
32584
32717
32599
32709
32514
32565
32634
32411
32856
32730
32538
32577
32523
32590
32502
32559
32769
32520
32585
32556
32727
32741
32349
32594
32598
32565
32785
32532
32451
32485
32670
32868
32475
32553
32715
32483
32773
32497
32671
32722
32532
32725
32513
32642
32897
32583
32790
32623
32683
32752
32476
32594
32659
32712
32702
32627
32729
32730
32628
32687
32568
32609
32395
32608
32676
32618
32562
32641
32628
32535
32623
32677
32680
32666
32446
32493
32674
32506
32641
32697
32697
32595
32576
32613
32487
32499
32624
32629
32564
32734
32848
32651
32532
32449
32485
32455
32652
32677
32511
32483
32698
32612
32432
32594
32634
32600
32591
32507
32408
32441
32637
32895
32502
32478
32608
32635
32750
32448
32629
32653
32681
32796
32521
32425
32622
32568
32813
32441
32404
32756
32526
32986
32631
32504
32557
32554
32655
32647
32569
32645
32686
32643
32555
32444
32589
32541
32743
32866
32491
32475
32539
32465
32722
32660
32415
32597
32384
32642
32751
32293
32589
32548
32577
32702
32404
32511
32638
32758
32771
32492
32541
32440
32659
32646
32378
32699
32618
32527
32638
32681
32676
32612
32636
32405
32622
32695
32609
32718
32632
32692
32545
32571
32593
32715
32631
32507
32591
32754
32506
32681
32520
32524
32772
32458
32465
32483
32843
32763
32423
32671
32714
32599
32785
32535
32573
32574
32671
32680
32579
32544
32621
32738
32651
32548
32504
32474
32605
32669
32828
32477
32583
32772
32636
32699
32611
32519
32658
32594
32634
32636
32386
32653
32513
32575
32366
32794
32730
32466
32640
32763
32696
32576
32480
32593
32523
32810
32521
32306
32457
32616
32890
32675
32623
32709
32503
32724
32415
32481
32735
32461
32668
32512
32547
32633
32720
32771
32539
32665
32541
32350
32632
32664
32637
32686
32423
32709
32539
32570
32601
32708
32742
32472
32675
32470
32607
32857
32511
32585
32590
32504
32684
32641
32509
32749
32604
32744
32384
32584
32719
32598
32784
32413
32508
32700
32462
32710
32497
32460
32613
32565
32543
32641
32522
32615
32738
32689
32420
32510
32512
32573
32795
32538
32623
32583
32630
32683
32794
32558
32558
32665
32437
32735
32575
32706
32565
32681
32657
32493
32720
32588
32705
32565
32440
32758
32708
32617
32487
32606
32575
32513
32693
32567
32517
32593
32686
32630
32524
32510
32819
32554
32590
32549
32558
32618
32627
32746
32655
32603
32687
32451
32595
32499
32647
32590
32586
32502
32451
32527
32747
32828
32673
32557
32543
32405
32625
32760
32598
32517
32491
32623
32662
32514
32564
32560
32493
32665
32588
32543
32634
32485
32734
32530
32377
32653
32623
32687
32583
32536
32841
32479
32418
32771
32592
32614
32501
32556
32424
32735
32779
32515
32748
32669
32515
32805
32560
32604
32799
32715
32659
32596
32533
32617
32510
32836
32583
32670
32637
32715
32844
32476
32500
32615
32471
32811
32725
32671
32661
32564
32855
32628
32568
32615
32553
32757
32577
32760
32622
32570
32568
32740
32704
32568
32694
32837
32727
32676
32586
32686
32660
32631
32832
32739
32798
32468
32644
32655
32506
32765
32596
32605
32702
32523
32759
32541
32694
32726
32545
32657
32556
32439
32556
32458
32665
32548
32818
32787
32303
32459
32616
32409
32790
32396
32658
32668
32477
32626
32378
32380
32825
32735
32596
32581
32602
32557
32692
32564
32580
32721
32788
32529
32545
32543
32498
32853
32650
32427
32737
32496
32557
32662
32541
32836
32701
32588
32733
32603
32563
32564
32654
32424
32722
32822
32592
32497
32537
32642
32527
32664
32703
32518
32836
32549
32669
32572
32402
32633
32695
32774
32689
32558
32761
32715
32613
32581
32634
32694
32529
32601
32524
32516
32507
32723
32595
32552
32798
32657
32597
32662
32665
32863
32706
32537
32514
32520
32731
32484
32559
32705
32467
32678
32336
32566
32719
32533
32766
32562
32561
32761
32508
32565
32561
32760
32868
32285
32686
32508
32556
32846
32444
32660
32516
32694
32696
32503
32661
32694
32767
32798
32485
32662
32610
32713
32760
32498
32494
32710
32532
32443
32657
32642
32747
32733
32636
32748
32531
32611
32761
32587
32705
32556
32626
32746
32496
32572
32649
32556
32737
32677
32624
32652
32558
32746
32655
32668
32527
32459
32646
32622
32493
32784
32589
32647
32878
32629
32665
32502
32696
32912
32544
32566
32443
32524
32688
32496
32741
32539
32640
32588
32640
32728
32553
32714
32486
32571
32854
32406
32659
32510
32530
32897
32430
32508
32611
32685
32707
32691
32698
32462
32652
32602
32359
32646
32757
32778
32735
32631
32527
32612
32419
32509
32709
32491
32600
32480
32615
32697
32469
32605
32590
32649
32858
32470
32418
32410
32606
32822
32507
32457
32669
32554
32810
32613
32422
32555
32617
32896
32544
32325
32731
32588
32822
32511
32688
32753
32504
32875
32515
32552
32712
32714
32703
32544
32475
32642
32421
32914
32715
32506
32641
32608
32640
32513
32582
32627
32562
32702
32657
32531
32506
32514
32754
32648
32503
32420
32358
32489
32608
32738
32447
32402
32581
32603
32667
32594
32578
32612
32590
32563
32643
32519
32611
32698
32731
32703
32363
32529
32506
32510
32880
32598
32626
32728
32428
32745
32699
32684
32853
32478
32658
32525
32612
32838
32477
32627
32587
32545
32844
32479
32593
32795
32623
32693
32513
32361
32643
32610
32736
32713
32609
32688
32383
32658
32670
32716
32830
32493
32448
32780
32608
32487
32570
32685
32716
32519
32567
32586
32592
32604
32624
32647
32478
32672
32719
32422
32557
32613
32442
32450
32544
32760
32619
32576
32706
32553
32587
32551
32546
32697
32297
32557
32645
32412
32792
32547
32785
32760
32552
32831
32577
32554
32724
32606
32646
32666
32747
32750
32564
32778
32656
32553
32687
32604
32821
32643
32459
32556
32524
32761
32741
32624
32570
32669
32759
32541
32664
32677
32456
32678
32390
32543
32689
32541
32830
32618
32661
32729
32500
32702
32529
32614
32754
32297
32857
32656
32506
32675
32625
32597
32480
32527
32682
32583
32836
32746
32578
32623
32464
32752
32634
32463
32565
32431
32611
32580
32706
32640
32557
32491
32765
32568
32595
32582
32675
32744
32498
32733
32733
32526
32775
32590
32696
32832
32604
32639
32449
32780
32568
32559
32632
32591
32651
32675
32604
32828
32627
32649
32667
32583
32641
32836
32768
32538
32512
32569
32416
32672
32545
32670
32495
32740
32610
32508
32538
32646
32763
32640
32563
32480
32508
32778
32605
32572
32797
32722
32652
32484
32732
32829
32532
32606
32583
32533
32605
32636
32682
32557
32734
32890
32475
32635
32523
32716
32688
32651
32625
32383
32851
32688
32445
32592
32651
32652
32779
32582
32570
32599
32753
32688
32637
32560
32630
32669
32635
32597
32639
32451
32908
32767
32582
32625
32631
32852
32563
32648
32685
32497
32662
32443
32687
32597
32634
32767
32521
32717
32721
32533
32645
32539
32572
32524
32599
32707
32616
32478
32685
32763
32562
32409
32548
32608
32724
32585
32630
32397
32550
32754
32634
32655
32481
32577
32527
32494
32579
32515
32529
32602
32729
32619
32639
32710
32612
32632
32411
