31734
31601
31574
31644
31580
31563
31620
31551
31582
31635
31590
31641
31524
31586
31632
31714
31566
31449
31515
31482
31679
31604
31349
31563
31498
31633
31628
31342
31507
31577
31616
31626
31480
31470
31571
31643
31542
31477
31536
31683
31439
31533
31631
31410
31524
31388
31612
31723
31423
31422
31450
31638
31811
31355
31371
31500
31651
31806
31303
31390
31502
31735
31777
31293
31439
31529
31595
31741
31433
31605
31499
31520
31681
31554
31533
31403
31526
31750
31620
31684
31502
31322
31625
31498
31748
31536
31396
31496
31671
31754
31432
31440
31571
31595
31807
31487
31303
31573
31420
31649
31527
31453
31531
31487
31666
31456
31529
31632
31539
31627
31382
31586
31742
31532
31560
31486
31647
31703
31544
31527
31553
31609
31693
31529
31477
31728
31673
31688
31411
31652
31682
31696
31490
31516
31579
31748
31669
31605
31689
31426
31653
31629
31661
31629
31581
31687
31669
31751
31756
31514
31580
31504
31658
31714
31464
31519
31540
31621
31625
31458
31603
31695
31601
31562
31376
31627
31600
31564
31522
31415
31454
31593
31474
31442
31544
31389
31605
31534
31514
31642
31414
31511
31555
31730
31583
31396
31531
31501
31550
31790
31440
31550
31503
31674
31558
31479
31489
31439
31601
31468
31511
31530
31501
31573
31534
31503
31635
31607
31677
31512
31510
31489
31623
31549
31414
31549
31489
31669
31611
31444
31563
31632
31632
31715
31585
31541
31670
31625
31524
31576
31479
31614
31562
31547
31534
31561
31682
31521
31631
31662
31550
31643
31579
31417
31678
31699
31658
31527
31412
31627
31645
31673
31570
31484
31613
31553
31658
31431
31454
31552
31622
31739
31596
31541
31665
31702
31557
31687
31470
31691
31580
31634
31677
31466
31641
31691
31623
31693
31559
31469
31509
31537
31856
31580
31666
31576
31515
31636
31567
31710
31479
31666
31749
31402
31728
31397
31820
31580
31567
31733
31672
31621
31748
31510
31763
31703
31753
31568
31497
31834
31651
31579
31656
31683
31696
31804
31533
31468
31748
31656
31833
31556
31489
31698
31609
31855
31377
31514
31755
31623
31673
31672
31464
31638
31473
31717
31631
31492
31629
31505
31663
31522
31495
31593
31557
31722
31480
31467
31674
31409
31701
31596
31561
31531
31479
31745
31483
31557
31602
31483
31551
31417
31659
31567
31519
31720
31440
31546
31554
31537
31718
31455
31551
31533
31543
31780
31433
31601
31754
31345
31714
31463
31594
31496
31331
31780
31679
31624
31566
31483
31593
31601
31525
31504
31593
31702
31551
31582
31528
31684
31626
31513
31538
31541
31566
31505
31395
31564
31632
31644
31373
31475
31528
31804
31680
31503
31625
31635
31701
31727
31420
31429
31610
31615
31616
31545
31485
31516
31610
31638
31515
31535
31555
31547
31676
31647
31489
31460
31606
31556
31519
31473
31642
31643
31600
31537
31499
31556
31499
31587
31413
31654
31642
31530
31637
31556
31640
31715
31558
31621
31527
31662
31780
31395
31522
31612
31738
31574
31404
31588
31594
31604
31718
31407
31650
31652
31520
31487
31520
31510
31594
31392
31498
31671
31668
31523
31447
31622
31667
31684
31639
31496
31777
31694
31564
31631
31555
31610
31629
31566
31689
31554
31707
31602
31677
31703
31665
31537
31562
31628
31672
31508
31558
31728
31648
31714
31670
31510
31485
31784
31687
31602
31423
31542
31637
31560
31545
31458
31533
31500
31617
31655
31444
31684
31583
31589
31525
31407
31743
31614
31679
31561
31502
31699
31489
31447
31516
31725
31740
31516
31637
31520
31639
31678
31377
31599
31514
31702
31735
31429
31559
31536
31646
31645
31529
31622
31566
31652
31656
31490
31661
31525
31654
31610
31522
31532
31523
31660
31481
31579
31656
31619
31416
31559
31544
31588
31765
31525
31589
31512
31636
31759
31401
31518
31510
31500
31722
31439
31533
31707
31415
31691
31540
31513
31679
31425
31589
31469
31545
31738
31577
31591
31415
31541
31704
31623
31573
31308
31599
31748
31677
31497
31371
31543
31788
31797
31581
31305
31543
31773
31860
31580
31348
31404
31721
31685
31573
31407
31436
31666
31675
31771
31425
31484
31739
31706
31740
31543
31556
31707
31656
31810
31507
31423
31487
31577
31795
31595
31373
31534
31705
31742
31686
31408
31493
31577
31699
31722
31306
31616
31550
31629
31740
31363
31657
31645
31733
31869
31342
31598
31464
31727
31753
31466
31558
31628
31685
31807
31353
31579
31618
31684
31663
31526
31608
31485
31717
31660
31531
31798
31556
31730
31714
31448
31765
31495
31793
31469
31449
31718
31572
31659
31587
31450
31726
31485
31723
31602
31465
31648
31539
31707
31519
31509
31739
31570
31490
31430
31538
31756
31550
31608
31542
31578
31597
31499
31698
31628
31673
31604
31540
31557
31583
31579
31541
31556
31692
31771
31568
31409
31475
31727
31707
31568
31353
31480
31591
31759
31508
31336
31480
31511
31824
31682
31387
31480
31544
31763
31651
31307
31569
31555
31581
31646
31461
31533
31522
31614
31565
31514
31604
31720
31602
31749
31656
31612
31569
31489
31622
31603
31490
31607
31657
31552
31611
31413
31713
31820
31535
31784
31500
31685
31724
31542
31640
31598
31649
31647
31507
31616
31501
31813
31586
31576
31565
31583
31599
31665
31621
31564
31503
31639
31701
31554
31454
31604
31747
31706
31756
31481
31594
31580
31713
31579
31364
31669
31510
31813
31640
31309
31708
31656
31715
31693
31422
31773
31672
31653
31506
31483
31695
31625
31700
31501
31562
31671
31498
31792
31675
31500
31521
31562
31701
31734
31512
31447
31498
31849
31651
31516
31576
31571
31694
31864
31567
31487
31680
31498
31812
31563
31588
31607
31601
31760
31622
31686
31786
31666
31572
31573
31591
31664
31570
31546
31473
31579
31648
31578
31381
31613
31506
31552
31567
31375
31618
31592
31416
31431
31437
31679
31542
31324
31460
31579
31690
31563
31360
31381
31559
31734
31492
31519
31490
31533
31730
31669
31540
31546
31533
31668
31700
31568
31541
31562
31462
31539
31554
31667
31486
31538
31578
31576
31636
31581
31588
31768
31550
31796
31714
31395
31730
31436
31648
31746
31551
31605
31490
31682
31675
31484
31671
31528
31737
31769
31271
31696
31592
31701
31513
31465
31552
31608
31650
31555
31591
31409
31560
31637
31701
31515
31599
31532
31727
31743
31624
31392
31555
31619
31602
31618
31473
31399
31577
31679
31600
31348
31523
31593
31649
31440
31377
31540
31761
31531
31524
31476
31412
31726
31480
31685
31485
31585
31734
31452
31585
31636
31708
31687
31596
31550
31768
31546
31736
31628
31659
31742
31719
31673
31400
31641
31699
31724
31612
31477
31572
31677
31669
31621
31530
31557
31616
31597
31532
31586
31601
31579
31558
31573
31454
31606
31588
31361
31573
31497
31587
31500
31491
31609
31570
31587
31624
31531
31647
31503
31778
31659
31325
31588
31514
31718
31595
31383
31517
31527
31691
31608
31285
31384
31502
31647
31622
31341
31512
31452
31544
31515
31412
31591
31634
31423
31598
31506
31395
31566
31368
31589
31642
31606
31634
31445
31511
31588
31647
31621
31520
31621
31573
31636
31645
31496
31618
31568
31656
31654
31485
31641
31569
31775
31603
31427
31627
31617
31782
31596
31452
31634
31544
31808
31771
31491
31446
31537
31703
31780
31566
31372
31468
31842
31718
31525
31414
31374
31797
31849
31534
31304
31485
31792
31803
31498
31283
31461
31775
31752
31378
31324
31645
31686
31683
31509
31439
31685
31864
31680
31532
31532
31498
31767
31510
31493
31640
31495
31826
31554
31434
31609
31573
31821
31700
31528
31733
31648
31783
31626
31539
31470
31652
31632
31814
31486
31599
31617
31721
31731
31702
31487
31608
31741
31753
31618
31498
31776
31581
31775
31639
31491
31636
31666
31834
31678
31636
31675
31562
31719
31669
31450
31689
31543
31626
31704
31524
31631
31422
31659
31682
31599
31512
31541
31578
31724
31645
31408
31504
31446
31633
31591
31454
31581
31440
31575
31704
31375
31651
31653
31678
31508
31395
31568
31603
31618
31487
31454
31704
31467
31507
31410
31540
31633
31662
31486
31520
31669
31729
31494
31438
31591
31634
31700
31630
31338
31671
31665
31510
31455
31535
31649
31760
31514
31564
31548
31668
31595
31492
31490
31483
31584
31570
31554
31577
31488
31495
31577
31601
31615
31679
31584
31642
31589
31581
31610
31578
31466
31693
31453
31478
31610
31635
31593
31497
31571
31526
31570
31564
31486
31706
31567
31716
31586
31511
31651
31635
31724
31638
31381
31590
31572
31851
31586
31511
31689
31711
31811
31654
31571
31628
31678
31636
31530
31716
31546
31612
31699
31607
31629
31653
31751
31678
31717
31727
31678
31642
31610
31612
31554
31664
31624
31578
31568
31573
31569
31813
31677
31729
31640
31717
31620
31677
31673
31536
31625
31518
31655
31595
31538
31631
31498
31700
31790
31584
31578
31516
31763
31668
31703
31608
31273
31615
31729
31692
31495
31356
31604
31784
31674
31407
31558
31654
31660
31641
31522
31494
31631
31585
31629
31564
31727
31518
31421
31648
31513
31734
31533
31607
31536
31628
31745
31480
31403
31414
31733
31694
31617
31542
31407
31639
31676
31605
31509
31487
31808
31649
31506
31630
31444
31740
31560
31617
31602
31474
31705
31395
31489
31614
31493
31520
31331
31599
31749
31496
31646
31291
31459
31683
31431
31638
31387
31484
31673
31500
31626
31496
31568
31707
31339
31757
31558
31618
31524
31376
31721
31720
31616
31583
31576
31512
31792
31659
31740
31516
31567
31638
31767
31747
31617
31521
31575
31741
31632
31774
31615
31511
31623
31642
31687
31616
31602
31523
31640
31549
31478
31549
31552
31628
31509
31576
31640
31559
31580
31639
31556
31700
31633
31756
31558
31553
31618
31613
31506
31510
31546
31410
31631
31560
31646
31619
31393
31547
31783
31755
31727
31393
31613
31709
31650
31602
31389
31690
31572
31657
31559
31474
31564
31644
31709
31479
31562
31533
31751
31624
31543
31523
31598
31546
31539
31433
31710
31568
31547
31577
31507
31554
31428
31517
31684
31530
31577
31493
31487
31668
31447
31572
31612
31651
31659
31540
31496
31569
31556
31664
31628
31668
31570
31567
31659
31554
31600
31559
31729
31748
31708
31574
31559
31631
31658
31558
31470
31602
31537
31582
31431
31520
31472
31533
31665
31519
31497
31445
31544
31615
31466
31479
31425
31618
31523
31415
31665
31540
31707
31609
31463
31696
31580
31655
31812
31579
31670
31528
31643
31705
31427
31673
31573
31676
31713
31567
31526
31665
31649
31673
31591
31493
31616
31561
31559
31646
31445
31551
31659
31579
31614
31439
31559
31627
31512
31722
31540
31603
31593
31566
31683
31562
31628
31476
31546
31564
31409
31749
31465
31518
31609
31463
31625
31537
31500
31618
31629
31686
31461
31527
31594
31438
31556
31450
31401
31471
31428
31598
31569
31319
31389
31506
31597
31518
31339
31397
31651
31505
31432
31545
31463
31668
31746
31456
31634
31523
31561
31678
31466
31747
31522
31588
31699
31397
31840
31541
31651
31447
31555
31803
31580
31439
31458
31477
31648
31589
31527
31511
31514
31624
31513
31569
31683
31620
31505
31517
31628
31664
31600
31548
31391
31543
31679
31612
31421
31414
31607
31701
31583
31355
31400
31668
31615
31683
31485
31309
31597
31663
31725
31478
31478
31514
31760
31791
31508
31613
31688
31486
31788
31399
31562
31689
31418
31694
31490
31527
31740
31519
31658
31595
31583
31654
31418
31636
31633
31577
31681
31414
31607
31521
31604
31453
31511
31631
31583
31628
31463
31723
31704
31634
31664
31540
31604
31806
31567
31668
31555
31587
31742
31545
31627
31549
31625
31691
31662
31636
31539
31595
31678
31645
31435
31575
31495
31604
31736
31563
31587
31426
31646
31812
31632
31700
31484
31635
31623
31622
31765
31545
31708
31728
31608
31721
31461
31620
31614
31528
31770
31498
31691
31521
31505
31835
31630
31724
31495
31459
31745
31669
31647
31415
31407
31629
31636
31652
31515
31472
31592
31520
31614
31583
31582
31568
31544
31626
31730
31535
31579
31539
31548
31702
31531
31577
31675
31583
31497
31669
31602
31705
31687
31587
31634
31600
31693
31632
31557
31448
31607
31696
31739
31530
31501
31577
31581
31793
31534
31404
31629
31611
31589
31600
31438
31655
31613
31655
31678
31487
31593
31788
31600
31487
31505
31462
31654
31618
31439
31388
31641
31703
31627
31494
31543
31556
31542
31555
31315
31514
31566
31587
31604
31398
31499
31693
31601
31473
31549
31597
31646
31643
31486
31593
31743
31603
31623
31459
31625
31729
31625
31740
31390
31646
31611
31516
31720
31357
31572
31550
31653
31626
31443
31514
31589
31733
31591
31422
31631
31517
31722
31686
31420
31699
31512
31654
31499
31494
31551
31564
31728
31496
31406
31562
31580
31787
31560
31447
31617
31643
31674
31760
31528
31513
31680
31666
31523
31515
31511
31569
31767
31617
31447
31489
31540
31628
31627
31404
31349
31562
31562
31553
31378
31539
31579
31719
31568
31387
31566
31500
31682
31767
31519
31767
31471
31547
31821
31616
31661
31418
31620
31765
31456
31662
31420
31711
31668
31484
31569
31437
31661
31682
31348
31438
31406
31564
31678
31317
31373
31480
31634
31711
31370
31438
31434
31711
31741
31341
31322
31485
31614
31865
31433
31337
31554
31458
31696
31532
31491
31743
31472
31687
31666
31567
31722
31490
31559
31588
31529
31775
31552
31575
31509
31494
31508
31652
31511
31409
31520
31589
31676
31701
31398
31531
31577
31708
31680
31278
31455
31685
31788
31586
31348
31389
31776
31729
31732
31410
31414
31776
31628
31601
31550
31553
31623
31597
31485
31497
31577
31718
31699
31456
31563
31753
31690
31681
31511
31399
31786
31583
31769
31415
31391
31773
31616
31772
31606
31492
31714
31738
31767
31596
31533
31606
31682
31678
31592
31695
31672
31600
31675
31524
31721
31694
31637
31572
31593
31826
31619
31583
31779
31587
31697
31467
31587
31667
31671
31702
31531
31592
31764
31625
31747
31561
31569
31717
31631
31589
31575
31599
31679
31628
31554
31582
31745
31612
31615
31514
31575
31690
31487
31834
31624
31722
31711
31353
31746
31654
31740
31699
31424
31694
31737
31647
31736
31367
31606
31741
31695
31686
31335
31696
31767
31668
31764
31391
31509
31663
31648
31727
31523
31385
31619
31619
31790
31516
31561
31464
31563
31748
31644
31416
31517
31612
31607
31722
31528
31482
31638
31410
31787
31542
31527
31639
31442
31684
31660
31489
31868
31573
31731
31502
31571
31769
31509
31670
31520
31559
31771
31587
31561
31683
31536
31587
31473
31575
31703
31633
31575
31641
31620
31708
31581
31533
31488
31446
31873
31603
31443
31745
31419
31708
31639
31526
31694
31543
31623
31553
31440
31670
31571
31622
31596
31459
31600
31569
31596
31499
31450
31569
31597
31452
31530
31552
31586
31640
31389
31488
31702
31659
31490
31369
31582
31742
31726
31446
31370
31611
31708
31562
31449
31395
31508
31772
31674
31399
31441
31548
31601
31412
31550
31550
31713
31545
31576
31562
31664
31636
31531
31538
31681
31555
31586
31571
31459
31657
31448
31532
31532
31662
31711
31433
31524
31565
31665
31766
31503
31327
31509
31485
31763
31557
31361
31496
31527
31743
31773
31511
31574
31633
31686
31738
31565
31636
31549
31730
31695
31694
31470
31559
31753
31726
31689
31648
31763
31671
31694
31730
31573
31753
31667
31683
31663
31494
31748
31631
31582
31771
31417
31665
31706
31537
31623
31314
31669
31735
31721
31824
31265
31659
31704
31594
31692
31423
31567
31566
31597
31769
31483
31775
31619
31446
31597
31512
31734
31676
31547
31549
31679
31548
31619
31471
31555
31573
31496
31690
31569
31508
31554
31454
31578
31550
31528
31654
31496
31401
31573
31382
31597
31558
31462
31405
31494
31491
31518
31344
31424
31444
31485
31493
31290
31539
31374
31465
31461
31402
31593
31498
31526
31498
31392
31563
31550
31565
31362
31458
31546
31605
31464
31425
31505
31591
31561
31529
31573
31542
31447
31528
31618
31705
31628
31498
31556
31653
31639
31655
31627
31693
31427
31703
31742
31642
31583
31345
31692
31649
31696
31661
31441
31789
31649
31585
31576
31590
31604
31647
31505
31508
31551
31590
31678
31555
31534
31542
31584
31490
31511
31476
31529
31556
31553
31461
31453
31462
31434
31452
31449
31424
31422
31616
31448
31385
31535
31366
31575
31516
31451
31507
31400
31538
31544
31477
31487
31639
31517
31560
31454
31508
31546
31548
31718
31424
31591
31581
31481
31534
31484
31524
31557
31486
31714
31473
31453
31609
31541
31681
31563
31602
31422
31592
31571
31686
31481
31448
31524
31633
31665
31613
31435
31543
31549
31656
31721
31468
31615
31523
31612
31769
31433
31718
31578
31544
31698
31568
31638
31395
31559
31560
31555
31630
31468
31491
31687
31460
31622
31558
31450
31654
31494
31590
31435
31567
31488
31448
31465
31512
31650
31468
31274
31427
31656
31588
31446
31439
31384
31718
31661
31343
31366
31423
31763
31806
31533
31514
31442
31724
31789
31642
31541
31534
31663
31778
31574
31526
31591
31551
31639
31671
31442
31618
31599
31703
31670
31511
31660
31529
31579
31641
31568
31605
31587
31527
31597
31533
31503
31568
31673
31765
31638
31438
31632
31637
31511
31487
31414
31449
31645
31609
31545
31468
31442
31532
31588
31639
31540
31355
31532
31614
31584
31538
31430
31573
31733
31475
31514
31460
31549
31614
31561
31422
31459
31547
31643
31527
31481
31612
31414
31680
31473
31614
31598
31394
31635
31541
31553
31665
31476
31555
31490
31593
31657
31475
31619
31511
31488
31787
31523
31718
31532
31562
31782
31652
31727
31793
31582
31667
31674
31475
31765
31473
31743
31652
31572
31833
31473
31640
31816
31660
31702
31640
31512
31597
31457
31667
31651
31465
31582
31503
31580
31724
31439
31519
31429
31528
31655
31368
31487
31376
31430
31813
31393
31489
31564
31456
31873
31470
31574
31599
31496
31703
31539
31554
31550
31585
31647
31594
31462
31594
31661
31695
31526
31497
31571
31769
31580
31600
31511
31489
31627
31458
31566
31438
31517
31603
31532
31498
31642
31553
31479
31528
31560
31579
31588
31501
31463
31492
31549
31616
31381
31521
31530
31515
31629
31465
31607
31572
31381
31516
31667
31498
31552
31411
31577
31606
31600
31656
31540
31559
31804
31638
31466
31389
31549
31697
31644
31526
31504
31480
31652
31638
31654
31596
31608
31715
31626
31574
31648
31534
31494
31646
31525
31659
31597
31441
31571
31454
31694
31470
31450
31696
31508
31728
31504
31520
31594
31606
31693
31637
31351
31591
31582
31702
31708
31501
31460
31566
31697
31675
31546
31498
31622
31769
31740
31598
31523
31648
31702
31592
31496
31547
31725
31697
31573
31508
31472
31743
31768
31513
31655
31435
31784
31737
31514
31520
31567
31678
31699
31632
31620
31531
31610
31729
31637
31709
31565
31676
31672
31593
31536
31673
31625
31643
31608
31379
31596
31522
31556
31705
31454
31619
31685
31567
31495
31471
31547
31739
31485
31466
31549
31616
31633
31469
31373
31531
31556
31580
31562
31472
31555
31703
31564
31529
31473
31759
31726
31542
31614
31466
31709
31594
31488
31622
31536
31546
31629
31461
31655
31610
31546
31528
31571
31514
31662
31480
31430
31511
31603
31709
31344
31474
31557
31613
31764
31390
31545
31521
31461
31817
31512
31476
31440
31528
31690
31434
31445
31408
31593
31636
31499
31479
31498
31507
31559
31473
31557
31507
31497
31513
31506
31431
31525
31519
31526
31543
31530
31647
31388
31534
31672
31527
31610
31380
31691
31688
31632
31661
31311
31670
31729
31505
31712
31443
31554
31787
31453
31638
31526
31618
31819
31468
31686
31548
31658
31735
31454
31581
31539
31512
31730
31518
31569
31692
31388
31668
31575
31583
31686
31475
31743
31637
31692
31649
31613
31622
31623
31520
31560
31602
31750
31583
31755
31584
31535
31792
31594
31826
31535
31526
31751
31475
31729
31543
31607
31874
31445
31696
31524
31647
31732
31366
31619
31599
31630
31740
31328
31609
31558
31579
31661
31412
31526
31634
31660
31586
31353
31566
31663
31475
31490
31519
31543
31702
31540
31380
31553
31550
31734
31450
31557
31657
31622
31575
31542
31616
31705
31512
31604
31450
31601
31751
31484
31593
31482
31640
31677
31479
31693
31425
31652
31829
31568
31649
31464
31650
31732
31493
31638
31510
31622
31802
31537
31586
31572
31639
31599
31645
31395
31482
31581
31599
31682
31272
31602
31714
31610
31567
31443
31638
31707
31580
31734
31518
31588
31718
31614
31657
31642
31592
31540
31411
31615
31737
31634
31642
31571
31551
31641
31544
31543
31601
31593
31502
31593
31634
31505
31774
31498
31475
31585
31485
31649
31449
31447
31478
31700
31735
31405
31459
31569
31557
31717
31418
31359
31528
31370
31601
31494
31445
31527
31491
31604
31582
31480
31603
31573
31414
31561
31566
31545
31556
31508
31583
31548
31590
31592
31684
31670
31729
31576
31711
31477
31713
31610
31493
31571
31533
31666
31586
31522
31568
31714
31719
31681
31591
31722
31616
31586
31677
31572
31739
31494
31491
31642
31614
31577
31540
31411
31638
31696
31668
31556
31380
31564
31546
31480
31551
31385
31681
31569
31583
31609
31556
31719
31694
31456
31650
31636
31736
31577
31471
31555
31667
31682
31468
31642
31621
31733
31791
31509
31654
31579
31595
31822
31436
31523
31645
31564
31804
31370
31539
31793
31558
31750
31319
31609
31750
31579
31723
31448
31418
31553
31641
31551
31397
31567
31554
31658
31576
31486
31515
31675
31753
31669
31530
31517
31536
31686
31669
31488
31576
31425
31591
31726
31611
31659
31645
31570
31685
31487
31476
31663
31679
31641
31437
31624
31587
31724
31685
31348
31451
31539
31633
31678
31393
31387
31646
31705
31597
31382
31409
31644
31670
31653
31407
31526
31649
31654
31547
31434
31449
31699
31746
31581
31659
31367
31616
31770
31629
31544
31533
31573
31779
31542
31630
31520
31713
31635
31573
31687
31452
31635
31663
31469
31707
31599
31509
31674
31522
31498
31687
31588
31682
31578
31569
31549
31493
31536
31551
31601
31653
31279
31667
31660
31620
31533
31348
31615
31766
31585
31597
31512
31578
31719
31602
31717
31585
31488
31571
31685
31667
31797
31554
31540
31636
31575
31815
31539
31647
31725
31709
31679
31523
31616
31667
31567
31501
31719
31606
31688
31475
31590
31767
31842
31641
31414
31684
31719
31827
31575
31524
31575
31705
31783
31473
31550
31627
31645
31629
31565
31611
31768
31603
31604
31557
31604
31617
31573
31636
31574
31600
31567
31473
31522
31481
31521
31585
31537
31571
31504
31447
31496
31456
31540
31512
31598
31580
31517
31540
31673
31531
31729
31528
31829
31721
31624
31741
31530
31740
31607
31573
31776
31656
31494
31625
31416
31805
31688
31548
31489
31537
31636
31663
31564
31566
31534
31486
31628
31670
31590
31414
31506
31549
31726
31672
31461
31441
31674
31713
31694
31371
31570
31612
31641
31649
31445
31567
31559
31664
31631
31588
31758
31599
31410
31657
31627
31781
31446
31644
31592
31690
31757
31582
31518
31632
31798
31782
31423
31536
31708
31730
31768
31527
31415
31760
31781
31631
31399
31508
31732
31859
31739
31397
31452
31777
31648
31622
31439
31422
31641
31547
31710
31527
31596
31643
31547
31614
31524
31530
31629
31594
31696
31514
31478
31573
31452
31631
31611
31499
31587
31478
31488
31560
31417
31541
31484
31630
31650
31484
31469
31448
31669
31724
31622
31558
31431
31609
31741
31573
31580
31479
31512
31605
31577
31679
31576
31736
31528
31515
31694
31523
31719
31550
31436
31857
31633
31583
31445
31499
31711
31562
31657
31627
31493
31541
31655
31842
31667
31548
31620
31563
31572
31715
31660
31541
31579
31650
31613
31470
31413
31540
31520
31702
31552
31426
31615
31566
31579
31672
31560
31587
31615
31514
31668
31518
31592
31468
31531
31678
31558
31665
31531
31267
31638
31664
31677
31491
31476
31573
31728
31540
31473
31415
31550
31622
31706
31459
31369
31557
31583
31685
31558
31540
31567
31628
31620
31511
31508
31612
31658
31478
31682
31515
31454
31509
31621
31653
31523
31623
31378
31651
31498
31758
31297
31510
31709
31696
31444
31477
31562
31653
31665
31473
31668
31578
31710
31533
31552
31698
31802
31570
31449
31539
31637
31760
31582
31449
31494
31648
31717
31467
31401
31513
31571
31564
31510
31577
31518
31556
31514
31401
31491
31621
31554
31359
31458
31594
31687
31624
31353
31447
31693
31630
31609
31411
31559
31600
31544
31624
31385
31641
31610
31518
31571
31537
31570
31697
31491
31491
31623
31613
31480
31401
31565
31512
31449
31587
31397
31681
31465
31481
31580
31524
31496
31480
31537
31438
31442
31673
31512
31660
31523
31471
31545
31674
31722
31543
31358
31590
31616
31862
31527
31379
31475
31656
31793
31531
31547
31569
31630
31654
31502
31641
31632
31580
31808
31626
31619
31524
31586
31734
31608
31664
31587
31479
31721
31573
31587
31721
31482
31711
31603
31485
31743
31524
31672
31755
31667
31609
31530
31460
31692
31603
31670
31539
31576
31630
31702
31705
31508
31474
31496
31821
31699
31472
31472
31541
31682
31615
31499
31553
31679
31726
31645
31338
31423
31585
31645
31452
31423
31427
31728
31617
31477
31535
31539
31632
31592
31499
31644
31533
31692
31509
31312
31634
31495
31539
31493
31436
31608
31645
31474
31486
31357
31654
31635
31505
31419
31315
31665
31675
31392
31456
31391
31616
31607
31405
31495
31373
31586
31527
31357
31468
31389
31640
31387
31428
31609
31424
31592
31352
31464
31737
31398
31656
31360
31462
31670
31357
31680
31440
31588
31565
31534
31545
31717
31586
31623
31432
31654
31722
31675
31552
31549
31487
31476
31737
31591
31609
31424
31640
31664
31588
31559
31513
31503
31504
31656
31539
31463
31500
31663
31513
31611
31569
31421
31511
31506
31678
31556
31524
31530
31651
31700
31771
31510
31731
31645
31775
31575
31537
31588
31637
31682
31468
31514
31466
31701
31671
31517
31589
31457
31657
31592
31545
31510
31430
31628
31567
31405
31585
31437
31626
31465
31392
31498
31578
31541
31455
31429
31367
31592
31605
31419
31503
31555
31502
31695
31515
31591
31562
31557
31694
31609
31564
31594
31486
31677
31418
31530
31736
31560
31618
31552
31530
31735
31688
31650
31454
31587
31721
31754
31620
31482
31630
31585
31632
31538
31406
31688
31547
31499
31548
31537
31716
31494
31479
31521
31524
31760
31475
31332
31431
31488
31845
31430
31415
31479
31555
31777
31435
31344
31687
31649
31722
31398
31452
31744
31601
31605
31474
31574
31730
31570
31490
31440
31568
31686
31690
31579
31502
31504
31672
31688
31540
31529
31554
31738
31501
31540
31480
31759
31589
31503
31619
31396
31530
31659
31517
31540
31548
31610
31579
31327
31493
31760
31740
31544
31386
31592
31715
31714
31562
31445
31593
31718
31572
31546
31547
31441
31517
31719
31631
31569
31558
31493
31613
31538
31562
31495
31518
31570
31640
31508
31505
31421
31631
31686
31502
31469
31573
31643
31656
31474
31353
31512
31572
31705
31492
31467
31484
31493
31579
31620
31503
31639
31555
31606
31750
31519
31484
31557
31640
31646
31440
31524
31573
31667
31740
31374
31465
31421
31550
31658
31431
31476
31577
31601
31551
31415
31607
31716
31607
31597
31510
31603
31559
31460
31552
31450
31731
31644
31441
31590
31526
31563
31590
31455
31744
31495
31554
31557
31399
31656
31455
31510
31480
31414
31649
31554
31335
31544
31373
31582
31553
31427
31412
31483
31584
31626
31463
31467
31437
31380
31507
31658
31640
31403
31403
31456
31621
31665
31495
31428
31453
31663
31633
31538
31411
31381
31614
31538
31636
31499
31422
31655
31562
31552
31680
31482
31630
31604
31661
31579
31416
31795
31540
31603
31610
31571
31609
31589
31619
31659
31567
31543
31792
31427
31674
31539
31611
31515
31508
31634
31581
31571
31544
31499
31352
31551
31616
31525
31714
31464
31439
31457
31516
31681
31548
31471
31498
31615
31742
31440
31537
31451
31701
31607
31661
31582
31720
31595
31601
31668
31639
31691
31666
31689
31665
31815
31534
31668
31718
31621
31734
31649
31669
31536
31625
31819
31690
31656
31606
31610
31754
31571
31647
31544
31624
31847
31541
31506
31502
31551
31851
31616
31387
31528
31657
31734
31517
31586
31393
31742
31707
31645
31305
31602
31670
31720
31624
31359
31636
31697
31563
31606
31493
31619
31625
31520
31510
31598
31801
31584
31500
31566
31424
31795
31512
31515
31444
31438
31794
31441
31408
31354
31454
31754
31486
31337
31223
31491
31803
31503
31277
31387
31458
31671
31445
31300
31463
31425
31715
31652
31399
31576
31498
31514
31730
31329
31664
31513
31514
31757
31421
31529
31530
31472
31724
31400
31470
31701
31401
31830
31430
31659
31784
31442
31599
31630
31567
31874
31394
31666
31612
31459
31723
31478
31562
31588
31550
31605
31649
31436
31779
31621
31594
31604
31389
31641
31568
31527
31632
31447
31622
31650
31424
31589
31508
31475
31636
31334
31519
31510
31688
31556
31391
31475
31597
31659
31636
31385
31501
31717
31577
31623
31441
31454
31656
31742
31655
31410
31599
31579
31778
31492
31442
31516
31563
31599
31469
31573
31535
31452
31625
31575
31632
31634
31378
31518
31622
31617
31599
31440
31584
31681
31635
31614
31511
31584
31722
31659
31564
31547
31522
31752
31532
31482
31538
31562
31688
31595
31535
31602
31513
31714
31473
31574
31609
31464
31677
31628
31537
31702
31500
31635
31681
31445
31612
31452
31729
31583
31516
31667
31520
31570
31560
31431
31611
31445
31424
31490
31558
31650
31429
31498
31521
31588
31664
31446
31450
31586
31628
31775
31444
31486
31739
31595
31578
31538
31560
31660
31599
31532
31564
31676
31747
31474
31393
31607
31575
31596
31487
31400
31649
31534
31584
31618
31436
31722
31589
31766
31648
31542
31688
31588
31667
31674
31509
31782
31636
31541
31680
31415
31620
31606
31736
31573
31452
31605
31543
31767
31551
31467
31561
31514
31657
31477
31590
31504
31515
31696
31564
31574
31565
31589
31687
31599
31629
31764
31552
31607
31427
31603
31691
31649
31549
31534
31585
31679
31646
31578
31558
31686
31701
31710
31544
31565
31644
31695
31577
31600
31568
31635
31646
31583
31542
31546
31712
31619
31752
31765
31536
31629
31659
31688
31681
31535
31442
31553
31498
31883
31487
31519
31657
31594
31557
31609
31515
31662
31555
31527
31641
31469
31557
31463
31516
31565
31480
31389
31529
31628
31592
31433
31523
31555
31607
31628
31353
31436
31454
31798
31612
31335
31593
31529
31638
31583
31426
31686
31642
31689
31455
31404
31664
31417
31429
31469
31627
31709
31406
31486
31479
31654
31644
31439
31504
31432
31590
31648
31505
31544
31469
31571
31521
31394
31669
31606
31587
31578
31498
31456
31628
31571
31374
31514
31579
31679
31726
31537
31489
31651
31784
31682
31608
31559
31476
31732
31577
31665
31657
31476
31580
31559
31709
31561
31624
31574
31571
31727
31541
31448
31642
31555
31546
31414
31424
31488
31740
31505
31369
31485
31557
31586
31404
31532
31521
31577
31704
31321
31543
31538
31441
31570
31384
31491
31509
31338
31611
31341
31515
31418
31387
31586
31394
31547
31442
31384
31752
31507
31403
31434
31428
31688
31604
31477
31403
31602
31558
31509
31471
31482
31554
31436
31611
31494
31551
31590
31414
31696
31605
31441
31451
31448
31643
31585
31387
31440
31600
31644
31614
31418
31442
31611
31576
31687
31407
31501
31674
31474
31553
31583
31571
31736
31508
31537
31701
31635
31607
31424
31472
31541
31647
31620
31519
31431
31428
31707
31583
31464
31389
31534
31786
31603
31579
31642
31560
31578
31640
31637
31499
31671
31594
31753
31412
31658
31721
31631
31703
31484
31623
31712
31450
31682
31607
31457
31868
31533
31622
31727
31517
31779
31629
31602
31611
31512
31655
31620
31607
31589
31448
31546
31721
31455
31474
31429
31544
31752
31673
31399
31582
31476
31668
31576
31364
31672
31442
31673
31610
31322
31592
31536
31710
31721
31403
31497
31538
31602
31648
31506
31432
31563
31661
31655
31429
31524
31581
31535
31613
31510
31621
31754
31557
31444
31629
31542
31718
31590
31489
31555
31443
31698
31620
31477
31493
31448
31651
31543
31543
31552
31421
31543
31708
31611
31417
31440
31572
31683
31766
31527
31366
31602
31536
31740
31463
31347
31648
31557
31777
31440
31443
31734
31559
31589
31642
31465
31713
31522
31523
31635
31517
31760
31576
31434
31494
31555
31617
31602
31550
31389
31507
31636
31584
31620
31467
31614
31587
31668
31718
31321
31559
31576
31689
31821
31519
31408
31664
31630
31885
31464
31492
31632
31619
31694
31604
31500
31676
31664
31637
31540
31453
31773
31638
31540
31588
31584
31822
31682
31469
31661
31594
31765
31739
31312
31530
31581
31580
31656
31436
31502
31619
31605
31754
31438
31519
31639
31536
31761
31390
31393
31625
31500
31740
31418
31354
31581
31415
31497
31499
31482
31642
31434
31591
31473
31631
31611
31337
31458
31605
31555
31692
31378
31389
31566
31619
31771
31493
31491
31574
31663
31635
31472
31493
31566
31631
31700
31582
31432
31662
31627
31714
31633
31544
31459
31768
31731
31441
31529
31541
31650
31651
31463
31459
31635
31771
31679
31528
31473
31567
31576
31515
31423
31498
31605
31480
31437
31522
31555
31632
31421
31521
31531
31664
31518
31406
31453
31493
31542
31648
31407
31434
31518
31532
31485
31503
31492
31483
31491
31527
31530
31486
31409
31389
31664
31599
31377
31339
31483
31558
31681
31471
31327
31549
31497
31703
31495
31445
31559
31505
31754
31633
31579
31577
31532
31814
31728
31597
31641
31577
31766
31519
31575
31514
31592
31653
31517
31618
31427
31583
31630
31602
31642
31463
31734
31704
31413
31529
31559
31585
31674
31449
31580
31463
31609
31618
31538
31591
31534
31579
31647
31527
31447
31631
31460
31560
31593
31647
31607
31620
31543
31555
31544
31444
31530
31803
31717
31447
31510
31623
31691
31666
31533
31519
31634
31642
31444
31447
31533
31583
31592
31498
31492
31489
31590
31711
31555
31672
31432
31487
31734
31584
31429
31291
31602
31703
31597
31536
31355
31496
31596
31577
31561
31451
31508
31651
31562
31657
31377
31506
31728
31616
31517
31455
31557
31678
31620
31558
31471
31590
31649
31576
31480
31542
31592
31596
31747
31405
31461
31608
31542
31653
31349
31542
31625
31598
31587
31500
31708
31715
31534
31600
31474
31533
31607
31680
31574
31479
31771
31626
31626
31676
31429
31661
31595
31625
31654
31560
31682
31592
31659
31700
31587
31580
31691
31750
31681
31491
31513
31655
31657
31567
31614
31341
31523
31741
31471
31688
31458
31579
31770
31631
31497
31463
31538
31630
31476
31681
31495
31615
31529
31448
31642
31403
31437
31479
31512
31666
31567
31455
31344
31572
31735
31470
31493
31392
31499
31782
31516
31424
31317
31594
31777
31630
31444
31428
31577
31770
31585
31592
31529
31563
31698
31482
31621
31684
31649
31620
31628
31573
31822
31750
31562
31646
31438
31754
31661
31499
31610
31543
31656
31752
31438
31591
31514
31767
31614
31391
31682
31635
31688
31493
31436
31583
31715
31580
31356
31493
31501
31587
31708
31400
31529
31596
31574
31656
31539
31663
31490
31730
31509
31432
31564
31469
31674
31443
31425
31489
31626
31688
31539
31469
31578
31687
31708
31416
31360
31501
31637
31722
31517
31599
31453
31523
31678
31494
31658
31368
31562
31752
31589
31732
31573
31485
31534
31664
31747
31612
31522
31518
31685
31797
31731
31510
31487
31705
31671
31749
31647
31348
31628
31647
31598
31575
31510
31625
31736
31632
31564
31569
31453
31710
31642
31525
31590
31440
31693
31605
31599
31654
31441
31669
31681
31463
31711
31462
31705
31597
31510
31565
31526
31649
31553
31450
31519
31573
31503
31496
31485
31556
31541
31638
31535
31632
31684
31793
31546
31680
31561
31564
31547
31469
31749
31545
31606
31610
31632
31715
31514
31529
31641
31606
31706
31552
31393
31710
31490
31684
31717
31461
31594
31589
31584
31652
31503
31610
31452
31534
31568
31518
31556
31317
31605
31727
31465
31439
31497
31589
31739
31526
31472
31469
31500
31567
31490
31606
31512
31454
31624
31517
31442
31665
31446
31555
31649
31450
31637
31457
31529
31550
31558
31796
31383
31675
31639
31467
31551
31413
31662
31639
31444
31567
31540
31593
31676
31495
31625
31553
31707
31628
31611
31673
31459
31713
31512
31496
31579
31507
31592
31497
31514
31484
31581
31551
31511
31369
31517
31622
31630
31429
31347
31716
31665
31643
31585
31540
31512
31668
31729
31649
31568
31700
31626
31685
31579
31517
31795
31655
31701
31698
31690
31645
31465
31691
31684
31654
31604
31558
31622
31767
31500
31557
31580
31480
31735
31604
31514
31709
31549
31578
31506
31437
31719
31552
31699
31484
31455
31713
31605
31573
31532
31484
31719
31748
31499
31555
31473
31575
31760
31501
31466
31539
31442
31691
31567
31434
31585
31514
31625
31510
31390
31529
31502
31555
31497
31457
31575
31446
31528
31434
31394
31582
31554
31493
31490
31494
31475
31530
31423
31591
31499
31404
31508
31427
31400
31604
31472
31529
31453
31507
31589
31419
31512
31553
31584
31594
31500
31506
31509
31399
31642
31447
31562
31517
31383
31594
31425
31468
31478
31543
31543
31503
31521
31552
31484
31455
31602
31502
31579
31595
31474
31435
31395
31559
31744
31524
31505
31484
31634
31711
31419
31513
31429
31733
31654
31406
31456
31467
31651
31581
31555
31519
31531
31595
31586
31606
31538
31401
31552
31551
31583
31420
31419
31373
31567
31574
31374
31476
31309
31497
31698
31432
31557
31420
31429
31650
31552
31534
31478
31453
31597
31629
31591
31440
31450
31627
31559
31447
31441
31509
31683
31572
31326
31425
31532
31522
31420
31387
31451
31544
31491
31471
31300
31371
31509
31451
31454
31340
31398
31402
31367
31424
31360
31354
31403
31407
31506
31356
31388
31432
31392
31409
31425
31361
31534
31407
31338
31482
31431
31528
31472
31356
31557
31605
31608
31564
31312
31575
31590
31609
31447
31447
31688
31680
31594
31464
31522
31550
31796
31661
31628
31471
31556
31750
31598
31587
31617
31683
31598
31574
31730
31627
31696
31704
31465
31702
31610
31656
31603
31552
31706
31579
31659
31630
31564
31630
31443
31679
31574
31577
31673
31473
31461
31475
31609
31607
31592
31539
31478
31727
31591
31493
31560
31474
31562
31528
31599
31625
31553
31482
31472
31596
31803
31624
31606
31500
31540
31707
31530
31535
31605
31665
31611
31793
31498
31558
31444
31591
31639
31618
31679
31481
31490
31599
31538
31665
31408
31462
31612
31624
31557
31403
31494
31551
31579
31579
31439
31551
31495
31486
31560
31538
31415
31429
31590
31724
31677
31433
31464
31495
31728
31790
31370
31603
31630
31609
31710
31326
31606
31623
31661
31681
31412
31489
31709
31614
31582
31545
31606
31634
31486
31602
31594
31683
31669
31509
31378
31582
31632
31702
31452
31346
31584
31655
31740
31437
31514
31534
31633
31774
31395
31513
31581
31715
31774
31400
31601
31551
31581
31783
31359
31625
31581
31504
31852
31329
31673
31512
31534
31805
31365
31572
31462
31496
31811
31351
31745
31523
31378
31760
31471
31619
31438
31388
31907
31584
31610
31342
31458
31750
31645
31711
31373
31364
31716
31616
31690
31452
31387
31642
31697
31720
31329
31421
31695
31538
31635
31458
31460
31607
31400
31635
31484
31525
31569
31512
31555
31539
31523
31584
31511
31492
31454
31582
31657
31580
31566
31521
31702
31504
31611
31719
31541
31578
31645
31705
31548
31653
31616
31489
31571
31542
31730
31595
31516
31547
31595
31592
31486
31495
31678
31596
31827
31482
31336
31706
31514
31720
31381
31505
31719
31554
31590
31372
31596
31726
31541
31701
31503
31472
31764
31472
31765
31623
31456
31521
31410
31719
31619
31545
31526
31530
31570
31597
31617
31425
31618
31700
31659
31534
31416
31639
31626
31536
31610
31451
31551
31615
31476
31547
31509
31519
31476
31532
31668
31511
31484
31643
31536
31633
31528
31317
31646
31519
31418
31645
31414
31600
31678
31553
31538
31629
31491
31674
31546
31471
31717
31530
31575
31418
31563
31710
31327
31518
31622
31505
31683
31282
31396
31815
31532
31555
31318
31404
31696
31615
31566
31524
31492
31692
31579
31384
31551
31414
31746
31611
31530
31605
31447
31699
31704
31623
31592
31551
31677
31844
31469
31696
31542
31684
31651
31420
31562
31463
31740
31736
31330
31447
31559
31675
31876
31349
31482
31649
31474
31736
31350
31622
31633
31643
31738
31293
31544
31625
31617
31648
31462
31587
31617
31443
31568
31456
31580
31613
31602
31462
31476
31661
31705
31651
31586
31404
31686
31696
31588
31396
31480
31729
31667
31625
31433
31403
31694
31673
31519
31356
31616
31567
31638
31468
31286
31604
31573
31619
31566
31448
31598
31488
31524
31730
31445
31612
31366
31597
31670
31524
31597
31283
31523
31740
31571
31597
31312
31637
31730
31559
31648
31394
31633
31759
31677
31577
31604
31579
31560
31562
31598
31723
31620
31629
31601
31679
31737
31664
31542
31413
31665
31665
31636
31489
31552
31657
31623
31638
31503
31656
31778
31705
31595
31595
31524
31676
31658
31563
31630
31446
31574
31740
31681
31588
31524
31505
31795
31651
31562
31543
31462
31800
31647
31810
31513
31513
31785
31658
31678
31566
31580
31597
31708
31608
31702
31401
31612
31661
31753
31662
31470
31693
31645
31704
31634
31593
31681
31528
31584
31683
31667
31577
31554
31546
31778
31573
31590
31540
31603
31674
31421
31538
31547
31654
31539
31437
31556
31555
31784
31709
31498
31688
31586
31707
31610
31548
31688
31700
31767
31658
31553
31797
31678
31773
31514
31539
31698
31582
31631
31618
31655
31624
31580
31720
31664
31692
31524
31491
31643
31649
31536
31538
31514
31721
31712
31506
31463
31427
31778
31734
31559
31641
31439
31547
31511
31515
31671
31518
31441
31534
31577
31640
31507
31418
31545
31627
31639
31570
31401
31508
31587
31569
31503
31435
31551
31584
31493
31569
31455
31514
31547
31321
31613
31597
31507
31697
31392
31456
31721
31425
31618
31560
31519
31782
31365
31715
31740
31670
31652
31389
31689
31736
31473
31672
31466
31659
31635
31420
31566
31516
31654
31564
31463
31504
31430
31681
31509
31600
31490
31482
31657
31503
31571
31641
31580
31894
31423
31675
31623
31630
31681
31400
31645
31629
31658
31763
31458
31641
31611
31736
31508
31568
31678
31575
31602
31489
31569
31825
31596
31639
31428
31633
31647
31513
31531
31580
31568
31503
31377
31562
31562
31608
31399
31532
31493
31659
31560
31358
31531
31482
31546
31662
31478
31495
31629
31523
31502
31529
31492
31563
31503
31503
31499
31536
31641
31381
31450
31586
31531
31596
31337
31387
31742
31550
31538
31521
31354
31597
31570
31645
31635
31588
31461
31669
31529
31696
31521
31451
31543
31683
31691
31576
31437
31411
31626
31799
31687
31562
31504
31613
31656
31595
31486
31478
31548
31639
31703
31373
31436
31628
31592
31519
31454
31622
31590
31680
31590
31313
31566
31534
31651
31626
31390
31710
31678
31562
31596
31533
31582
31691
31484
31665
31421
31636
31582
31492
31708
31371
31558
31568
31432
31652
31505
31604
31553
31463
31798
31457
31504
31453
31471
31750
31354
31732
31430
31445
31605
31389
31643
31630
31600
31467
31415
31570
31685
31601
31524
31501
31638
31664
31716
31429
31506
31774
31581
31611
31566
31483
31720
31629
31697
31463
31630
31807
31440
31506
31575
31500
31691
31539
31546
31596
31424
31779
31668
31516
31504
31512
31679
31680
31536
31560
31517
31586
31661
31508
31533
31689
31599
31639
31484
31497
31631
31549
31582
31552
31496
31523
31556
31550
31507
31624
31627
31603
31565
31523
31565
31608
31552
31444
31563
31628
31415
31533
31417
31583
31600
31502
31616
31562
31501
31574
31650
31629
31523
31460
31532
31537
31599
31661
31391
31576
31578
31576
31595
31326
31510
31719
31409
31527
31295
31574
31573
31376
31613
31360
31564
31639
31460
31540
31547
31611
31605
31379
31556
31450
31565
31582
31525
31554
31453
31592
31505
31720
31660
31535
31587
31590
31611
31629
31554
31660
31641
31581
31629
31698
31597
31455
31623
31590
31586
31691
31575
31519
31601
31713
31549
31607
31437
31572
31629
31616
31477
31547
31536
31364
31568
31705
31523
31531
31435
31491
31602
31560
31530
31452
31624
31540
31597
31448
31409
31442
31517
31462
31528
31566
31563
31359
31508
31604
31595
31542
31402
31697
31655
31612
31465
31504
31636
31752
31719
31408
31487
31588
31679
31607
31426
31480
31540
31687
31671
31306
31425
31586
31521
31628
31365
31404
31432
31469
31614
31424
31333
31344
31532
31675
31422
31382
31369
31491
31576
31507
31529
31455
31458
31669
31587
31568
31511
31417
31591
31580
31638
31531
31468
31569
31682
31610
31499
31429
31399
31544
31537
31523
31495
31490
31481
31649
31576
31584
31364
31566
31651
31537
31496
31404
31736
31667
31409
31457
31574
31653
31652
31485
31526
31638
31727
31542
31551
31448
31528
31747
31632
31614
31635
31580
31629
31587
31638
31616
31696
31632
31497
31775
31626
31549
31642
31534
31589
31640
31646
31534
31568
31521
31667
31597
31638
31367
31486
31552
31584
31593
31429
31514
31430
31664
31663
31434
31493
31532
31567
31760
31530
31561
31438
31611
31640
31359
31522
31362
31514
31586
31384
31505
31397
31471
31531
31460
31565
31475
31502
31647
31643
31597
31588
31651
31483
31659
31517
31594
31589
31573
31792
31536
31662
31652
31643
31715
31625
31449
31625
31556
31695
31705
31529
31558
31706
31672
31607
31412
31551
31859
31726
31659
31618
31555
31707
31728
31623
31561
31459
31752
31674
31644
31697
31496
31611
31740
31638
31706
31617
31543
31603
31484
31711
31639
31596
31539
31580
31601
31749
31595
31457
31689
31510
31650
31639
31454
31726
31631
31494
31638
31538
31633
31633
31536
31570
31442
31697
31559
31526
31483
31523
31709
31489
31349
31705
31582
31713
31477
31440
31624
31722
31690
31316
31491
31649
31596
31818
31354
31374
31592
31540
31774
31474
31501
31570
31555
31717
31558
31438
31544
31535
31677
31745
31419
31479
31451
31549
31792
31415
31538
31569
31630
31753
31419
31488
31559
31550
31758
31556
31386
31675
31524
31636
31655
31443
31745
31551
31536
31609
31545
31613
31550
31595
31656
31597
31782
31528
31597
31662
31442
31666
31457
31496
31680
31461
31639
31524
31567
31513
31526
31557
31578
31700
31682
31286
31715
31422
31604
31702
31431
31564
31435
31485
31806
31594
31474
31563
31523
31716
31572
31655
31560
31545
31768
31663
31418
31555
31413
31687
31653
31484
31456
31429
31618
31638
31467
31413
31529
31621
31604
31453
31304
31564
31598
31443
31556
31419
31702
31651
31459
31526
31609
31615
31638
31471
31532
31558
31719
31708
31289
31709
31553
31563
31660
31363
31568
31587
31505
31698
31438
31679
31387
31429
31720
31510
31685
31420
31385
31720
31516
31553
31488
31517
31589
31490
31597
31387
31516
31472
31555
31526
31556
31637
31475
31353
31536
31634
31706
31469
31423
31657
31662
31741
31574
31576
31645
31735
31503
31501
31566
31591
31754
31465
31514
31680
31694
31715
31326
31514
31832
31664
31756
31208
31413
31722
31636
31598
31236
31487
31614
31718
31707
31308
31562
31662
31559
31653
31481
31545
31620
31544
31750
31497
31615
31678
31424
31638
31512
31482
31663
31522
31506
31716
31416
31672
31626
31535
31670
31471
31657
31650
31484
31814
31356
31484
31545
31488
31723
31380
31420
31637
31490
31698
31506
31355
31545
31456
31890
31579
31373
31556
31588
31825
31449
31489
31483
31621
31729
31427
31456
31561
31501
31608
31475
31487
31524
31544
31499
31518
31600
31506
31502
31480
31471
31582
31634
31501
31370
31480
31592
31566
31678
31552
31431
31511
31473
31684
31738
31587
31372
31510
31563
31714
31534
31360
31672
31662
31644
31594
31412
31699
31636
31684
31627
31612
31503
31576
31675
31667
31553
31581
31678
31587
31607
31499
31652
31734
31642
31530
31580
31665
31648
31606
31599
31498
31453
31714
31575
31707
31541
31467
31533
31588
31708
31522
31493
31522
31643
31758
31444
31448
31562
31502
31696
31395
31420
31685
31638
31576
31414
31417
31676
31757
31645
31394
31593
31722
31663
31499
31369
31512
31604
31656
31501
31487
31545
31692
31590
31517
31472
31615
31795
31523
31656
31492
31718
31704
31572
31534
31558
31675
31675
31622
31579
31572
31677
31608
31484
31487
31623
31770
31657
31570
31625
31617
31880
31538
31416
31633
31577
31792
31398
31545
31632
31731
31650
31428
31526
31524
31597
31709
31549
31509
31586
31571
31771
31652
31715
31617
31728
31569
31577
31632
31530
31686
31480
31633
31565
31695
31627
31585
31615
31634
31737
31825
31556
31631
31607
31588
31679
31507
31631
31686
31726
31682
31497
31814
31570
31534
31620
31412
31673
31642
31504
31598
31546
31730
31499
31537
31566
31488
31609
31686
31410
31698
31455
31645
31699
31497
31610
31629
31600
31581
31528
31449
31705
31480
31577
31685
31512
31625
31660
31600
31718
31568
31703
31711
31678
31641
31607
31645
31723
31668
31734
31718
31666
31670
31636
31525
31586
31512
31778
31686
31525
31588
31553
31573
31699
31683
31478
31482
31671
31632
31485
31484
31359
31748
31597
31632
31327
31372
31581
31572
31657
31457
31422
31462
31608
31607
31506
31483
31487
31708
31542
31515
31560
31404
31674
31676
31526
31594
31410
31628
31532
31579
31615
31364
31719
31433
31591
31708
31426
31825
31422
31624
31824
31599
31619
31602
31625
31707
31572
31739
31544
31607
31831
31438
31751
31605
31693
31600
31647
31713
31714
31617
31664
31613
31567
31730
31421
31553
31592
31798
31683
31547
31447
31725
31680
31780
31575
31348
31588
31659
31606
31546
31479
31555
31675
31608
31606
31406
31609
31625
31440
31746
31479
31561
31488
31436
31696
31541
31385
31397
31567
31737
31581
31474
31344
31514
31585
31551
31588
31452
31507
31477
31569
31614
31511
31477
31446
31534
31722
31503
31486
31499
31442
31672
31501
31493
31538
31578
31502
31599
31430
31648
31327
31488
31598
31488
31644
31483
31496
31597
31479
31493
31548
31595
31656
31512
31587
31633
31609
31735
31553
31499
31523
31474
31719
31584
31545
31692
31598
31543
31758
31584
31607
31553
31619
31680
31639
31682
31486
31633
31647
31610
31659
31596
31651
31515
31580
31574
31625
31568
31547
31556
31649
31613
31671
31614
31421
31618
31692
31684
31652
31521
31612
31679
31677
31661
31475
31761
31522
31535
31703
31455
31663
31540
31559
31788
31616
31745
31328
31592
31738
31593
31655
31303
31598
31655
31423
31554
31436
31581
31555
31500
31461
31551
31600
31480
31507
31540
31475
31597
31440
31450
31451
31575
31528
31340
31541
31472
31605
31617
31412
31526
31439
31534
31666
31370
31523
31473
31612
31563
31498
31554
31457
31668
31625
31310
31538
31548
31665
31465
31322
31521
31573
31628
31428
31483
31550
31571
31541
31625
31543
31653
31428
31593
31527
31674
31591
31454
31667
31537
31718
31669
31455
31504
31555
31675
31578
31563
31598
31622
31518
31626
31513
31765
31628
31508
31592
31523
31596
31581
31403
31669
31560
31409
31514
31454
31489
31719
31505
31433
31476
31493
31709
31421
31347
31515
31541
31686
31341
31423
31613
31608
31662
31419
31368
31721
31528
31655
31491
31602
31570
31580
31667
31560
31640
31675
31638
31536
31591
31508
31671
31751
31560
31607
31560
31692
31693
31616
31612
31613
31492
31673
31520
31524
31624
31405
31700
31579
31470
31429
31510
31515
31563
31525
31522
31540
31513
31535
31428
31571
31705
31619
31531
31404
31487
31696
31637
31531
31380
31627
31729
31609
31428
31495
31717
31704
31665
31448
31576
31597
31653
31712
31672
31576
31790
31621
31604
31502
31556
31779
31686
31645
31497
31671
31759
31702
31549
31541
31629
31794
31701
31518
31730
31554
31645
31683
31515
31655
31562
31698
31616
31516
31642
31450
31776
31644
31398
31546
31575
31668
31712
31388
31632
31508
31610
31635
31357
31602
31496
31650
31563
31435
31517
31488
31568
31625
31412
31571
31528
31356
31496
31440
31729
31587
31414
31489
31694
31650
31525
31489
31616
31715
31827
31605
31337
31731
31630
31554
31560
31342
31664
31741
31609
31687
31450
31530
31793
31487
31637
31492
31657
31748
31358
31732
31536
31681
31641
31365
31497
31667
31561
31806
31313
31618
31671
31612
31585
31302
31530
31610
31540
31656
31430
31505
31597
31446
31754
31433
31555
31701
31433
31763
31478
31567
31507
31434
31619
31541
31461
31590
31383
31550
31565
31566
31541
31341
31621
31625
31641
31449
31437
31559
31607
31630
31512
31509
31520
31687
31702
31516
31646
31603
31577
31657
31676
31627
31622
31660
31654
31588
31615
31693
31743
31735
31643
31682
31635
31625
31665
31584
31657
31689
31666
31587
31546
31554
31698
31670
31723
31540
31649
31594
31607
31748
31483
31559
31689
31519
31574
31581
31460
31511
31592
31767
31644
31603
31630
31436
31658
31596
31610
31547
31452
31614
31603
31605
31622
31495
31663
31631
31570
31544
31591
31572
31821
31614
31620
31633
31712
31793
31571
31561
31612
31615
31729
31461
31498
31608
31559
31751
31508
31522
31599
31588
31707
31543
31557
31582
31639
31751
31366
31571
31524
31698
31626
31449
31599
31434
31749
31646
31437
31561
31471
31601
31635
31476
31532
31588
31613
31669
31501
31695
31745
31511
31593
31525
31767
31663
31446
31582
31514
31565
31856
31440
31531
31508
31560
31793
31510
31490
31644
31745
31770
31678
31494
31692
31524
31714
31716
31537
31571
31549
31654
31736
31631
31453
31529
31557
31840
31763
31393
31625
31548
31591
31735
31447
31526
31714
31516
31593
31560
31516
31588
31512
31725
31571
31483
31652
31283
31597
31563
31379
31553
31318
31471
31700
31407
31427
31462
31552
31671
31444
31555
31368
31572
31527
31644
31491
31398
31482
31506
31569
31445
31542
31386
31617
31690
31484
31408
31457
31512
31703
31515
31533
31397
31450
31748
31542
31558
31432
31560
31647
31640
31675
31684
31535
31676
31634
31504
31538
31448
31745
31499
31614
31604
31429
31528
31482
31714
31641
31680
31622
31578
31648
31596
31668
31725
31504
31716
31491
31659
31724
31469
31633
31608
31610
31705
31525
31565
31618
31602
31518
31305
31558
31624
31497
31486
31285
31554
31730
31513
31406
31336
31401
31681
31556
31443
31482
31423
31689
31654
31495
31465
31479
31689
31658
31491
31511
31445
31650
31565
31341
31581
31541
31645
31458
31325
31463
31646
31577
31429
31599
31493
31687
31704
31506
31460
31572
31681
31743
31633
31481
31418
31676
31731
31656
31587
31579
31636
31577
31524
31416
31529
31587
31534
31729
31344
31432
31592
31571
31706
31494
31356
31663
31603
31737
31643
31474
31580
31575
31618
31727
31274
31616
31668
31611
31773
31312
31638
31805
31505
31621
31359
31669
31848
31353
31671
31422
31549
31689
31428
31682
31507
31413
31637
31527
31599
31586
31450
31596
31557
31545
31727
31253
31623
31602
31638
31823
31307
31568
31715
31767
31667
31355
31478
31625
31535
31794
31453
31551
31517
31548
31675
31594
31457
31459
31535
31461
31573
31510
31604
31512
31460
31605
31679
31487
31404
31625
31609
31751
31630
31458
31519
31642
31617
31532
31454
31657
31628
31561
31595
31485
31701
31658
31588
31545
31557
31510
31547
31434
31518
31584
31449
31573
31525
31454
31671
31477
31523
31522
31478
31767
31435
31687
31548
31490
31583
31554
31643
31662
31463
31428
31786
31651
31508
31491
31560
31770
31692
31399
31473
31657
31761
31661
31407
31557
31569
31622
31721
31354
31621
31579
31609
31480
31397
31507
31682
31571
31404
31589
31587
31621
31471
31522
31599
31525
31587
31479
31644
31683
31505
31506
31604
31554
31875
31569
31388
31459
31563
31726
31646
31456
31371
31670
31694
31600
31394
31438
31718
31601
31751
31482
31384
31669
31488
31691
31473
31449
31720
31616
31579
31533
31530
31750
31587
31621
31536
31560
31588
31556
31601
31487
31465
31523
31541
31679
31513
31569
31469
31541
31690
31551
31572
31603
31573
31640
31653
31450
31579
31406
31686
31653
31544
31624
31484
31567
31726
31493
31529
31568
31415
31856
31517
31550
31402
31561
31755
31521
31541
31442
31516
31667
31460
31703
31530
31428
31688
31571
31669
31547
31510
31705
31536
31755
31550
31461
31760
31466
31751
31517
31420
31554
31513
31461
31585
31571
31583
31432
31550
31713
31486
31673
31504
31621
31563
31668
31644
31576
31535
31703
31673
31468
31562
31600
31810
31645
31631
31509
31662
31614
31699
31567
31573
31664
31506
31658
31531
31388
31699
31602
31649
31603
31423
31606
31634
31673
31763
31491
31725
31453
31638
31737
31398
31752
31603
31460
31717
31429
31726
31556
31443
31740
31599
31504
31530
31499
31708
31515
31536
31578
31511
31776
31625
31516
31611
31446
31609
31642
31513
31552
31512
31574
31513
31638
31715
31400
31467
31482
31664
31657
31401
31393
31596
31602
31659
31451
31546
31521
31478
31699
31565
31679
31643
31450
31638
31530
31689
31702
31489
31597
31536
31748
31762
31520
31669
31631
31618
31727
31515
31624
31576
31711
31543
31437
31641
31655
31625
31557
31556
31530
31557
31497
31555
31521
31606
31495
31571
31518
31537
31629
31530
31572
31388
31526
31627
31510
31506
31494
31484
31558
31529
31510
31600
31613
31562
31447
31552
31546
31561
31618
31447
31472
31401
31631
31605
31478
31478
31428
31635
31606
31397
31519
31606
31607
31641
31415
31513
31522
31661
31740
31388
31537
31587
31651
31690
31314
31441
31674
31590
31652
31375
31320
31561
31531
31836
31429
31387
31646
31580
31733
31611
31429
31602
31571
31644
31640
31492
31487
31462
31607
31582
31523
31478
31527
31558
31731
31654
31359
31386
31396
31804
31702
31299
31404
31501
31697
31680
31305
31479
31641
31656
31550
31422
31552
31623
31643
31531
31444
31608
31531
31519
31583
31533
31609
31417
31548
31635
31704
31569
31450
31727
31604
31507
31588
31565
31721
31632
31437
31439
31632
31643
31424
31599
31557
31623
31751
31503
31557
31566
31662
31659
31432
31459
31583
31727
31719
31417
31487
31606
31647
31753
31478
31382
31493
31737
31617
31499
31399
31431
31605
31586
31633
31404
31520
31659
31630
31569
31525
31464
31719
31432
31593
31582
31561
31518
31553
31561
31559
31640
31587
31388
31541
31593
31739
31553
31484
31630
31629
31718
31570
31430
31552
31527
31645
31501
31496
31507
31500
31773
31491
31545
31549
31386
31657
31470
31556
31573
31464
31574
31527
31581
31562
31544
31694
31531
31619
31618
31475
31634
31549
31541
31543
31511
31593
31454
31579
31470
31611
31708
31456
31527
31664
31591
31700
31492
31417
31743
31556
31697
31337
31581
31639
31467
31644
31400
31535
31671
31358
31712
31451
31390
31650
31517
31512
31467
31485
31615
31507
31549
31542
31512
31469
31666
31641
31454
31371
31487
31714
31732
31530
31452
31509
31754
31749
31719
31536
31599
31678
31596
31574
31498
31680
31573
31698
31669
31399
31589
31562
31602
31435
31418
31613
31537
31682
31570
31455
31706
31451
31536
31561
31449
31632
31517
31588
31537
31454
31591
31548
31548
31576
31565
31575
31631
31576
31649
31594
31448
31482
31519
31459
31506
31599
31524
31554
31472
31534
31577
31739
31742
31423
31463
31444
31630
31743
31478
31360
31509
31624
31632
31431
31412
31613
31490
31671
31535
31564
31736
31511
31549
31667
31465
31774
31489
31615
31627
31524
31732
31518
31532
31554
31709
31703
31500
31617
31598
31631
31683
31554
31695
31795
31649
31700
31567
31591
31768
31635
31744
31538
31561
31613
31600
31832
31533
31670
31711
31604
31744
31522
31591
31622
31473
31811
31576
31615
31474
31527
31748
31668
31632
31547
31589
31613
31603
31697
31605
31578
31596
31607
31754
31650
31621
31605
31635
31719
31540
31687
31583
31685
31613
31605
31611
31402
31517
31722
31577
31700
31470
31585
31609
31437
31476
31501
31593
31668
31450
31501
31501
31511
31569
31274
31508
31624
31647
31782
31266
31443
31625
31480
31662
31272
31597
31710
31574
31584
31356
31563
31823
31674
31457
31579
31593
31661
31495
31558
31627
31675
31704
31532
31502
31648
31579
31759
31625
31527
31816
31598
31485
31624
31555
31712
31621
31636
31585
31642
31713
31531
31533
31527
31704
31562
31643
31651
31425
31718
31494
31784
31652
31446
31745
31611
31570
31754
31440
31674
31737
31738
31600
31519
31711
31652
31574
31489
31639
31573
31621
31500
31453
31636
31521
31569
31590
31641
31692
31568
31531
31603
31473
31645
31493
31528
31535
31475
31679
31365
31695
31657
31488
31642
31493
31524
31809
31538
31724
31471
31669
31739
31323
31683
31383
31607
31794
31445
31517
31577
31524
31782
31359
31661
31637
31683
31694
31362
31695
31665
31660
31657
31495
31444
31629
31616
31652
31501
31479
31571
31557
31501
31557
31491
31646
31630
31528
31685
31544
31572
31722
31485
31539
31573
31441
31747
31465
31563
31536
31588
31759
31531
31691
31678
31445
31563
31762
31517
31607
31591
31630
31775
31454
31610
31587
31744
31649
31418
31611
31560
31642
31660
31383
31627
31479
31520
31622
31495
31689
31527
31616
31567
31609
31777
31419
31612
31437
31618
31735
31328
31591
31521
31622
31762
31463
31604
31613
31680
31601
31505
31646
31632
31657
31662
31485
31583
31682
31519
31584
31570
31440
31476
31522
31521
31643
31432
31396
31415
31679
31680
31404
31430
31505
31614
31787
31381
31347
31537
31584
31757
31447
31410
31539
31592
31635
31466
31389
31608
31562
31813
31458
31511
31611
31600
31673
31520
31520
31836
31645
31766
31386
31505
31725
31586
31784
31534
31369
31492
31483
31758
31539
31467
31490
31579
31590
31585
31483
31419
31464
31629
31522
31500
31313
31387
31568
31542
31484
31348
31395
31520
31508
31635
31386
31403
31557
31597
31492
31539
31477
31599
31534
31518
31608
31408
31600
31601
31604
31742
31367
31462
31650
31430
31668
31504
31489
31789
31459
31723
31558
31723
31713
31377
31516
31611
31476
31820
31402
31630
31651
31491
31577
31496
31566
31648
31446
31621
31543
31468
31591
31397
31680
31611
31635
31627
31480
31568
31862
31649
31603
31483
31538
31750
31467
31547
31594
31656
31559
31553
31474
31615
31551
31658
31381
31598
31574
31526
31481
31340
31528
31483
31519
31410
31459
31680
31547
31483
31552
31397
31627
31543
31388
31664
31509
31597
31624
31431
31695
31557
31663
31814
31567
31740
31626
31661
31700
31519
31605
31604
31448
31740
31695
31721
31544
31511
31674
31650
31630
31528
31454
31500
31619
31748
31593
31669
31528
31500
31666
31468
31710
31623
31490
31584
31548
31591
31749
31561
31646
31466
31630
31802
31494
31722
31599
31430
31612
31483
31646
31517
31560
31599
31551
31700
31576
31539
31578
31423
31761
31598
31551
31435
31412
31628
31646
31560
31480
31565
31607
31615
31633
31649
31583
31594
31613
31596
31761
31736
31437
31645
31575
31738
31700
31516
31686
31599
31745
31757
31549
31574
31516
31690
31618
31521
31683
31519
31575
31668
31492
31699
31626
31680
31550
31648
31574
31680
31640
31488
31470
31440
31581
31523
31441
31533
31506
31590
31467
31470
31657
31426
31567
31604
31593
31663
31492
31666
31517
31691
31816
31632
31495
31493
31558
31737
31634
31514
31452
31595
31824
31516
31540
31606
31815
31724
31635
31588
31552
31689
31733
31565
31482
31521
31759
31630
31509
31480
31625
31755
31758
31411
31474
31625
31767
31633
31559
31618
31582
31779
31669
31506
31567
31581
31841
31593
31653
31695
31520
31682
31437
31774
31586
31540
31655
31423
31578
31751
31659
31578
31490
31637
31706
31544
31453
31484
31502
31562
31603
31484
31497
31458
31504
31607
31466
31500
31310
31485
31721
31440
31520
31253
31450
31620
31526
31475
31283
31531
31627
31488
31487
31472
31522
31541
31543
31393
