32380
32502
32307
32467
32281
32396
32326
32384
32363
32476
32328
32479
32182
32312
32340
32545
32335
32300
32312
32418
32435
32477
32062
32321
32238
32461
32389
32130
32251
32305
32344
32473
32261
32191
32321
32389
32278
32368
32242
32359
32276
32342
32364
32183
32429
32239
32324
32448
32164
32243
32244
32347
32567
32157
32294
32301
32382
32598
32133
32116
32067
32395
32614
32200
32210
32239
32276
32535
32210
32166
32231
32332
32507
32271
32407
32242
32140
32416
32336
32419
32207
32194
32319
32305
32521
32326
32039
32318
32446
32487
32378
32129
32311
32196
32582
32254
32248
32416
32231
32484
32398
32209
32180
32192
32557
32302
32200
32398
32304
32476
32209
32305
32531
32152
32356
32132
32347
32554
32342
32250
32314
32362
32347
32300
32293
32278
32332
32404
32393
32226
32441
32489
32377
32188
32254
32496
32387
32440
32339
32297
32387
32473
32313
32375
32323
32456
32461
32547
32431
32347
32403
32255
32339
32530
32199
32266
32267
32432
32429
32286
32387
32292
32443
32349
32251
32286
32323
32285
32354
32245
32226
32401
32356
32229
32260
32142
32518
32376
32272
32430
32160
32319
32340
32327
32378
32115
32329
32347
32364
32428
32236
32231
32325
32364
32435
32203
32244
32222
32379
32324
32300
32270
32124
32380
32165
32305
32418
32318
32410
32307
32292
32236
32388
32338
32228
32269
32211
32376
32420
32134
32300
32340
32416
32375
32276
32400
32379
32293
32382
32294
32145
32399
32381
32148
32382
32275
32345
32353
32275
32423
32258
32459
32277
32205
32409
32470
32390
32486
32224
32453
32387
32403
32334
32321
32242
32443
32312
32319
32125
32334
32379
32443
32347
32237
32445
32370
32366
32414
32332
32505
32431
32337
32461
32281
32307
32311
32431
32441
32254
32381
32345
32206
32520
32368
32401
32330
32302
32550
32330
32435
32303
32313
32532
32257
32415
32278
32390
32474
32167
32518
32306
32487
32498
32257
32543
32433
32468
32493
32269
32467
32490
32352
32328
32298
32499
32605
32438
32198
32385
32410
32581
32382
32193
32416
32391
32595
32292
32070
32458
32244
32561
32383
32303
32494
32156
32480
32405
32334
32438
32288
32505
32395
32217
32431
32179
32484
32229
32266
32399
32263
32348
32424
32322
32333
32174
32483
32311
32288
32361
32255
32447
32289
32354
32384
32206
32463
32187
32299
32446
32215
32502
32360
32297
32411
32220
32524
32280
32310
32448
32274
32412
32315
32346
32391
32071
32460
32310
32267
32360
32190
32383
32373
32320
32415
32226
32437
32325
32323
32294
32402
32381
32415
32393
32238
32323
32330
32211
32301
32336
32488
32221
32200
32342
32489
32401
32270
32205
32304
32456
32561
32154
32260
32257
32516
32425
32295
32137
32288
32368
32595
32294
32325
32334
32270
32246
32505
32244
32276
32290
32420
32154
32314
32395
32413
32266
32385
32302
32392
32339
32441
32134
32368
32461
32335
32332
32315
32231
32512
32181
32517
32179
32308
32512
32182
32197
32385
32392
32412
32091
32393
32329
32464
32414
32300
32193
32485
32318
32443
32213
32337
32251
32313
32277
32294
32222
32393
32119
32363
32368
32453
32212
32266
32410
32441
32208
32475
32222
32425
32423
32381
32476
32293
32441
32409
32401
32424
32339
32435
32291
32376
32457
32245
32311
32294
32412
32406
32481
32197
32412
32497
32508
32430
32268
32256
32434
32277
32524
32158
32370
32372
32376
32311
32228
32391
32309
32410
32348
32169
32326
32424
32410
32354
32246
32541
32274
32352
32308
32340
32559
32286
32363
32290
32336
32545
32253
32375
32179
32367
32520
32167
32239
32271
32343
32492
32157
32304
32410
32409
32371
32277
32360
32316
32412
32401
32188
32309
32414
32294
32353
32303
32442
32359
32209
32295
32352
32313
32442
32269
32324
32447
32352
32455
32349
32234
32322
32131
32610
32292
32258
32437
32175
32400
32214
32313
32517
32148
32437
32310
32259
32317
32338
32373
32264
32340
32550
32378
32275
32225
32239
32539
32450
32309
32000
32297
32569
32595
32399
32082
32225
32489
32531
32447
32096
32167
32570
32492
32442
32125
32207
32400
32481
32383
32191
32110
32486
32387
32606
32267
32270
32438
32458
32503
32430
32178
32397
32313
32581
32377
32150
32226
32458
32482
32513
32217
32330
32228
32407
32451
32208
32156
32330
32329
32535
32049
32362
32388
32392
32597
32140
32275
32412
32423
32569
32174
32395
32304
32517
32625
32244
32320
32249
32450
32515
32257
32260
32331
32537
32556
32179
32466
32314
32537
32503
32266
32439
32318
32548
32412
32045
32490
32209
32419
32297
32213
32456
32240
32489
32436
32197
32427
32264
32430
32345
32206
32456
32258
32438
32193
32237
32458
32380
32348
32279
32444
32400
32276
32377
32371
32335
32317
32428
32362
32331
32357
32253
32304
32460
32474
32443
32150
32256
32317
32563
32396
32045
32121
32426
32491
32288
32180
32220
32287
32602
32390
32177
32208
32318
32527
32532
32208
32280
32268
32313
32471
32250
32314
32229
32310
32331
32169
32311
32419
32426
32362
32410
32370
32527
32397
32400
32311
32353
32380
32425
32262
32528
32165
32423
32576
32400
32339
32337
32309
32481
32089
32487
32233
32308
32489
32309
32279
32404
32520
32434
32288
32357
32327
32456
32438
32307
32196
32404
32500
32356
32401
32124
32325
32382
32457
32554
32262
32335
32376
32497
32442
32160
32358
32318
32472
32397
32097
32413
32310
32439
32439
32068
32533
32413
32400
32445
32221
32491
32327
32519
32245
32200
32329
32354
32511
32369
32327
32185
32323
32453
32363
32270
32202
32253
32527
32440
32448
32248
32283
32383
32624
32254
32255
32248
32361
32563
32461
32112
32404
32351
32500
32390
32352
32502
32429
32291
32342
32365
32394
32331
32272
32248
32427
32337
32238
32276
32290
32278
32276
32352
32205
32312
32379
32312
32303
32115
32411
32399
32164
32242
32272
32471
32328
32248
32099
32268
32580
32365
32190
32119
32281
32559
32343
32375
32277
32298
32402
32436
32256
32367
32361
32280
32301
32379
32357
32316
32266
32390
32264
32416
32419
32209
32437
32305
32494
32474
32226
32381
32296
32365
32449
32120
32252
32354
32423
32368
32262
32350
32197
32357
32529
32221
32356
32266
32531
32395
32124
32356
32338
32389
32468
32273
32327
32219
32515
32301
32328
32250
32195
32499
32483
32317
32255
32328
32409
32386
32459
32148
32067
32285
32551
32353
32248
32267
32413
32319
32302
32260
32164
32308
32410
32267
32306
32255
32532
32144
32435
32314
32191
32431
32295
32252
32356
32317
32560
32130
32407
32520
32398
32448
32282
32453
32470
32462
32494
32305
32309
32414
32517
32449
32243
32315
32485
32399
32332
32341
32247
32418
32405
32376
32195
32330
32453
32339
32236
32269
32369
32392
32262
32252
32192
32383
32312
32151
32390
32251
32396
32329
32187
32291
32208
32508
32441
32173
32376
32281
32505
32453
32054
32277
32160
32505
32353
32206
32256
32261
32375
32487
32224
32182
32277
32315
32324
32235
32270
32392
32215
32364
32323
32164
32299
32211
32321
32314
32275
32447
32244
32252
32335
32440
32303
32148
32380
32391
32466
32421
32055
32443
32241
32380
32393
32225
32313
32313
32484
32510
32218
32352
32320
32449
32342
32271
32241
32375
32484
32414
32311
32176
32318
32450
32473
32253
32195
32224
32567
32411
32425
32114
32152
32500
32626
32305
32069
32085
32512
32584
32385
32092
32158
32465
32512
32221
32063
32234
32441
32547
32171
32173
32282
32591
32430
32373
32184
32264
32549
32379
32140
32373
32264
32595
32389
32096
32461
32159
32564
32523
32274
32382
32300
32488
32584
32258
32321
32219
32455
32395
32411
32216
32374
32443
32575
32363
32268
32396
32386
32570
32500
32234
32421
32378
32540
32407
32229
32313
32381
32541
32503
32233
32373
32301
32546
32451
32255
32420
32298
32349
32525
32348
32431
32322
32306
32446
32323
32319
32325
32339
32420
32428
32241
32246
32284
32329
32369
32308
32340
32314
32311
32455
32129
32460
32421
32422
32344
32059
32421
32326
32447
32355
32199
32447
32301
32284
32288
32285
32387
32296
32336
32273
32318
32309
32345
32183
32313
32407
32430
32209
32106
32367
32486
32305
32436
32124
32402
32497
32338
32346
32283
32337
32477
32320
32329
32292
32414
32306
32308
32299
32200
32291
32441
32245
32393
32340
32498
32239
32385
32343
32385
32198
32298
32460
32350
32418
32323
32156
32485
32140
32307
32296
32356
32292
32237
32537
32367
32369
32383
32179
32345
32332
32491
32448
32255
32395
32352
32582
32336
32241
32375
32469
32558
32472
32318
32387
32303
32447
32282
32367
32284
32324
32415
32293
32376
32411
32445
32452
32273
32493
32485
32492
32372
32261
32271
32446
32352
32254
32370
32276
32297
32476
32443
32444
32294
32431
32487
32506
32425
32271
32328
32319
32363
32445
32258
32403
32307
32410
32521
32408
32329
32140
32377
32548
32384
32435
32090
32370
32506
32416
32275
32088
32383
32537
32521
32371
32112
32345
32318
32578
32183
32346
32321
32255
32268
32261
32387
32207
32390
32430
32294
32475
32325
32268
32312
32272
32588
32263
32303
32206
32494
32387
32410
32285
32164
32443
32522
32296
32319
32190
32524
32336
32438
32469
32193
32558
32297
32314
32455
32167
32378
32244
32311
32302
32179
32383
32184
32202
32517
32258
32355
32113
32193
32474
32231
32445
32220
32134
32538
32204
32339
32300
32284
32443
32259
32452
32366
32295
32450
32090
32374
32460
32344
32363
32228
32413
32557
32516
32489
32259
32244
32460
32585
32465
32379
32278
32347
32473
32449
32463
32270
32345
32393
32449
32562
32337
32402
32282
32523
32350
32277
32403
32370
32376
32311
32283
32378
32227
32406
32320
32301
32429
32411
32456
32408
32331
32367
32388
32430
32210
32316
32173
32483
32325
32321
32467
32100
32355
32450
32475
32498
32254
32390
32464
32406
32440
32231
32372
32372
32445
32285
32191
32287
32470
32327
32381
32135
32266
32318
32408
32187
32317
32379
32415
32224
32216
32434
32260
32318
32451
32307
32359
32265
32283
32479
32211
32453
32309
32306
32387
32276
32394
32383
32307
32482
32390
32298
32381
32268
32420
32389
32390
32347
32326
32412
32342
32276
32238
32325
32563
32360
32447
32338
32449
32441
32388
32262
32378
32252
32508
32246
32353
32223
32394
32326
32401
32219
32178
32259
32431
32234
32290
32249
32436
32340
32218
32368
32192
32315
32375
32253
32439
32315
32392
32564
32305
32371
32383
32489
32461
32248
32341
32423
32364
32551
32309
32355
32335
32387
32418
32411
32286
32355
32257
32427
32385
32165
32302
32355
32322
32361
32162
32212
32382
32406
32458
32266
32362
32426
32326
32471
32350
32386
32291
32299
32559
32280
32383
32212
32225
32416
32091
32470
32367
32147
32518
32269
32434
32253
32255
32391
32222
32305
32264
32195
32276
32300
32375
32323
32214
32176
32249
32329
32393
32165
32158
32455
32377
32221
32318
32166
32273
32477
32225
32379
32157
32273
32432
32218
32423
32269
32358
32436
32235
32530
32464
32349
32300
32081
32604
32242
32338
32294
32155
32433
32410
32322
32254
32177
32386
32264
32256
32345
32262
32321
32323
32396
32337
32415
32260
32107
32252
32585
32260
32314
32230
32343
32333
32514
32182
32087
32321
32495
32315
32244
32125
32434
32334
32505
32340
32095
32389
32392
32549
32387
32314
32436
32290
32532
32289
32376
32496
32116
32542
32288
32313
32448
32211
32437
32437
32313
32608
32175
32424
32334
32347
32389
32266
32375
32341
32223
32442
32267
32382
32246
32376
32237
32384
32553
32327
32420
32306
32405
32635
32337
32370
32224
32330
32594
32380
32358
32294
32276
32461
32527
32261
32333
32228
32456
32354
32282
32324
32206
32404
32524
32321
32340
32221
32320
32440
32420
32414
32254
32421
32484
32330
32473
32242
32387
32502
32396
32583
32141
32335
32404
32387
32509
32291
32424
32341
32230
32496
32338
32450
32233
32158
32486
32406
32377
32388
32153
32441
32377
32450
32300
32230
32256
32429
32310
32394
32237
32356
32305
32358
32517
32272
32319
32456
32263
32465
32285
32420
32334
32222
32381
32467
32343
32465
32395
32245
32380
32414
32505
32419
32345
32201
32324
32466
32561
32222
32257
32358
32413
32501
32296
32220
32344
32345
32440
32356
32180
32311
32384
32471
32386
32238
32400
32484
32271
32383
32157
32207
32409
32516
32088
32255
32317
32506
32336
32307
32351
32360
32228
32462
32151
32238
32410
32349
32277
32231
32353
32357
32261
32411
32208
32310
32433
32333
32044
32440
32451
32373
32406
32193
32315
32508
32408
32449
32085
32440
32559
32384
32500
32139
32338
32430
32368
32403
32099
32225
32369
32554
32348
32168
32465
32152
32379
32450
32241
32337
32184
32503
32312
32177
32479
32281
32410
32293
32209
32257
32339
32535
32294
32116
32413
32392
32459
32440
32214
32234
32456
32538
32396
32297
32084
32463
32439
32438
32290
32249
32299
32435
32442
32164
32258
32405
32389
32355
32185
32216
32291
32430
32455
32152
32364
32301
32469
32497
32301
32504
32170
32305
32564
32150
32356
32201
32394
32528
32259
32402
32198
32327
32521
32166
32301
32087
32409
32439
32267
32314
32095
32294
32552
32122
32178
32196
32421
32453
32102
32117
32324
32315
32592
32258
32135
32206
32281
32598
32301
32090
32308
32246
32583
32373
32190
32439
32163
32431
32359
32242
32470
32299
32457
32420
32338
32443
32337
32286
32280
32308
32478
32389
32383
32171
32275
32352
32432
32430
32135
32240
32424
32475
32473
32128
32245
32322
32409
32431
32143
32073
32425
32421
32438
32187
32149
32484
32368
32439
32232
32322
32355
32497
32212
32286
32387
32452
32469
32364
32255
32520
32320
32554
32311
32213
32442
32428
32454
32201
32113
32463
32313
32583
32331
32186
32448
32445
32552
32465
32324
32402
32304
32475
32364
32355
32370
32389
32445
32299
32443
32371
32424
32414
32303
32481
32278
32493
32419
32300
32477
32351
32277
32475
32362
32438
32323
32406
32507
32370
32392
32342
32340
32434
32489
32325
32291
32348
32461
32466
32336
32262
32478
32325
32425
32345
32388
32423
32279
32485
32472
32362
32486
32191
32525
32431
32387
32439
32170
32392
32627
32405
32544
32172
32367
32485
32513
32519
32088
32312
32555
32398
32582
32206
32168
32473
32395
32508
32244
32136
32403
32325
32524
32359
32292
32335
32324
32491
32304
32331
32203
32380
32376
32485
32312
32190
32407
32259
32518
32420
32226
32459
32116
32500
32410
32330
32554
32329
32514
32322
32240
32641
32206
32412
32347
32317
32450
32305
32406
32394
32242
32333
32356
32233
32344
32382
32226
32392
32294
32440
32464
32300
32309
32128
32637
32248
32281
32447
32184
32432
32438
32211
32412
32298
32427
32442
32183
32512
32290
32378
32387
32278
32285
32330
32261
32306
32307
32315
32417
32173
32276
32366
32363
32368
32183
32213
32438
32332
32400
32249
32285
32455
32465
32148
32162
32249
32387
32406
32271
32185
32328
32428
32364
32192
32189
32340
32271
32445
32214
32303
32319
32415
32253
32370
32283
32425
32355
32369
32521
32261
32263
32433
32232
32345
32230
32279
32310
32231
32523
32360
32079
32349
32332
32504
32259
32109
32230
32305
32465
32308
32128
32193
32246
32421
32394
32215
32202
32346
32504
32533
32340
32323
32378
32438
32513
32417
32296
32313
32408
32439
32403
32351
32442
32443
32469
32462
32296
32472
32485
32444
32537
32157
32441
32502
32404
32478
32135
32404
32435
32230
32418
32067
32421
32489
32393
32551
32097
32321
32424
32347
32588
32144
32369
32410
32332
32509
32184
32508
32401
32269
32400
32276
32306
32451
32340
32268
32343
32472
32333
32310
32212
32310
32221
32350
32402
32050
32325
32302
32334
32264
32254
32437
32165
32283
32369
32283
32309
32305
32207
32259
32346
32270
32346
32220
32246
32161
32205
32335
32219
32219
32246
32249
32274
32128
32258
32298
32245
32269
32095
32365
32396
32359
32359
32178
32387
32280
32357
32156
32232
32359
32311
32329
32361
32378
32171
32292
32418
32366
32354
32313
32381
32268
32440
32476
32385
32367
32126
32374
32420
32417
32238
32178
32476
32425
32293
32386
32286
32378
32405
32443
32440
32272
32336
32517
32417
32369
32236
32397
32393
32383
32125
32295
32422
32324
32285
32279
32257
32394
32347
32300
32197
32202
32287
32201
32156
32297
32188
32292
32375
32212
32207
32191
32346
32275
32264
32333
32219
32258
32333
32160
32282
32323
32304
32363
32228
32149
32474
32397
32428
32195
32265
32408
32140
32520
32313
32171
32381
32235
32436
32143
32271
32335
32230
32503
32312
32281
32315
32228
32413
32389
32406
32083
32356
32298
32532
32399
32179
32255
32175
32430
32425
32317
32382
32370
32392
32660
32303
32378
32345
32302
32556
32386
32440
32366
32190
32435
32161
32465
32179
32243
32447
32208
32469
32313
32307
32296
32221
32370
32257
32165
32308
32277
32267
32327
32407
32207
32215
32208
32292
32449
32206
32127
32235
32486
32434
32189
32154
32098
32353
32513
32197
32116
32189
32493
32604
32366
32276
32322
32407
32546
32330
32344
32266
32349
32465
32477
32175
32379
32374
32436
32466
32307
32370
32306
32354
32439
32177
32296
32291
32320
32373
32355
32201
32288
32390
32380
32315
32242
32371
32349
32460
32393
32144
32099
32488
32382
32291
32320
32157
32250
32388
32334
32303
32078
32395
32414
32319
32293
32179
32321
32479
32294
32315
32161
32236
32394
32390
32294
32350
32176
32399
32328
32242
32270
32214
32380
32369
32224
32537
32184
32493
32238
32347
32416
32215
32320
32331
32267
32526
32235
32430
32213
32285
32409
32281
32317
32306
32253
32553
32426
32436
32520
32352
32474
32415
32297
32549
32312
32507
32422
32344
32583
32234
32351
32484
32253
32480
32385
32327
32460
32178
32432
32433
32249
32324
32317
32317
32564
32151
32326
32244
32221
32508
32273
32256
32295
32069
32634
32130
32273
32349
32156
32639
32223
32249
32467
32158
32505
32345
32225
32318
32273
32437
32348
32238
32338
32337
32318
32283
32248
32293
32513
32365
32333
32339
32233
32475
32271
32364
32261
32187
32365
32237
32299
32364
32299
32295
32276
32391
32404
32396
32244
32177
32215
32409
32338
32270
32294
32335
32182
32544
32315
32239
32278
32217
32250
32341
32354
32389
32111
32322
32437
32410
32234
32345
32244
32546
32433
32433
32183
32224
32420
32476
32253
32223
32337
32482
32414
32382
32281
32336
32379
32419
32367
32474
32230
32336
32345
32367
32375
32449
32183
32341
32144
32431
32278
32277
32421
32250
32433
32398
32132
32393
32253
32500
32369
32176
32337
32296
32452
32463
32213
32201
32376
32362
32411
32358
32188
32360
32539
32395
32491
32218
32360
32503
32421
32159
32339
32429
32522
32315
32355
32249
32503
32495
32292
32311
32294
32564
32605
32192
32325
32195
32413
32569
32327
32275
32229
32390
32523
32435
32313
32366
32409
32528
32438
32333
32293
32486
32417
32457
32155
32432
32359
32361
32311
32198
32283
32491
32181
32444
32099
32311
32496
32303
32150
32353
32372
32473
32288
32225
32301
32370
32233
32356
32147
32318
32442
32339
32379
32211
32388
32546
32291
32401
32301
32354
32330
32230
32446
32162
32377
32422
32327
32316
32440
32272
32415
32392
32399
32271
32308
32261
32322
32189
32540
32130
32146
32305
32394
32391
32269
32348
32236
32238
32518
32223
32229
32200
32256
32485
32203
32225
32207
32173
32467
32170
32248
32245
32275
32346
32339
32309
32344
32225
32415
32332
32092
32260
32279
32321
32387
32208
32378
32244
32247
32399
32280
32374
32135
32378
32599
32341
32465
32143
32337
32628
32233
32442
32182
32333
32601
32169
32491
32230
32324
32601
32290
32268
32356
32250
32491
32343
32323
32391
32164
32412
32278
32345
32423
32189
32429
32374
32353
32515
32279
32497
32308
32399
32442
32206
32434
32368
32384
32502
32324
32602
32264
32543
32291
32289
32552
32390
32503
32442
32230
32560
32194
32596
32387
32283
32546
32282
32444
32429
32307
32560
32077
32409
32255
32401
32409
32215
32340
32319
32371
32501
32221
32238
32372
32423
32392
32321
32374
32402
32404
32311
32293
32228
32475
32280
32126
32370
32407
32452
32440
32273
32398
32201
32476
32287
32333
32367
32388
32331
32361
32453
32478
32149
32420
32158
32425
32462
32320
32355
32143
32399
32600
32232
32332
32131
32469
32567
32260
32399
32230
32454
32436
32354
32370
32309
32326
32421
32471
32246
32224
32484
32297
32438
32200
32263
32439
32269
32418
32104
32345
32654
32280
32473
32314
32365
32398
32246
32498
32294
32405
32493
32219
32290
32460
32447
32373
32333
32318
32494
32394
32298
32364
32258
32355
32303
32355
32321
32377
32229
32287
32369
32289
32416
32298
32063
32397
32361
32552
32281
32193
32300
32296
32475
32185
32188
32346
32231
32401
32306
32173
32252
32255
32354
32421
32262
32370
32345
32288
32405
32316
32285
32350
32225
32273
32391
32274
32341
32280
32446
32507
32384
32420
32327
32477
32458
32208
32418
32245
32330
32401
32229
32348
32374
32439
32415
32350
32488
32299
32421
32405
32379
32395
32224
32305
32482
32237
32469
32313
32191
32437
32487
32328
32468
32105
32300
32298
32397
32297
32195
32335
32468
32220
32426
32258
32462
32454
32275
32409
32271
32428
32470
32288
32343
32419
32522
32314
32416
32366
32461
32615
32257
32458
32366
32404
32606
32177
32244
32472
32308
32557
32073
32320
32582
32267
32487
32171
32236
32562
32330
32440
32201
32185
32371
32378
32354
32236
32211
32360
32417
32347
32256
32311
32236
32541
32450
32404
32344
32220
32430
32474
32326
32308
32168
32371
32437
32273
32446
32337
32340
32441
32247
32319
32391
32326
32480
32143
32295
32390
32385
32411
32201
32251
32297
32396
32547
32114
32115
32416
32457
32387
32218
32221
32379
32415
32402
32222
32265
32381
32472
32415
32261
32109
32526
32507
32460
32365
32054
32353
32582
32133
32405
32168
32331
32500
32346
32233
32283
32350
32422
32300
32484
32222
32281
32393
32248
32390
32285
32336
32467
32179
32304
32383
32206
32484
32400
32258
32461
32189
32309
32414
32361
32332
32089
32325
32415
32302
32440
32088
32266
32597
32326
32321
32212
32298
32485
32390
32533
32342
32248
32345
32472
32478
32408
32313
32272
32400
32325
32493
32369
32341
32387
32399
32507
32393
32244
32367
32321
32406
32365
32445
32487
32278
32268
32493
32560
32432
32307
32327
32510
32571
32448
32251
32313
32408
32604
32387
32265
32408
32430
32487
32310
32291
32500
32383
32488
32336
32387
32474
32353
32333
32221
32432
32465
32327
32407
32296
32297
32399
32375
32318
32276
32312
32273
32248
32312
32374
32259
32351
32232
32389
32304
32317
32376
32359
32463
32538
32362
32549
32296
32442
32420
32397
32565
32397
32335
32430
32275
32608
32428
32425
32325
32270
32409
32466
32478
32315
32125
32238
32477
32449
32171
32303
32185
32426
32462
32429
32080
32299
32336
32529
32477
32246
32196
32249
32325
32580
32208
32324
32355
32394
32411
32270
32467
32332
32305
32396
32351
32479
32303
32338
32313
32440
32586
32280
32278
32345
32512
32637
32307
32304
32362
32533
32514
32297
32227
32522
32543
32573
32121
32182
32474
32593
32468
32321
32047
32513
32468
32551
32144
32144
32382
32392
32374
32279
32222
32450
32374
32478
32301
32246
32357
32404
32412
32423
32332
32389
32341
32424
32411
32279
32301
32281
32316
32372
32183
32314
32331
32293
32444
32277
32224
32278
32246
32533
32335
32409
32258
32254
32489
32327
32430
32156
32435
32367
32273
32526
32301
32420
32354
32280
32482
32269
32469
32379
32237
32567
32417
32372
32259
32192
32483
32351
32478
32341
32226
32333
32338
32547
32370
32339
32353
32436
32461
32425
32240
32393
32254
32476
32365
32489
32211
32312
32155
32485
32423
32175
32357
32370
32302
32448
32299
32392
32215
32337
32410
32289
32139
32326
32223
32271
32392
32371
32227
32234
32359
32394
32404
32331
32094
32376
32499
32488
32285
32192
32407
32383
32515
32281
32181
32290
32331
32338
32348
32195
32370
32448
32434
32220
32203
32387
32268
32308
32427
32285
32145
32276
32444
32348
32313
32293
32259
32274
32393
32400
32264
32193
32482
32360
32349
32297
32201
32363
32355
32370
32335
32397
32433
32283
32237
32407
32504
32365
32388
32270
32345
32564
32414
32187
32192
32250
32534
32334
32232
32286
32392
32194
32361
32281
32241
32292
32335
32220
32354
32404
32429
32147
32205
32314
32334
32365
32140
32153
32397
32408
32392
32159
32335
32255
32317
32326
32161
32254
32376
32238
32421
32184
32376
32388
32153
32390
32326
32227
32381
32143
32224
32281
32358
32231
32241
32358
32267
32188
32397
32166
32248
32295
32391
32265
32274
32275
32366
32351
32214
32146
32447
32191
32464
32385
32273
32284
32327
32472
32405
32200
32202
32384
32538
32350
32259
32278
32321
32569
32250
32313
32301
32394
32550
32430
32294
32348
32238
32468
32447
32339
32361
32294
32486
32397
32335
32408
32241
32422
32376
32277
32540
32214
32357
32425
32486
32346
32215
32339
32493
32424
32451
32235
32345
32381
32556
32379
32330
32296
32282
32490
32464
32188
32271
32280
32551
32493
32232
32222
32359
32520
32443
32234
32264
32393
32388
32351
32185
32106
32420
32366
32221
32302
32183
32524
32304
32258
32288
32201
32410
32342
32189
32386
32329
32321
32339
32106
32381
32359
32209
32235
32081
32372
32483
32247
32219
32131
32450
32407
32197
32233
32061
32296
32471
32236
32380
32109
32429
32265
32222
32341
32141
32277
32257
32145
32368
32102
32529
32231
32077
32526
32177
32438
32189
32207
32428
32163
32557
32322
32237
32390
32095
32459
32291
32445
32333
32212
32385
32438
32370
32334
32357
32313
32365
32540
32360
32255
32276
32352
32454
32269
32402
32201
32336
32368
32424
32236
32268
32203
32378
32304
32409
32238
32132
32431
32383
32285
32343
32195
32292
32203
32499
32475
32275
32435
32472
32513
32423
32323
32316
32333
32552
32277
32329
32299
32434
32432
32293
32388
32318
32353
32436
32228
32330
32194
32399
32340
32232
32291
32197
32399
32358
32262
32360
32234
32445
32218
32281
32179
32258
32380
32233
32278
32160
32347
32470
32295
32320
32341
32231
32538
32381
32373
32383
32304
32300
32342
32282
32399
32281
32397
32241
32372
32516
32417
32418
32373
32307
32402
32380
32393
32241
32332
32340
32477
32221
32208
32480
32246
32331
32394
32118
32424
32236
32299
32265
32121
32581
32298
32225
32235
32189
32546
32208
32175
32290
32228
32602
32215
32172
32507
32278
32415
32397
32188
32407
32365
32333
32196
32304
32555
32397
32356
32214
32289
32504
32488
32391
32162
32264
32487
32283
32401
32141
32364
32463
32306
32191
32208
32389
32410
32268
32430
32302
32216
32318
32294
32386
32299
32407
32348
32246
32287
32423
32369
32391
32135
32312
32520
32555
32250
32274
32221
32442
32385
32451
32189
32280
32351
32455
32181
32376
32282
32393
32419
32445
32226
32277
32220
32386
32297
32394
32203
32273
32240
32536
32365
32243
32249
32402
32388
32201
32262
32333
32286
32494
32377
32220
32257
32209
32497
32316
32208
32214
32329
32446
32395
32082
32399
32267
32286
32491
32188
32095
32234
32490
32446
32236
32294
32201
32207
32457
32222
32160
32299
32384
32357
32219
32291
32414
32310
32360
32230
32469
32351
32228
32358
32231
32425
32366
32251
32367
32168
32339
32309
32234
32533
32274
32243
32399
32141
32347
32387
32300
32277
32031
32431
32287
32233
32362
32211
32280
32517
32125
32214
32232
32337
32414
32295
32274
32187
32217
32377
32403
32397
32223
32168
32187
32469
32428
32361
32313
32091
32486
32391
32405
32093
32048
32428
32453
32360
32291
32187
32353
32330
32353
32415
32159
32404
32331
32366
32535
32271
32377
32337
32255
32361
32311
32405
32359
32279
32417
32278
32325
32526
32417
32434
32349
32313
32428
32326
32292
32313
32211
32354
32295
32285
32350
32284
32337
32431
32299
32124
32358
32281
32396
32356
32201
32356
32288
32412
32414
32275
32232
32280
32477
32198
32357
32304
32314
32383
32473
32414
32335
32516
32479
32436
32483
32355
32431
32422
32372
32533
32422
32416
32340
32363
32621
32354
32396
32397
32399
32600
32293
32305
32407
32280
32570
32250
32326
32358
32235
32543
32456
32082
32112
32407
32486
32376
32251
32268
32383
32472
32273
32241
32150
32413
32495
32431
32220
32258
32415
32380
32490
32233
32303
32448
32227
32287
32305
32489
32378
32378
32319
32276
32523
32391
32279
32160
32167
32624
32245
32215
32158
32206
32516
32389
32178
32146
32114
32601
32342
32179
32114
32172
32529
32359
32171
32210
32128
32450
32376
32139
32291
32275
32303
32570
32111
32313
32421
32262
32536
32185
32376
32424
32087
32542
32117
32209
32482
32137
32502
32319
32280
32591
32086
32436
32382
32196
32609
32232
32351
32493
32303
32420
32311
32242
32370
32355
32482
32396
32253
32469
32405
32265
32476
32252
32410
32438
32226
32345
32332
32362
32464
32105
32395
32230
32346
32459
32207
32252
32326
32376
32422
32218
32247
32381
32306
32342
32139
32262
32494
32355
32502
32171
32170
32361
32542
32325
32341
32224
32316
32409
32444
32168
32256
32160
32534
32263
32263
32445
32151
32275
32421
32415
32391
32199
32336
32303
32335
32443
32258
32263
32391
32439
32337
32253
32148
32511
32398
32319
32248
32302
32420
32496
32286
32380
32196
32505
32295
32308
32323
32324
32404
32481
32304
32400
32103
32516
32373
32221
32391
32290
32415
32417
32172
32497
32210
32339
32345
32291
32346
32207
32395
32353
32277
32368
32202
32219
32379
32281
32379
32166
32323
32302
32303
32442
32337
32294
32283
32345
32513
32217
32131
32394
32333
32481
32245
32271
32529
32349
32283
32360
32356
32473
32291
32275
32358
32367
32378
32435
32095
32359
32366
32390
32233
32205
32368
32385
32375
32519
32129
32477
32396
32397
32330
32184
32585
32381
32400
32506
32232
32345
32284
32542
32378
32242
32389
32300
32514
32385
32196
32296
32225
32461
32287
32262
32366
32173
32375
32427
32332
32353
32217
32390
32188
32446
32465
32399
32358
32127
32346
32487
32272
32324
32304
32376
32412
32334
32334
32323
32275
32487
32476
32302
32366
32355
32360
32356
32367
32282
32390
32420
32311
32329
32279
32510
32415
32411
32437
32330
32330
32493
32402
32517
32330
32264
32274
32329
32524
32345
32223
32453
32356
32505
32387
32242
32406
32295
32342
32445
32284
32350
32274
32294
32458
32177
32267
32296
32277
32350
32186
32277
32319
32410
32408
32220
32228
32144
32438
32320
32186
32212
32256
32538
32342
32115
32327
32300
32427
32373
32308
32439
32180
32339
32267
32237
32450
32189
32146
32199
32342
32497
32324
32347
32124
32273
32365
32308
32214
32246
32376
32351
32210
32375
32394
32389
32255
32267
32306
32409
32308
32143
32246
32303
32445
32474
32161
32344
32240
32548
32524
32430
32244
32136
32378
32411
32468
32375
32170
32340
32325
32456
32465
32303
32379
32173
32496
32339
32333
32446
32261
32353
32267
32344
32304
32388
32355
32109
32294
32303
32389
32341
32212
32276
32247
32462
32170
32184
32374
32282
32428
32064
32289
32290
32221
32429
32148
32215
32264
32160
32417
32205
32303
32171
32127
32474
32257
32292
32257
32188
32465
32371
32324
32197
32205
32393
32255
32321
32187
32248
32280
32388
32331
32195
32346
32291
32389
32428
32221
32326
32085
32387
32396
32179
32276
32272
32402
32438
32306
32220
32258
32381
32337
32247
32168
32414
32270
32475
32353
32286
32474
32191
32281
32485
32381
32427
32237
32280
32388
32390
32418
32250
32152
32167
32447
32312
32228
32222
32201
32515
32353
32176
32323
32260
32424
32370
32377
32269
32389
32365
32510
32329
32354
32470
32330
32516
32396
32267
32590
32159
32435
32323
32296
32524
32281
32398
32416
32156
32584
32386
32385
32400
32332
32404
32435
32310
32329
32139
32369
32433
32405
32184
32225
32175
32538
32442
32179
32207
32193
32398
32454
32198
32364
32199
32392
32399
32030
32287
32277
32366
32515
32093
32257
32425
32407
32523
32257
32293
32134
32364
32325
32407
32291
32281
32395
32378
32301
32267
32466
32360
32231
32333
32220
32490
32423
32319
32274
32227
32478
32393
32175
32190
32220
32406
32408
32280
32282
32229
32277
32508
32411
32248
32059
32285
32386
32571
32315
32095
32340
32364
32490
32290
32127
32307
32232
32536
32348
32026
32419
32204
32481
32370
32226
32490
32229
32259
32504
32262
32440
32356
32316
32189
32284
32430
32426
32296
32135
32238
32472
32256
32446
32195
32266
32497
32320
32436
32221
32169
32428
32299
32584
32213
32265
32363
32336
32591
32299
32256
32416
32489
32503
32373
32338
32374
32385
32398
32439
32232
32440
32518
32355
32392
32184
32624
32536
32227
32324
32388
32494
32571
32111
32279
32325
32374
32458
32190
32110
32339
32304
32523
32245
32209
32448
32316
32450
32204
32182
32372
32189
32461
32120
32178
32429
32152
32378
32328
32219
32304
32166
32347
32309
32158
32389
32170
32276
32362
32285
32502
32180
32057
32364
32388
32416
32306
32109
32301
32392
32520
32229
32216
32266
32300
32395
32185
32312
32327
32269
32516
32401
32206
32320
32435
32358
32265
32299
32230
32396
32491
32197
32244
32301
32511
32367
32309
32328
32355
32291
32411
32171
32208
32323
32374
32283
32275
32291
32377
32249
32273
32328
32319
32353
32155
32271
32289
32269
32393
32239
32183
32237
32267
32381
32194
32209
32323
32396
32330
32307
32282
32183
32280
32391
32443
32292
32053
32179
32349
32459
32324
32121
32265
32310
32525
32333
32098
32210
32236
32574
32390
32214
32320
32220
32579
32394
32404
32319
32278
32589
32354
32376
32326
32314
32477
32216
32441
32202
32345
32444
32254
32474
32167
32410
32529
32166
32344
32210
32381
32409
32238
32449
32310
32366
32418
32305
32311
32400
32261
32448
32218
32309
32266
32305
32393
32262
32231
32443
32346
32319
32331
32290
32159
32349
32493
32365
32289
32272
32408
32498
32414
32364
32345
32271
32470
32256
32200
32214
32290
32456
32304
32312
32273
32368
32452
32327
32261
32243
32318
32577
32184
32385
32127
32260
32416
32349
32307
32226
32194
32525
32303
32454
32077
32241
32416
32433
32302
32224
32197
32601
32361
32326
32163
32350
32379
32324
32228
32345
32232
32441
32389
32318
32143
32328
32342
32477
32235
32045
32316
32404
32424
32209
32225
32533
32244
32367
32308
32364
32364
32395
32353
32272
32414
32413
32280
32400
32188
32462
32320
32488
32256
32207
32429
32390
32333
32425
32285
32412
32315
32433
32492
32215
32375
32395
32578
32333
32354
32312
32397
32446
32365
32403
32099
32341
32638
32229
32455
32213
32302
32459
32316
32391
32171
32312
32408
32304
32380
32255
32341
32219
32307
32400
32239
32274
32249
32219
32354
32335
32262
32224
32257
32462
32298
32281
32105
32276
32564
32335
32261
32189
32192
32594
32458
32207
32175
32288
32578
32476
32277
32337
32251
32453
32309
32282
32419
32324
32453
32399
32370
32511
32499
32334
32418
32317
32597
32507
32271
32296
32254
32487
32510
32182
32343
32233
32433
32435
32202
32452
32311
32544
32247
32211
32449
32362
32348
32250
32257
32252
32347
32442
32127
32323
32277
32408
32406
32248
32413
32336
32435
32373
32178
32429
32296
32419
32298
32164
32338
32328
32447
32310
32211
32246
32464
32448
32275
32284
32211
32301
32536
32249
32282
32182
32282
32411
32254
32388
32252
32183
32559
32310
32409
32298
32185
32394
32297
32539
32369
32293
32247
32440
32534
32561
32314
32136
32367
32446
32555
32378
32169
32335
32514
32389
32306
32230
32364
32444
32545
32278
32349
32347
32475
32324
32314
32351
32073
32425
32475
32135
32314
32192
32442
32336
32312
32436
32256
32420
32493
32357
32349
32346
32401
32369
32321
32289
32260
32232
32379
32317
32136
32372
32359
32333
32162
32360
32470
32370
32366
32351
32247
32453
32246
32494
32308
32373
32417
32329
32481
32302
32251
32424
32299
32481
32316
32220
32418
32240
32442
32429
32133
32299
32353
32266
32499
32157
32288
32351
32262
32331
32235
32272
32268
32228
32454
32342
32201
32080
32315
32454
32299
32316
32314
32245
32392
32330
32338
32319
32211
32430
32273
32248
32332
32129
32325
32349
32208
32421
32155
32124
32381
32294
32469
32265
32390
32401
32230
32467
32230
32326
32423
32213
32361
32223
32436
32502
32335
32314
32245
32494
32300
32333
32338
32185
32368
32367
32182
32243
32306
32333
32285
32159
32408
32258
32307
32289
32259
32143
32357
32327
32257
32112
32385
32435
32370
32249
32224
32268
32409
32346
32464
32246
32367
32326
32517
32321
32350
32466
32366
32366
32433
32487
32446
32337
32411
32489
32360
32366
32388
32387
32458
32287
32245
32457
32295
32379
32278
32297
32385
32208
32288
32425
32043
32480
32393
32367
32350
32172
32485
32414
32234
32242
32120
32473
32474
32388
32301
32288
32292
32552
32314
32296
32276
32261
32510
32379
32077
32435
32277
32438
32367
32116
32248
32208
32361
32366
32204
32333
32289
32177
32228
32293
32317
32295
32348
32213
32267
32261
32407
32192
32360
32285
32274
32313
32284
32239
32376
32202
32324
32358
32329
32346
32261
32306
32305
32226
32522
32203
32292
32374
32227
32290
32254
32384
32294
32200
32419
32275
32174
32260
32213
32381
32286
32288
32331
32252
32200
32379
32271
32373
32316
32281
32298
32196
32290
32444
32241
32307
32225
32475
32577
32266
32344
32279
32451
32474
32197
32259
32197
32365
32455
32296
32338
32165
32308
32437
32298
32230
32196
32334
32369
32451
32320
32211
32248
32215
32357
32182
32321
32126
32261
32517
32231
32356
32165
32155
32522
32241
32289
32140
32289
32435
32278
32264
32301
32213
32286
32383
32257
32135
32238
32437
32370
32109
32316
32303
32303
32333
32167
32090
32221
32424
32280
32101
32137
32300
32286
32277
32209
32193
32239
32146
32299
32143
32196
32311
32174
32259
32207
32237
32250
32252
32336
32220
32163
32282
32224
32212
32261
32202
32357
32290
32015
32379
32218
32328
32281
32199
32266
32344
32426
32322
32070
32336
32473
32354
32204
32301
32416
32523
32471
32390
32214
32259
32520
32433
32338
32335
32475
32524
32396
32509
32358
32397
32436
32350
32481
32405
32390
32487
32256
32438
32341
32498
32430
32310
32383
32321
32422
32304
32264
32380
32305
32281
32234
32334
32463
32348
32373
32216
32508
32400
32321
32318
32258
32347
32315
32212
32462
32212
32309
32239
32389
32412
32365
32388
32334
32253
32530
32462
32292
32215
32288
32431
32426
32322
32175
32235
32223
32310
32278
32332
32382
32272
32331
32410
32426
32181
32132
32394
32203
32452
32299
32269
32400
32335
32367
32194
32177
32300
32297
32475
32174
32264
32259
32365
32364
32377
32259
32227
32387
32462
32462
32305
32382
32272
32327
32559
32123
32302
32337
32407
32551
32148
32190
32417
32386
32479
32223
32366
32540
32262
32248
32389
32316
32458
32337
32223
32333
32358
32552
32255
32068
32427
32375
32447
32209
32156
32332
32429
32615
32094
32234
32358
32333
32578
32229
32274
32212
32308
32662
32098
32299
32432
32245
32609
32128
32331
32270
32207
32637
32131
32335
32361
32106
32583
32201
32427
32273
32100
32599
32097
32420
32284
32126
32621
32270
32422
32112
32129
32560
32295
32501
32108
32145
32502
32352
32536
32232
32035
32436
32347
32447
32128
32177
32426
32313
32352
32193
32268
32333
32276
32368
32222
32262
32333
32257
32363
32239
32363
32258
32283
32360
32139
32217
32440
32304
32296
32205
32484
32354
32364
32356
32340
32301
32316
32403
32427
32300
32432
32193
32430
32332
32398
32322
32228
32421
32240
32467
32346
32110
32391
32338
32510
32264
32143
32507
32133
32551
32367
32097
32463
32294
32357
32167
32188
32554
32161
32556
32315
32276
32449
32305
32489
32420
32311
32318
32243
32492
32336
32213
32286
32336
32323
32360
32325
32206
32227
32455
32429
32403
32146
32344
32434
32272
32471
32153
32233
32444
32168
32320
32284
32266
32335
32337
32404
32377
32249
32379
32416
32271
32326
32140
32486
32358
32124
32344
32251
32246
32379
32227
32400
32213
32270
32449
32449
32140
32359
32327
32307
32396
32175
32387
32271
32273
32420
32145
32463
32064
32206
32503
32236
32381
32088
32206
32517
32399
32341
32293
32178
32485
32424
32210
32274
32201
32525
32500
32206
32342
32143
32503
32555
32212
32443
32259
32451
32488
32337
32374
32242
32349
32488
32213
32377
32381
32412
32448
32270
32192
32350
32307
32615
32142
32265
32460
32330
32528
32187
32306
32374
32319
32527
32210
32230
32402
32342
32463
32151
32384
32428
32358
32281
32270
32425
32378
32344
32268
32098
32378
32232
32471
32244
32226
32486
32434
32220
32205
32234
32464
32382
32457
32178
32224
32423
32456
32397
32266
32175
32367
32419
32391
32092
32258
32347
32411
32467
32065
32417
32390
32327
32554
32206
32357
32209
32290
32588
32136
32487
32171
32251
32451
32315
32370
32090
32351
32655
32262
32495
32234
32297
32432
32430
32389
32255
32361
32444
32366
32343
32390
32417
32314
32476
32347
32406
32517
32377
32219
32270
32483
32339
32393
32330
32338
32491
32492
32326
32289
32503
32468
32439
32425
32273
32499
32473
32424
32378
32193
32418
32483
32271
32352
32215
32259
32558
32397
32377
32252
32230
32470
32363
32416
32362
32029
32472
32402
32530
32311
32240
32439
32445
32434
32398
32307
32324
32351
32567
32540
32284
32390
32414
32402
32513
32360
32306
32320
32450
32483
32304
32393
32300
32388
32483
32308
32440
32393
32400
32433
32198
32349
32328
32360
32393
32279
32391
32310
32499
32436
32218
32303
32317
32471
32440
32190
32403
32408
32593
32377
32350
32437
32432
32495
32364
32244
32458
32361
32529
32364
32395
32421
32312
32346
32446
32363
32387
32293
32480
32395
32269
32246
32281
32438
32440
32451
32248
32083
32412
32453
32407
32335
32261
32380
32404
32298
32416
32236
32225
32405
32252
32366
32381
32155
32326
32276
32459
32260
32107
32149
32274
32233
32424
32180
32150
32440
32274
32186
32270
32302
32313
32226
32289
32375
32162
32589
32274
32177
32428
32177
32492
32352
32265
32585
32210
32511
32495
32270
32488
32186
32431
32549
32259
32432
32223
32423
32529
32180
32415
32163
32452
32399
32354
32250
32193
32434
32422
32258
32310
32116
32497
32143
32400
32395
32302
32593
32233
32303
32474
32251
32538
32131
32500
32355
32464
32373
32249
32480
32354
32403
32461
32244
32429
32275
32464
32296
32271
32566
32259
32427
32361
32406
32469
32234
32288
32228
32401
32405
32301
32360
32380
32319
32201
32366
32094
32257
32429
32079
32199
32319
32253
32391
32164
32221
32252
32114
32421
32230
32171
32423
32243
32090
32350
32382
32229
32246
32261
32299
32228
32448
32160
32080
32378
32319
32283
32273
32200
32346
32283
32404
32391
32231
32350
32466
32392
32475
32234
32183
32284
32485
32367
32378
32235
32131
32431
32522
32396
32237
32264
32494
32483
32472
32230
32183
32238
32477
32382
32270
32219
32382
32289
32379
32225
32229
32328
32396
32381
32098
32434
32392
32302
32422
32061
32414
32307
32392
32500
32219
32351
32460
32372
32370
32187
32252
32389
32272
32525
32249
32274
32357
32081
32502
32220
32290
32287
32118
32562
32265
32435
32276
32035
32498
32205
32386
32274
32194
32368
32095
32465
32405
32251
32366
32143
32355
32390
32474
32284
32193
32382
32491
32428
32152
32235
32480
32278
32481
32295
32176
32500
32321
32370
32326
32211
32556
32285
32309
32398
32077
32491
32375
32266
32211
32261
32528
32350
32313
32345
32213
32392
32478
32402
32231
32376
32409
32421
32291
32325
32350
32327
32545
32316
32208
32299
32452
32411
32346
32236
32422
32310
32333
32236
32363
32376
32433
32446
32353
32278
32383
32365
32293
32276
32397
32287
32297
32234
32346
32326
32311
32315
32176
32203
32320
32480
32411
32283
32228
32345
32283
32294
32285
32272
32152
32419
32257
32502
32117
32219
32433
32271
32315
32116
32265
32395
32123
32434
32207
32301
32358
32197
32315
32181
32410
32515
32293
32320
32167
32378
32448
32346
32304
32198
32357
32327
32289
32465
32197
32379
32391
32374
32343
32278
32397
32262
32314
32450
32365
32334
32162
32362
32376
32373
32439
32271
32301
32340
32407
32448
32416
32074
32231
32385
32256
32487
32275
32255
32309
32336
32339
32153
32331
32142
32339
32509
32318
32172
32263
32297
32361
32330
32404
32163
32251
32172
32446
32317
32276
32292
32187
32252
32326
32367
32251
32258
32357
32446
32461
32167
32127
32370
32518
32512
32250
32145
32382
32480
32445
32233
32077
32297
32406
32431
32147
32170
32267
32349
32413
32177
32228
32265
32184
32494
32257
32182
32138
32330
32366
32285
32236
32156
32211
32466
32310
32310
32153
32175
32380
32259
32311
32136
32136
32400
32360
32340
32285
32266
32257
32375
32375
32409
32152
32161
32377
32400
32283
32316
32236
32277
32352
32330
32355
32278
32383
32409
32346
32274
32215
32363
32369
32245
32223
32320
32385
32454
32321
32308
32272
32408
32399
32324
32190
32235
32447
32445
32381
32269
32334
32472
32268
32386
32380
32439
32318
32282
32521
32412
32340
32298
32263
32471
32385
32388
32337
32223
32329
32393
32446
32437
32150
32216
32383
32399
32352
32184
32210
32180
32439
32484
32186
32283
32250
32446
32544
32306
32247
32181
32313
32582
32220
32401
32139
32263
32388
32191
32326
32196
32181
32434
32198
32353
32173
32338
32266
32282
32361
32261
32315
32379
32391
32396
32225
32433
32123
32412
32379
32316
32366
32378
32485
32334
32293
32485
32377
32475
32294
32360
32352
32438
32334
32455
32236
32262
32573
32513
32244
32377
32269
32565
32412
32406
32236
32171
32446
32539
32451
32421
32298
32357
32473
32475
32363
32388
32303
32342
32337
32375
32495
32312
32353
32340
32382
32444
32231
32248
32453
32231
32468
32416
32326
32404
32375
32209
32421
32095
32394
32378
32348
32401
32177
32361
32443
32271
32160
32195
32474
32213
32380
32344
32243
32464
32209
32215
32381
32381
32496
32139
32236
32441
32297
32565
32171
32096
32303
32215
32546
32244
32107
32400
32314
32532
32404
32147
32271
32223
32389
32400
32219
32246
32217
32311
32570
32229
32232
32192
32324
32560
32294
32166
32335
32409
32509
32338
32248
32508
32256
32383
32513
32259
32442
32248
32258
32414
32144
32361
32359
32316
32377
32173
32490
32412
32332
32413
32166
32414
32319
32382
32396
32143
32328
32289
32284
32484
32231
32263
32302
32369
32438
32187
32395
32239
32330
32618
32177
32395
32321
32178
32553
32247
32373
32168
32273
32541
32372
32162
32298
32278
32484
32397
32283
32177
32236
32343
32470
32235
32310
32168
32450
32447
32311
32255
32291
32429
32314
32320
32097
32336
32487
32213
32240
32229
32325
32368
32088
32373
32250
32375
32562
32220
32247
32177
32431
32518
32205
32219
32405
32283
32593
32025
32307
32281
32277
32503
32203
32342
32353
32083
32468
32198
32440
32138
32179
32492
32215
32305
32272
32241
32403
32330
32379
32175
32224
32251
32303
32405
32264
32375
32198
32219
32328
32256
32406
32343
32202
32337
32520
32428
32336
32351
32386
32522
32336
32262
32379
32340
32481
32240
32359
32442
32338
32504
32116
32186
32533
32392
32463
32070
32173
32487
32394
32474
32032
32178
32438
32422
32358
32095
32171
32405
32440
32536
32182
32238
32430
32353
32529
32314
32316
32491
32266
32433
32398
32157
32447
32288
32294
32347
32224
32479
32398
32281
32544
32196
32258
32459
32316
32458
32259
32234
32428
32164
32592
32183
32096
32398
32247
32481
32254
32135
32288
32156
32614
32255
32178
32146
32286
32525
32447
32151
32262
32231
32541
32175
32315
32298
32241
32337
32326
32392
32170
32303
32423
32147
32312
32277
32326
32217
32105
32473
32337
32381
32210
32160
32248
32356
32407
32254
32277
32317
32284
32451
32462
32337
32202
32379
32346
32414
32292
32163
32296
32308
32535
32332
32168
32385
32403
32435
32470
32261
32286
32316
32415
32382
32253
32318
32527
32338
32353
32391
32365
32449
32452
32409
32351
32253
32387
32371
32525
32259
32243
32471
32419
32330
32210
32182
32486
32285
32517
32304
32293
32426
32266
32475
32364
32281
32374
32290
32428
32179
32189
32475
32221
32448
32155
32251
32449
32460
32359
32243
32217
32423
32383
32386
32112
32229
32379
32416
32322
32306
32251
32402
32415
32286
32242
32344
32447
32428
32321
32259
32405
32602
32298
32416
32334
32474
32409
32410
32442
32251
32383
32489
32246
32304
32213
32586
32352
32336
32396
32303
32580
32328
32262
32412
32408
32645
32185
32309
32262
32437
32488
32292
32146
32256
32434
32428
32153
32306
32213
32312
32393
32360
32354
32379
32494
32370
32415
32438
32354
32431
32221
32384
32353
32411
32481
32311
32335
32396
32452
32431
32342
32316
32371
32427
32434
32317
32373
32319
32357
32433
32347
32448
32382
32300
32463
32128
32515
32420
32166
32441
32309
32453
32442
32193
32275
32095
32504
32301
32233
32330
32255
32285
32571
32320
32353
32360
32396
32408
32297
32295
32452
32306
32334
32456
32237
32394
32463
32376
32438
32305
32448
32559
32292
32386
32311
32436
32519
32429
32285
32504
32374
32497
32361
32250
32238
32301
32547
32439
32249
32402
32319
32436
32445
32308
32269
32208
32497
32379
32429
32248
32150
32420
32436
32394
32136
32141
32312
32317
32533
32243
32248
32262
32361
32384
32220
32180
32295
32470
32392
32271
32356
32134
32423
32426
32270
32420
31985
32376
32371
32328
32483
32075
32460
32301
32393
32377
32156
32488
32221
32335
32617
32299
32353
32342
32389
32632
32280
32455
32310
32369
32475
32354
32440
32452
32333
32491
32362
32443
32396
32337
32473
32411
32403
32496
32255
32311
32383
32323
32489
32370
32204
32410
32479
32467
32429
32069
32339
32473
32336
32321
32166
32242
32448
32285
32413
32227
32285
32344
32221
32407
32255
32211
32364
32166
32496
32195
32233
32194
32105
32409
32374
32327
32119
32321
32454
32295
32388
32106
32220
32255
32246
32461
32107
32389
32242
32338
32411
32265
32261
32163
32160
32494
32332
32311
32362
32275
32279
32416
32247
32387
32144
32205
32342
32174
32493
32312
32216
32347
32173
32287
32342
32250
32491
32316
32261
32413
32323
32386
32329
32167
32231
32299
32471
32356
32193
32325
32329
32376
32436
32288
32343
32300
32412
32429
32448
32486
32215
32352
32427
32334
32408
32353
32384
32340
32309
32410
32383
32221
32378
32181
32386
32428
32375
32222
32189
32315
32406
32330
32521
32176
32423
32451
32448
32411
32313
32452
32282
32290
32571
32124
32394
32269
32300
32540
32252
32477
32299
32258
32496
32252
32364
32141
32291
32372
32207
32370
32179
32293
32333
32242
32342
32129
32401
32253
32364
32246
32242
32349
32349
32220
32267
32251
32528
32148
32291
32147
32431
32420
32145
32228
32302
32353
32420
32039
32392
32153
32261
32386
32146
32234
32207
32474
32397
32141
32332
32291
32371
32338
32126
32268
32255
32514
32343
32150
32247
32285
32330
32281
32299
32349
32213
32289
32395
32322
32279
32295
32294
32264
32470
32524
32113
32280
32267
32396
32440
32254
32316
32334
32339
32395
32288
32366
32352
32332
32423
32425
32335
32250
32167
32374
32368
32230
32329
32194
32291
32480
32273
32247
32171
32157
32471
32205
32163
32308
32264
32521
32170
32162
32266
32207
32471
32175
32239
32440
32312
32414
32335
32272
32363
32317
32324
32368
32367
32454
32388
32368
32271
32428
32464
32416
32348
32406
32372
32393
32420
32270
32355
32432
32341
32466
32320
32296
32332
32170
32492
32404
32265
32327
32232
32353
32358
32419
32290
32212
32291
32222
32202
32291
32431
32280
32412
32232
32254
32340
32388
32275
32255
32340
32575
32402
32211
32148
32415
32478
32471
32225
32186
32391
32431
32514
32330
32294
32497
32490
32334
32246
32315
32496
32494
32370
32254
32413
32530
32463
32382
32352
32247
32468
32417
32336
32367
32248
32493
32546
32116
32431
32320
32491
32409
32149
32344
32221
32595
32512
32057
32361
32271
32427
32336
32217
32354
32155
32430
32446
32224
32211
32231
32314
32407
32212
32219
32259
32339
32447
32195
32345
32410
32199
32241
32274
32458
32321
32132
32321
32394
32427
32393
32197
32369
32477
32510
32373
32199
32360
32442
32374
32440
32050
32267
32527
32316
32445
32110
32287
32587
32210
32397
32289
32379
32569
32157
32382
32313
32262
32528
32034
32422
32369
32376
32407
32160
32248
32455
32247
32476
32026
32268
32427
32382
32387
32174
32208
32273
32243
32576
32116
32216
32478
32325
32486
32331
32223
32378
32014
32405
32296
32275
32355
32097
32400
32467
32339
32288
32138
32345
32328
32441
32373
32118
32293
32424
32427
32287
32302
32235
32368
32439
32357
32311
32330
32438
32437
32375
32377
32417
32337
32408
32296
32386
32457
32465
32387
32407
32473
32379
32449
32404
32270
32392
32457
32505
32403
32353
32356
32441
32433
32479
32284
32296
32418
32406
32410
32185
32280
32392
32337
32379
32287
32201
32176
32311
32423
32373
32393
32323
32175
32522
32505
32308
32345
32256
32450
32319
32404
32429
32196
32402
32473
32331
32288
32236
32456
32471
32440
32249
32366
32338
32548
32375
32327
32463
32389
32446
32404
32176
32405
32285
32429
32161
32394
32230
32260
32470
32252
32247
32216
32453
32402
32189
32370
32247
32281
32527
32221
32301
32238
32476
32331
32222
32421
32225
32298
32564
32172
32215
32309
32387
32464
32314
32372
32461
32200
32385
32346
32351
32462
32319
32296
32376
32328
32521
32180
32237
32328
32372
32579
32308
32112
32433
32396
32612
32433
32280
32369
32463
32431
32559
32264
32266
32224
32435
32506
32316
32255
32390
32352
32489
32488
32201
32282
32352
32357
32541
32195
32272
32365
32141
32506
32226
32138
32408
32270
32354
32430
32309
32374
32143
32315
32379
32162
32345
32063
32250
32486
32140
32282
32048
32304
32496
32290
32196
32138
32229
32396
32312
32356
32156
32204
32231
32463
32284
32197
32223
32235
32489
32256
32313
32307
32164
32573
32329
32334
32167
32121
32543
32376
32204
32241
32223
32503
32297
32389
32333
32338
32378
32451
32293
32431
32264
32404
32276
32380
32319
32178
32327
32365
32324
32393
32412
32456
32238
32489
32447
32388
32499
32296
32461
32302
32452
32524
32178
32445
32268
32404
32496
32196
32349
32231
32355
32349
32212
32262
32344
32303
32319
32109
32205
32477
32334
32250
32183
32073
32502
32381
32279
32068
32159
32516
32398
32132
32284
32186
32323
32436
32331
32207
32170
32454
32342
32161
32403
32247
32339
32375
32190
32219
32354
32494
32191
32253
32292
32445
32465
32192
32258
32218
32380
32538
32404
32160
32255
32449
32492
32356
32335
32347
32450
32340
32425
32224
32265
32473
32246
32435
32171
32166
32416
32193
32541
32223
32115
32392
32367
32268
32406
32233
32368
32412
32404
32451
32105
32295
32512
32294
32529
32134
32347
32536
32195
32430
32020
32322
32656
32249
32364
32229
32263
32543
32197
32431
32222
32075
32410
32296
32271
32382
32178
32406
32305
32281
32408
32139
32325
32423
32377
32560
32068
32132
32479
32352
32510
32064
32240
32423
32404
32447
32252
32296
32205
32263
32394
32374
32262
32287
32316
32331
32356
32294
32255
32352
32200
32399
32401
32397
32229
32352
32308
32502
32391
32155
32407
32340
32372
32401
32217
32338
32234
32453
32367
32278
32415
32441
32300
32377
32288
32252
32325
32351
32125
32339
32110
32403
32278
32281
32411
32208
32230
32148
32250
32434
32340
32318
32304
32249
32453
32363
32323
32427
32208
32290
32407
32433
32373
32236
32317
32520
32510
32189
32206
32247
32457
32518
32287
32343
32226
32324
32404
32180
32174
32350
32337
32423
32091
32310
32474
32392
32211
32197
32291
32382
32395
32319
32273
32235
32361
32373
32248
32391
32275
32261
32343
32336
32587
32440
32198
32161
32339
32484
32358
32135
32110
32370
32489
32385
32270
32065
32436
32324
32489
32310
32075
32398
32385
32409
32252
32078
32487
32160
32470
32392
32258
32492
32409
32349
32318
32194
32403
32251
32455
32159
32361
32361
32341
32293
32253
32296
32296
32381
32448
32325
32374
32414
32300
32337
32381
32259
32218
32208
32326
32493
32271
32379
32129
32376
32530
32205
32287
32328
32247
32619
32343
32372
32216
32184
32491
32412
32318
32275
32205
32506
32303
32430
32179
32218
32463
32257
32442
32305
32203
32460
32329
32521
32240
32186
32357
32208
32455
32458
32156
32311
32263
32436
32376
32244
32386
32131
32255
32398
32443
32355
32315
32323
32477
32331
32317
32255
32333
32475
32466
32378
32275
32312
32463
32483
32372
32265
32390
32447
32380
32424
32356
32341
32245
32438
32427
32211
32355
32279
32393
32454
32034
32487
32335
32280
32466
32238
32444
32249
32349
32490
32168
32402
32341
32271
32505
32170
32425
32351
32248
32549
32199
32329
32400
32217
32467
32192
32309
32278
32201
32501
32378
32351
32371
32127
32366
32413
32183
32306
32209
32358
32398
32328
32389
32240
32217
32183
32262
32526
32097
32155
32323
32426
32457
32249
32332
32217
32158
32486
32334
32329
32421
32194
32384
32320
32463
32512
32196
32373
32449
32431
32508
32254
32366
32347
32441
32476
32316
32313
32436
32437
32323
32314
32385
32335
32406
32264
32255
32396
32267
32339
32246
32324
32257
32271
32381
32309
32215
32396
32290
32389
32231
32209
32307
32312
32298
32231
32242
32405
32218
32331
32365
32396
32340
32233
32295
32229
32434
32398
32302
32307
32229
32386
32398
32251
32239
32252
32358
32378
32154
32254
32403
32330
32513
32188
32231
32194
32364
32450
32249
32191
32353
32336
32592
32150
32115
32473
32290
32517
32102
32214
32440
32237
32547
32264
32067
32347
32191
32604
32371
32269
32402
32362
32371
32494
32273
32275
32289
32406
32394
32337
32134
32288
32234
32558
32375
32170
32131
32249
32533
32550
32077
32208
32229
32420
32380
32197
32205
32277
32436
32433
32203
32219
32258
32363
32419
32237
32307
32274
32375
32406
32291
32292
32369
32232
32264
32204
32469
32280
32360
32420
32285
32261
32196
32382
32439
32219
32326
32300
32374
32338
32388
32197
32355
32525
32163
32293
32273
32478
32501
32222
32221
32342
32464
32518
32145
32181
32436
32460
32464
32277
32222
32222
32442
32328
32356
32128
32193
32338
32442
32354
32278
32222
32416
32362
32497
32290
32236
32442
32306
32359
32351
32299
32388
32186
32217
32392
32345
32348
32294
32325
32296
32537
32345
32262
32287
32399
32504
32351
32170
32313
32270
32519
32300
32200
32274
32203
32538
32310
32262
32423
32259
32401
32231
32306
32449
32134
32360
32294
32264
32342
32218
32369
32478
32366
32407
32253
32398
32230
32293
32299
32229
32323
32303
32316
32303
32302
32549
32086
32221
32401
32240
32463
32356
32278
32447
32311
32429
32238
32168
32453
32352
32395
32233
32087
32404
32295
32388
32232
32106
32412
32133
32402
32306
32174
32393
32242
32406
32186
32368
32330
32374
32435
32281
32265
32166
32375
32549
32310
32148
32353
32537
32429
32333
32279
32395
32390
32486
32469
32276
32316
32447
32380
32402
32116
32455
32377
32395
32338
32040
32352
32312
32387
32283
32230
32446
32261
32354
32498
32210
32359
32208
32323
32360
32151
32212
32393
32238
32378
32229
32435
32255
32363
32450
32443
32294
32347
32294
32314
32326
32426
32245
32378
32110
32234
32380
32399
32470
32339
32214
32377
32374
32551
32278
32187
32197
32366
32417
32371
32200
32308
32336
32440
32256
32178
32391
32307
32384
32425
32214
32460
32350
32394
32351
32255
32521
32213
32271
32338
32322
32475
32201
32383
32325
32376
32456
32250
32451
32407
32381
32561
32224
32232
32403
32429
32372
32256
32314
32362
32345
32552
32308
32310
32373
32360
32521
32411
32261
32366
32327
32541
32294
32414
32381
32209
32404
32445
32404
32325
32307
32396
32402
32394
32297
32336
32307
32402
32551
32365
32411
32343
32432
32495
32332
32326
32339
32376
32344
32368
32478
32199
32340
32353
32323
32395
32279
32390
32489
32117
32352
32280
32280
32433
32134
32363
32279
32333
32403
32064
32192
32302
32275
32515
32166
32147
32382
32272
32461
32086
32183
32562
32273
32366
32185
32327
32488
32389
32385
32193
32361
32485
32349
32250
32360
32366
32468
32400
32222
32389
32325
32472
32386
32273
32547
32443
32416
32396
32272
32502
32306
32378
32328
32383
32436
32304
32392
32303
32332
32434
32369
32307
32131
32420
32405
32408
32400
32135
32547
32223
32397
32504
32150
32414
32447
32466
32467
32294
32407
32390
32327
32305
32331
32302
32419
32221
32205
32417
32346
32378
32357
32212
32532
32387
32405
32431
32102
32394
32324
32376
32321
32167
32369
32208
32315
32436
32224
32468
32209
32313
32639
32276
32397
32282
32360
32622
32112
32447
32323
32238
32568
32072
32275
32287
32387
32454
32212
32293
32368
32289
32429
32195
32308
32289
32445
32459
32278
32316
32397
32245
32443
32282
32241
32326
32475
32285
32388
32203
32394
32493
32310
32349
32288
32377
32480
32233
32341
32231
32199
32495
32259
32142
32378
32248
32510
32430
32326
32373
32098
32396
32438
32279
32478
32301
32367
32574
32337
32376
32362
32302
32539
32293
32465
32377
32328
32337
32306
32304
32242
32358
32475
32184
32450
32341
32410
32413
32303
32541
32260
32430
32339
32312
32582
32140
32411
32211
32369
32576
32210
32318
32309
32345
32468
32176
32401
32424
32403
32354
32275
32258
32440
32234
32368
32264
32233
32352
32306
32329
32410
32245
32216
32251
32308
32479
32179
32203
32249
32336
32636
32220
32225
32167
32380
32492
32349
32091
32371
32296
32563
32192
32204
32531
32319
32326
32423
32091
32394
32219
32493
32206
32237
32597
32400
32503
32329
32204
32437
32359
32583
32273
32229
32381
32338
32588
32352
32246
32263
32361
32388
32408
32277
32258
32206
32429
32304
32272
32065
32156
32411
32313
32372
32110
32177
32355
32222
32270
32311
32057
32313
32218
32465
32201
32161
32323
32362
32220
32415
32217
32349
32349
32347
32441
32301
32164
32408
32170
32566
32299
32308
32576
32167
32355
32326
32281
32568
32113
32369
32348
32250
32466
32205
32311
32470
32207
32413
32300
32179
32494
32270
32346
32332
32271
32219
32225
32272
32382
32280
32486
32273
32334
32533
32422
32354
32375
32344
32479
32271
32382
32295
32267
32365
32325
32337
32233
32400
32369
32317
32301
32350
32216
32348
32175
32246
32207
32321
32277
32130
32356
32479
32246
32362
32178
32436
32314
32230
32416
32268
32308
32409
32133
32452
32390
32351
32503
32269
32420
32435
32376
32441
32253
32429
32293
32427
32422
32375
32427
32322
32278
32281
32433
32459
32349
32245
32323
32438
32448
32339
32389
32328
32280
32420
32267
32373
32395
32251
32345
32285
32445
32448
32302
32439
32312
32353
32500
32365
32453
32345
32196
32481
32282
32433
32330
32192
32347
32372
32499
32459
32242
32303
32215
32505
32321
32379
32296
32109
32307
32476
32325
32271
32239
32340
32386
32408
32398
32363
32343
32422
32433
32541
32419
32302
32378
32343
32493
32508
32259
32509
32228
32549
32551
32355
32276
32259
32428
32530
32356
32437
32205
32401
32374
32381
32382
32439
32347
32377
32277
32348
32396
32486
32306
32370
32218
32455
32317
32293
32307
32290
32252
32330
32174
32358
32169
32283
32326
32291
32446
32241
32297
32408
32355
32565
32346
32390
32140
32328
32531
32405
32202
32310
32493
32529
32383
32214
32295
32405
32544
32468
32309
32240
32507
32493
32430
32276
32211
32450
32448
32300
32303
32230
32487
32495
32264
32223
32305
32554
32362
32313
32310
32365
32516
32520
32268
32349
32307
32603
32387
32447
32275
32251
32376
32322
32350
32399
32291
32470
32122
32485
32568
32314
32366
32149
32386
32473
32496
32376
32186
32255
32318
32430
32165
32298
32166
32205
32529
32233
32330
32135
32219
32540
32296
32248
32133
32200
32443
32148
32398
32135
32204
32359
32281
32225
32187
32323
32390
32277
32290
