31193
31277
31170
31276
31153
31237
31163
31190
31129
31325
31174
31249
31066
31161
31154
31224
31171
31088
31054
31103
31211
31231
30934
31115
31146
31280
31165
30961
31068
31153
31214
31166
31079
31022
31082
31213
31101
31026
31187
31141
31066
31165
31132
31153
31147
30907
31128
31243
31045
31083
30868
31051
31371
31007
30965
31101
31090
31396
31032
30914
31006
31215
31240
30976
30974
31054
31256
31284
30976
31090
31102
31088
31288
31101
31105
31082
31010
31130
31098
31258
30965
30949
31241
31154
31273
31091
30971
31053
31250
31210
31148
31025
31035
31038
31402
31058
30977
31192
31180
31259
31164
31009
31106
31086
31213
30996
31058
31098
31098
31193
30973
31108
31176
31179
31101
30977
31106
31218
31141
31092
30966
31153
31206
31000
31023
31192
31281
31145
31047
31129
31179
31285
31227
30997
31016
31400
31123
31088
31237
31123
31148
31288
31079
31211
31137
31156
31034
31205
31196
31138
31055
31105
31210
31237
31172
31238
31150
31191
31237
30996
31028
31093
31148
31079
30915
31153
31178
31196
31079
31023
31044
31179
31104
31108
31054
30964
31158
31168
31066
31221
31054
31044
31126
31211
31190
31037
31192
31016
31181
31241
30954
31096
31097
31124
31133
31091
31043
31105
31160
31104
31136
31035
31048
31169
31000
30969
31107
31012
31186
31042
31115
31033
31090
31166
31045
31085
31149
31263
31181
31063
31113
31088
31238
31092
30985
31059
31175
31173
31108
31085
30980
31074
31124
31092
31042
31155
31119
31035
31140
31095
31052
31277
31054
31067
31241
31239
31184
31253
31025
31308
31125
31160
31035
30996
31163
31293
31168
31091
31081
31207
31218
31264
31139
30965
31201
31151
31142
31178
31122
31135
31210
31192
31172
31101
31185
31105
31171
31252
31090
31225
31148
31022
31360
30994
31139
31169
31136
31217
31159
31135
30945
31209
31260
31098
31168
31071
31171
31157
31036
31225
31150
31259
31212
31010
31176
31162
31294
31150
31068
31288
31331
31113
31193
31098
31163
31322
31256
31031
31100
31194
31307
30986
31114
31296
31201
31309
31085
31032
31215
31124
31290
31178
31136
31280
31099
31243
31065
31006
31242
31150
31159
31215
31040
31141
31091
31251
31114
31174
31089
31100
31217
31034
31111
31161
30954
31202
30995
31076
31153
31072
31173
31068
31188
31084
31086
31303
31044
31073
31143
31134
31243
31155
31202
31159
31052
31228
30907
31087
31092
30977
31244
31046
31172
31211
30904
31279
31159
31213
31150
31048
31203
31226
31194
31012
31021
31361
31099
31042
30985
31114
31095
31021
31014
31092
31121
31077
31046
30995
31151
31276
30999
31026
31128
31311
31108
30968
31049
31205
31245
31269
31104
30929
31131
31339
31213
31173
31084
31073
31140
31373
31105
31079
31019
31174
31158
31140
31074
31142
30969
31167
31083
31003
31028
31154
31080
31071
31126
31077
31201
31216
31018
31183
31195
31103
31138
31094
31037
31284
31085
31073
31040
31234
31245
31113
31107
31094
31249
31237
31003
31152
31111
31201
31173
30942
31150
31259
31095
31043
31019
31152
31151
30980
31029
31125
31150
31131
30996
31159
31101
31225
31093
30935
31162
31170
31009
31171
31145
31199
31176
31191
31293
31178
31165
31081
31262
31200
31148
31214
31133
31115
31418
31073
31090
31259
31272
31178
31286
31076
31099
31205
31274
31194
31076
31085
31163
31097
31168
30997
31101
31161
31186
31112
30935
31244
31085
31138
31166
30982
31142
31196
31178
31109
31034
31229
31119
31153
31007
31107
31382
31187
31039
31081
31213
31241
31034
31049
31031
31163
31243
30946
31194
31107
31247
31210
31063
31049
31101
31245
31234
30951
31135
31049
30994
31136
31167
31152
31021
31178
31181
31144
31235
31209
31111
31146
31151
31101
31221
31114
31092
31017
31198
31275
31080
31172
31075
31038
31248
31031
31084
31208
31050
31154
31004
31101
31187
31034
31212
30980
31066
31252
30995
31155
31054
31034
31233
31167
31144
30961
31174
31262
31347
31105
30934
31039
31289
31280
31172
30848
30959
31253
31329
31196
31048
31060
31274
31268
31206
30919
31023
31170
31285
31213
31013
31006
31254
31177
31350
31070
31073
31072
31089
31169
31103
31070
31120
31141
31263
31166
31045
31035
31221
31191
31267
31040
31030
31162
31275
31204
30888
31132
31207
31183
31274
30953
31145
31064
31195
31253
30965
31071
31096
31256
31316
30986
31098
31074
31237
31353
31074
30968
31128
31375
31229
31117
31132
31124
31227
31340
31002
31158
31063
31241
31041
31074
31253
31088
31221
31169
30972
31224
31132
31268
31143
31091
31247
31061
31292
31064
31038
31201
31071
31071
31037
30964
31184
31157
31064
30999
31084
31132
31148
31193
30968
31158
31274
31007
31113
31144
31275
31182
31184
31174
31231
31192
30951
31010
31295
31204
31056
30998
30991
31174
31194
31190
30961
30954
31154
31272
31120
31005
31060
31036
31323
31240
30911
30974
31165
31299
31218
31034
31057
31123
31208
31206
31069
30958
31109
31178
31099
31041
31243
31102
31088
31226
31092
31124
31106
31019
31154
31098
31116
31183
31172
31206
31237
31088
31215
31143
31126
31250
30959
31151
31327
31001
31084
31113
31208
31112
31119
31125
31028
31328
31190
31098
31224
31148
31160
31275
31070
31114
31189
31259
31139
31298
31011
31056
31289
31288
31265
31092
31093
31168
31228
31250
30964
31156
31089
31314
31107
30920
31159
31204
31263
31180
30980
31175
31223
31220
31101
31077
31191
31071
31253
31064
31048
31280
31073
31261
31225
31075
31157
31132
31155
31203
31205
30961
31009
31388
31194
31139
31112
31152
31225
31352
31073
30956
31083
31217
31186
31251
31161
31217
31114
31310
31123
31172
31220
31216
31145
31176
31188
31186
31145
31179
31040
31058
31299
31232
31007
31163
31169
31092
31056
30881
31047
31128
30991
30990
31026
31108
31131
30961
30917
31104
31235
31237
31059
30939
31144
31363
31142
31125
31063
31055
31166
31230
31096
31068
31179
31094
31116
31008
31030
31085
31123
30976
31199
31091
31054
31079
31195
31157
31248
31209
31055
31179
31016
31262
31240
30999
31321
31168
31163
31285
31116
31139
31058
31282
31261
31079
31086
30968
31252
31219
30892
31209
31121
31271
31146
30931
31103
31213
31081
31129
31144
31070
31080
31284
31072
31189
31186
31114
31141
31282
31187
31088
31027
31233
31261
31156
30978
31038
31155
31193
31170
30936
30968
31204
31217
31089
31030
31005
31106
31089
31118
31041
31065
31343
31018
31097
31098
31139
31176
31055
31121
31163
31125
31206
31021
31241
31282
31156
31240
31095
31088
31251
31283
31332
30941
31108
31233
31201
31195
31157
31126
31198
31344
31235
31048
31168
31272
31120
31096
31000
31094
31155
31035
31111
31086
31167
31174
31063
31146
31110
31107
31158
30996
31028
31238
31154
31105
31081
31153
31035
31310
31147
31004
31109
31119
31204
31232
30989
31033
31079
31320
31174
30986
31013
31094
31201
31184
30958
31017
31070
31189
31097
31064
31002
31065
31016
31103
31085
31104
31189
30958
31064
31132
31160
31235
31076
31156
31243
31155
31184
31024
31177
31120
31079
31263
31119
31108
31178
31273
31098
31092
31091
31090
31207
31182
31047
31148
31024
31271
31135
31007
31202
31098
31313
31236
30992
31113
31121
31080
31327
31277
30938
30944
31359
31210
31149
30991
31011
31332
31373
31124
30882
30894
31240
31269
31194
30836
31021
31326
31306
31032
30910
31129
31266
31334
31056
30901
31021
31354
31222
31062
31136
31194
31225
31233
31055
31187
31127
31265
31152
31108
31081
31048
31342
31193
31104
31203
31053
31142
31239
31090
31067
31024
31281
31174
31117
31137
31139
31161
31308
31169
31040
31073
31167
31413
31245
31079
31219
31049
31264
31236
31038
31050
31260
31185
31128
31215
31171
31180
31277
31165
31098
31164
31087
31192
31249
31031
31128
31026
31152
31112
31090
31119
31024
31168
31177
31228
31083
30992
31102
31206
31134
31093
31187
31163
31187
31198
30918
31141
31105
31173
31078
30973
31147
31134
31183
31065
31076
31253
31055
31135
30952
31062
31204
31159
31068
31016
31143
31207
31108
31034
31150
31107
31308
31130
30950
31209
31286
31186
31042
31000
31183
31215
30950
30990
30977
31162
31144
31098
31084
31104
31224
31205
31096
31164
31146
31151
31147
31080
31180
31118
31081
31245
31267
31124
31152
31104
31107
31208
31151
31133
31160
31024
31053
31025
31103
30992
31171
31106
31012
31220
31059
31213
31226
31016
31125
31095
31223
31244
31055
31135
31141
31366
31038
30998
31151
31213
31161
31173
31054
31043
31163
31281
31026
31127
31163
31149
31127
31159
31126
31177
31200
31060
31034
31215
31120
31063
31166
31148
31060
31137
31217
31131
31145
31145
31042
31185
31144
31135
31018
31203
31050
31055
31215
31061
31183
31157
31167
31258
31186
31173
31015
31181
31207
31162
31095
30922
31188
31167
31131
31179
30968
31166
31214
31213
31077
30890
31232
31305
31252
31139
31033
31121
31144
31275
31053
30994
31262
31176
31141
31098
31242
31147
31113
31116
31112
31277
31138
30963
30991
31121
31346
31058
31105
30995
31228
31300
31135
31142
31021
31127
31311
31195
31092
31093
31243
31239
31250
31245
31123
31183
31125
31129
31063
31034
31229
30872
31092
31204
31079
31152
30943
31069
31240
31134
31178
30870
31086
31224
31064
31194
31091
31083
31220
31012
31120
30989
31090
31109
30933
31190
31076
31129
31132
30896
31143
31224
31219
31124
31018
31146
31335
31210
31261
31058
31041
31144
31193
31359
31150
31110
31072
31226
31201
31134
31045
31121
31162
31106
31276
31130
31188
31140
31247
31132
31007
31053
31165
31238
31203
31157
31138
31093
31226
31110
31082
31150
31146
31206
31043
31138
31171
31114
31073
31060
31107
31085
31199
31228
31123
31247
31052
31092
31110
31192
31277
30970
31094
31183
31312
31164
30979
31259
31267
31257
31164
30983
31027
31260
31238
31056
31090
31179
31129
31116
31081
31138
31207
31132
31143
31034
31114
31091
31050
31133
31209
31113
31076
31127
31109
31055
31166
31058
31149
31197
31104
31137
31116
31210
31232
31208
31174
31093
31098
31274
31077
31200
31161
31164
31215
31246
31119
31099
31195
31247
31185
31174
31077
31244
31253
31218
31055
31108
31159
31321
31085
31156
31003
31176
31208
31055
31005
30973
30969
31078
31004
31094
31083
31179
31149
31013
31140
31006
31179
31216
31153
31119
31186
31270
31210
31086
31276
31120
31200
31224
31158
31149
31150
31057
31347
31119
31042
31014
31106
31074
31056
31036
31145
31146
31114
31222
31041
30998
31202
31256
31087
31081
31209
31106
31121
31329
31018
31029
31137
31076
31104
31087
31143
31154
31199
31230
31085
31296
31031
31095
31220
31103
31204
31177
31189
31165
31060
31273
30998
31048
31102
30958
31178
31100
31064
31086
30977
31134
31097
30922
30925
31012
30991
31093
30958
31018
31196
31198
31130
31074
30998
31164
31251
31059
31046
31155
31224
31208
31155
31290
31115
31173
31150
31012
31242
31192
31113
30982
30877
31304
31037
31096
31049
31049
31236
31138
31222
31037
31081
31227
31108
31096
31190
31155
31136
30960
31282
31238
31203
31083
30984
31057
31387
31095
30957
30922
31186
31137
31225
31028
30953
31091
31239
31224
30994
30955
31139
31115
31269
31081
30981
31193
31202
31183
31041
31128
31136
31008
31236
31107
31137
31322
31041
31300
31127
31223
31191
31128
31193
31235
31241
31290
30973
31287
31013
31010
31152
31000
31170
31173
31055
31104
31064
31228
31119
31181
31013
31052
31247
31221
31214
31130
31160
31326
31134
31270
31102
31134
31281
31122
31183
31070
31197
31090
31072
31141
31044
31010
31251
31141
30988
31132
31015
31162
31291
31102
31153
30991
31105
31133
31043
31217
31083
31159
31332
31162
31202
31025
31178
31308
31258
31256
31049
31171
31105
31089
31381
31026
31172
31177
31030
31204
31030
31314
31057
31067
31186
31205
31270
31092
31068
31203
31161
31230
30971
31010
31166
31146
31142
31092
31107
31196
31132
31186
31152
31066
31113
31094
31041
31250
31075
31147
31216
31148
31099
31165
31193
31147
31203
31141
30999
31178
31380
31160
31151
31037
31084
31200
31182
31075
31070
31089
31167
31303
31156
31018
31105
31158
31221
31107
31021
31113
31150
31213
31171
31009
31104
31294
31215
31035
31044
31150
31130
31319
31113
31008
31069
31323
31078
30888
31020
31125
31188
31143
30993
30975
31094
31171
31100
30975
31172
31143
31058
31059
31060
31183
31192
31198
31059
31012
31262
31311
31106
31038
31187
31182
31115
31282
30958
31248
31196
31150
31380
31035
31170
31264
31246
31202
31050
31125
31123
31155
31324
31077
31054
31129
31239
31079
31006
31116
31020
31274
31087
30993
31096
31099
31203
31028
31064
31043
31042
31273
31088
31012
31196
31211
31180
31333
31024
31075
31244
31377
31190
31123
30956
31109
31132
31176
30973
31005
31082
31190
31099
30937
30923
31178
31115
31202
31088
30942
31031
31280
31220
31084
31180
31059
31156
31295
31016
31295
31159
31098
31269
31110
31208
31008
31226
31220
31076
31215
30948
31113
31316
31048
31034
30949
31217
31212
31054
31043
30992
31130
31212
30974
30952
31003
31179
31241
30987
30881
30923
31204
31308
31069
30988
30910
31036
31399
31076
31060
31097
31117
31228
31196
30986
31297
31156
31204
31105
31087
31204
31116
31263
31137
31095
31297
31054
31147
31120
31092
31159
31121
31184
31050
31135
31203
31279
31140
31024
30952
31083
31242
31311
30936
30957
31085
31321
31185
30910
30975
31120
31227
31230
30949
30993
31278
31118
31208
31100
31201
31236
31200
31072
31028
31099
31284
31203
31063
31128
31160
31035
31188
31000
31072
31230
31200
31238
30991
30976
31241
31109
31407
31140
30982
31096
31169
31292
31094
31085
31210
31134
31160
31146
31171
31260
31176
31202
31091
31100
31135
31200
31187
30950
31299
31120
31034
31309
31170
31181
31073
31096
31107
31189
31236
31052
31050
31334
31149
31217
31061
31140
31295
31167
31080
31085
31163
31134
31123
31298
31067
31159
31095
31149
31111
31256
31063
31031
31185
31132
31201
31252
30975
31287
31171
31220
31203
31060
31167
31393
31257
31251
30932
31136
31273
31262
31204
30924
31129
31257
31072
31255
30964
31069
31201
31253
31213
31084
31063
31207
31149
31306
31062
31095
31086
31098
31266
31133
31050
31106
31154
31127
31223
31064
31064
31093
31060
31287
31204
31143
31266
31059
31290
31176
31074
31283
31166
31167
31090
31110
31235
31068
31354
31006
31087
31342
31057
31134
31144
31030
31212
31087
31084
31168
31246
31050
31004
31130
31220
31159
31127
31114
31022
31304
31124
31055
31296
31127
31281
31202
31120
31151
31180
31282
31142
31014
31139
31027
31082
31116
31003
31129
31055
31153
31079
31008
31249
31075
31021
31098
30994
31272
31237
30942
31149
31279
31111
31112
30953
31073
31221
31291
31002
30804
31027
31263
31145
31100
31024
31070
31299
31190
30990
31109
31095
31048
31166
31055
31176
31204
31150
31014
31094
31114
31182
31108
31116
31210
31174
31150
31112
31132
31253
31028
31081
31046
31246
31221
30928
31075
31037
31146
31148
31041
31003
31046
30972
31239
31134
30909
31071
31075
31194
31211
31002
31005
31156
31174
31199
31067
30994
31090
31202
31176
31124
31048
31001
31141
31220
31210
31137
31142
31157
31227
31205
31005
31182
31310
31262
31103
31121
31300
31202
31097
31258
31004
31168
31251
31175
31124
30898
31237
31167
31155
31403
30971
31091
31169
31110
31225
31039
31190
31247
31142
31257
30936
31223
31203
31196
31138
31112
31197
31216
31158
31134
31130
31203
31215
30987
31043
31172
31100
31167
31107
31115
31209
31094
31216
31119
31063
31137
30992
31098
31145
30989
31148
31174
31117
31059
31119
31159
31118
30943
30994
31010
30996
31093
31021
31069
31097
31129
31048
30965
31173
31113
31114
31058
30935
31071
31123
31063
30983
30972
31095
31051
31144
30967
30996
31114
31147
31086
31090
31105
31076
31102
31137
31118
31256
31101
31057
31109
31188
31202
31073
31167
30993
31234
31192
31086
31171
31022
31099
31168
31232
31119
30975
31246
31321
31283
31179
31104
31128
31276
31136
31153
31022
31278
31210
31076
31185
31231
31177
31207
31056
30960
31080
31103
31051
31078
30989
31045
31109
31043
31073
31082
30995
31134
31117
31070
30994
30896
31154
31016
30985
31070
31007
31037
31157
31081
31089
31151
31196
31087
31073
31095
31127
31156
31260
30974
31073
31217
30962
31094
31119
31168
31148
31108
31214
30967
31217
31175
31059
31150
31103
31046
30932
31043
31176
31098
31111
30980
31096
31181
31151
31157
31134
31000
31082
31305
31097
31100
31260
31111
31169
31413
31029
31139
31116
31130
31128
31187
31159
31127
31144
31175
31107
31297
31034
31101
31252
31096
31206
31097
31055
31186
31033
31084
31019
31166
31140
31043
30965
30985
31171
31005
30859
31019
31082
31245
31089
30896
30891
31301
31187
30990
30959
30925
31160
31274
31053
31073
31059
31284
31234
31194
31010
31077
31154
31268
31104
31093
31095
31154
31206
31181
30977
31077
31050
31110
31061
31047
31189
31159
31178
31170
31177
31089
31123
31175
31064
31104
31206
31073
31161
31303
31099
30907
31181
31162
31199
31175
30928
30949
31163
31208
31029
31055
31119
31061
31139
31192
31037
30984
31182
31142
31148
31132
30944
31063
31226
31077
31110
31008
31110
31185
31280
31150
31078
31070
31222
30997
31002
31150
31072
31120
31193
31114
31240
31095
31306
31064
31168
31203
31035
31110
31100
31184
31216
31001
31234
31024
31134
31199
31138
31162
31113
31107
31286
31220
31226
31198
31110
31178
31145
31117
31220
31125
31270
31246
31089
31363
31124
31172
31194
31157
31220
31224
31258
31196
31048
31380
31073
31076
31218
31070
31080
31320
31017
31037
30978
31055
31226
31079
31135
31021
31079
31309
31019
31181
31128
31059
31314
31068
31199
31133
31142
31374
31044
31181
31161
31131
31241
31152
31087
31106
31108
31207
31088
31083
31064
31214
31125
31145
31027
31088
31105
31021
31215
30992
31078
31171
31047
31069
31194
31135
31103
31018
31169
31202
31220
31095
31022
31019
31167
31074
31041
31015
31107
31044
31080
30978
31129
31047
31073
31080
31080
31123
31147
30969
31179
31208
31254
31076
30902
31004
31364
31184
31119
31046
31154
31163
31299
31134
31032
31054
31338
31150
31190
31028
31118
31144
31198
31101
31186
31136
31060
31066
31117
31128
31257
31086
31101
31101
31304
30993
30946
31110
31158
31225
31078
31012
31055
31046
31225
31012
31018
31067
31046
31270
31217
31066
31048
31054
31170
31263
31079
31077
31086
31236
31147
31116
31032
31229
31199
31197
31035
30967
31228
31316
31162
31121
31040
31277
31272
31058
31132
31100
31290
31378
31137
31105
31051
31193
31230
31160
31136
31104
31300
31165
31134
31195
31058
31131
31283
31091
31065
31132
31143
31287
31241
31008
31214
31155
31215
31112
31017
31178
31295
31109
31049
30989
31177
31159
31048
30961
30990
31151
31284
31053
31095
31103
31194
31149
31086
31046
31087
31249
31247
31148
31004
31230
31160
31121
31244
30979
31189
31272
30991
31196
31070
31111
31172
31130
31138
31140
31104
31060
31113
31216
31133
31055
31020
31063
31071
31209
31054
31077
30999
31138
31297
31009
31136
31101
31006
31266
30996
31092
31019
31138
31224
31123
31118
30984
31162
31292
31075
31037
30981
31167
31070
30979
31022
31101
31021
31060
31032
31055
31062
31115
31119
31100
31128
31186
30896
31119
31256
31001
31132
30955
31169
31216
31250
31157
31045
31258
31301
31161
31268
31021
31213
31322
31061
31176
30980
31185
31303
30997
31190
31016
31155
31260
31018
31219
31091
30997
31201
30947
31227
31173
30931
31238
31215
31074
31184
31051
31325
31201
31149
31140
31088
31190
31246
31260
31232
31124
31423
31085
31229
31282
31106
31134
31207
31217
31184
31160
31294
31131
31386
30999
31091
31229
31052
31129
31173
31133
31330
30962
31187
31030
31172
31254
30993
31056
31201
31218
31203
31033
31083
31081
31169
31155
31002
31106
31200
31259
31086
31129
31093
31300
31150
31093
31098
31118
31194
31097
31006
31232
31138
31257
31004
31101
31183
31143
31067
31048
31157
31287
31015
31068
31049
31166
31197
31149
31116
31057
31225
31292
31144
31199
31084
31280
31294
31157
31397
31009
31180
31346
31121
30958
31079
31186
31247
31112
31097
31076
31272
31154
31174
30936
31125
31172
31149
31153
30918
31190
31227
31163
31265
31063
31252
31202
31080
31162
31146
31248
31270
31053
31193
31242
31084
31094
31146
31121
31135
31167
31192
31023
31190
31205
31140
31150
31096
31264
31104
31004
31179
31186
31151
31141
31085
31113
31214
31269
30982
31037
31000
31069
31170
31019
31046
31148
31005
31182
31066
30990
31073
31009
31075
31068
31070
31155
31194
31065
31142
31184
31100
31118
31142
31095
31145
31186
31047
31032
31151
31152
31051
31220
30962
31111
31127
30953
31113
31068
31127
31234
31176
31100
31140
31156
31203
31177
31147
31050
31130
31093
31082
31338
31129
31025
31131
31202
31181
31058
30978
31082
31313
31233
31107
31040
31111
31047
31114
31096
31041
31270
31219
31097
31100
31040
31185
31170
31131
31012
31055
31248
31165
31116
31193
31151
31274
31119
31063
31110
31309
31319
31114
31165
31198
31336
31294
31116
31151
31207
31204
31336
30899
31107
31157
31120
31328
30877
31040
31153
31007
31200
30931
31120
31174
31093
31187
30974
31058
31168
31262
31177
31083
30980
30990
31295
31092
31067
31065
31105
31217
31219
31167
31122
31081
31225
31248
31111
31065
31114
31253
31234
31102
31203
31090
31122
31338
31083
31036
31146
31283
31205
30944
31019
31084
31140
31291
30926
30940
31091
31220
31151
30980
30992
31131
31294
31211
30999
31044
31158
31242
31321
31022
30954
31256
31258
31077
31285
31068
31170
31297
31101
31033
31004
31185
31205
31169
31209
30909
31158
31263
31111
31203
31007
31190
31130
31055
31248
31064
31083
31172
31078
31162
31139
31085
31132
31150
31198
31106
31046
31041
31049
31147
31084
30849
31199
31084
31090
31190
30899
31122
31255
31228
31133
30978
31179
31250
31136
31196
31113
31113
31146
31098
31196
31271
31075
31052
31216
31112
31180
31011
31056
31157
31239
31094
30979
31127
31138
31101
31099
31131
31222
31264
31052
31027
31161
31301
31199
30928
31059
31274
31223
31105
31109
31139
31301
31337
31080
31181
31166
31237
31272
31104
31089
31299
31195
31113
31178
31263
31176
31113
31143
31005
31089
31249
31103
31176
31097
31112
31138
31013
31171
31145
31127
31057
31194
31150
31190
31164
31153
31067
31195
31160
31147
31173
31066
31183
31225
31123
31261
31184
31224
31225
31153
31231
31246
31198
31229
31106
31218
31220
31294
31110
30976
31305
31134
31041
31140
31098
31151
31120
31178
31119
31012
31096
31258
31193
31234
31083
30949
31142
31335
31255
31107
31003
31139
31292
31182
31038
31262
31100
31074
31230
31053
31263
31189
31054
31119
31107
31209
31037
31027
31126
31273
31288
31070
31039
31166
31235
31371
31071
31028
31129
31345
31234
31135
31023
31245
31222
31348
30932
30932
31183
31363
31241
31044
30941
31220
31114
31261
31043
31061
31243
31228
31160
31082
31102
31162
31184
31311
31142
31074
31106
31052
31130
31208
31147
31167
31053
31175
31106
31054
31128
31193
31062
31156
31169
31067
31106
31198
31160
31068
31102
30874
31052
31219
31213
31098
31044
31091
31252
31175
31153
31090
31154
31209
31111
31156
31135
31211
31026
31107
31265
31134
31147
31014
31077
31316
31210
31205
31073
31067
31176
31115
31245
31114
31114
31301
31113
31193
31201
31149
31141
31263
31136
31273
31084
31025
31067
31238
31101
31250
31097
31128
31109
31290
31159
31095
31134
31136
31132
31220
31129
31133
31035
31143
31188
31029
31145
31078
31031
31172
31110
31194
31102
30915
31196
31114
31185
31053
30854
31115
31322
31238
31110
31010
31116
31167
31288
31065
31091
31105
31150
31235
31070
31053
31155
31111
31171
31130
31048
31121
31172
31102
31186
31155
31114
30980
31090
31115
31039
31017
31050
31064
31151
31193
30977
31019
31218
31155
31060
31019
31074
31172
31189
31190
31107
31154
31353
31188
31020
31255
31285
31209
30970
31053
31243
31233
31173
31032
31022
31184
31299
31025
31111
31008
31193
31181
31066
31114
31041
31149
31141
31034
31027
31180
31230
30955
30990
31133
31137
31112
30995
30958
31167
31149
31204
31017
31016
31131
31193
31097
31032
31249
31205
31109
31183
31097
31216
31091
30976
31102
31121
31192
31139
31032
31014
30998
31082
31004
30892
31154
31053
30925
31065
30998
31120
31138
31061
31073
31082
31161
31057
31237
31164
30989
31048
31116
31285
31069
30914
31063
31142
31399
31091
31008
31075
31163
31243
31086
31058
31105
31158
31321
31064
31135
31047
31094
31297
31207
31089
31058
31123
31222
31188
31177
31105
31034
31230
31032
31143
31115
31034
31206
31245
31012
31250
31009
31209
31253
31271
31116
30993
31115
31206
31174
31383
31054
30977
31132
31278
31155
31070
31053
31168
31290
31264
31070
31062
31253
31312
31158
31089
30922
31050
31272
31246
30928
31100
31157
31249
31185
31009
31068
31213
31210
31078
31130
31082
31283
31162
31079
31098
31000
31294
31064
31014
31231
31232
31220
31015
30927
31143
31169
31046
30991
30976
31193
31221
31161
31077
30915
31235
31215
31040
31013
30898
31183
31316
31057
31159
31038
31205
31075
30983
31030
30992
31102
31019
31050
31074
31016
31226
30962
31057
31235
31045
31206
30935
31064
31217
30970
31192
31074
31191
31182
30993
31167
31168
31158
31212
31059
31138
31208
31280
31138
31188
31208
31086
31185
31169
31107
31006
31151
31182
31156
31157
31023
31053
31107
31230
31074
31027
31101
31147
31006
31162
31165
31048
31017
31121
31135
31109
31094
31090
31033
31250
31217
31017
31174
31071
31191
31144
31026
31156
31115
31239
31121
31151
31080
31175
31174
31045
31080
31040
31167
31207
31094
31139
31074
31239
31124
30981
30988
30939
31193
31080
31042
31071
31053
31171
31107
31054
30969
31168
31250
31082
31132
30985
31038
31223
31100
31030
31003
31005
31175
31054
31086
31041
31157
31092
31030
31145
31200
31112
31211
31079
31128
31181
31188
31202
31035
30975
31344
31181
31144
31196
31172
31194
31292
31102
31058
31083
31202
31151
31008
31048
31288
31029
30953
31036
31115
31309
31124
31063
30952
31125
31309
31011
30996
30990
31110
31411
30973
30885
31067
31128
31224
31001
31146
31064
31192
31185
30901
31156
31306
31240
31193
31067
31085
31208
31191
31056
31199
31167
31230
31141
31106
31079
31173
31210
31142
31131
30963
31077
31177
31121
31133
31041
31208
31181
30986
31090
31066
31165
31186
30973
31010
31268
31221
31146
31037
31031
31152
31342
31149
30981
31087
31290
31092
31171
31141
31158
31147
31256
31080
31135
31136
31188
31143
31243
31115
31068
31037
31253
31124
31211
31018
30994
31090
31180
31006
31030
30898
31111
31262
31093
30999
31067
31101
31217
31178
31136
31056
31159
31248
31125
31094
31198
31082
31059
31313
31091
30995
31110
31118
31160
31099
30966
30942
31195
31307
30883
31072
31045
31055
31213
30974
30975
31150
31237
31104
31047
31075
31134
31065
31184
31087
31150
31181
31086
31093
31105
31267
31159
31012
31084
31091
31199
31066
31034
31206
31125
31163
31071
31101
31139
31129
31173
31020
30894
31268
31016
30911
31046
31035
31237
31153
31041
30999
30920
31114
31074
31018
31175
30984
31064
31104
31073
31212
31119
31025
31065
31123
31219
31168
31057
31051
31268
31174
31111
31004
31029
31228
31199
31104
31128
31072
31249
31211
31214
31093
31039
31117
31140
31169
31185
31143
31227
31003
31209
31186
31061
31147
31195
31092
31159
31177
31197
31219
31086
31221
31059
31154
31112
31086
31167
31042
31100
31302
31073
31084
31169
31110
31051
31150
31044
30990
30969
31117
31182
31152
31030
31020
31110
31144
31072
31132
31049
31035
31263
31049
31051
31248
31193
31155
31278
31177
31118
31242
31141
31072
31273
31100
31021
31174
31153
31229
31203
31235
31185
31189
31371
31115
31120
31126
31174
31175
31263
31170
31025
31008
31419
31027
31046
31099
31194
31276
31213
31038
31016
31214
31266
31120
31110
31043
31206
31257
31113
30882
31123
31233
31232
31226
30994
31103
31205
31113
31183
31076
31059
31302
31108
31040
31163
31289
31203
31120
31097
31058
31239
31237
31037
31020
31032
31339
31091
30994
30846
30994
31223
31123
30970
30792
30994
31280
31138
31021
30914
31000
31286
31134
31035
30962
31091
31290
31184
30942
31167
31098
31178
31168
31014
31100
31022
31030
31310
31048
31139
31140
31136
31264
31042
31199
31107
31028
31265
30990
31178
31315
31045
31263
31051
31063
31327
30992
31169
31123
31230
31311
30999
31152
31215
31144
31305
31212
31100
31224
31174
31110
31225
31087
31280
31151
31215
31163
31060
31263
31154
30895
31015
30939
31070
31203
30993
31054
30993
31123
31113
30976
31068
31026
31150
31273
30955
31177
31267
31145
31302
31080
31030
31130
31317
31156
30950
31161
31206
31170
31095
30961
31049
31075
31175
31099
30977
31167
31083
31015
31099
31265
31225
30990
31174
31063
31215
31189
30967
31179
31286
31216
31158
31020
31080
31318
31128
31235
31022
31115
31257
31198
31148
31151
31024
31263
31077
31021
30994
31090
31202
31186
31147
31193
31056
31304
31189
31099
31290
31136
31186
31237
31222
31198
31011
31298
31149
31023
31173
30981
31196
31032
30890
31085
31070
30932
31037
31033
31183
30961
31015
30995
31063
31190
31060
30984
31100
31231
31291
31029
31136
31283
31187
31179
31151
31243
31130
31090
31166
30946
30990
31318
31056
30948
31186
31197
31258
31162
31045
31154
31099
31197
31129
30971
31129
31153
31171
31115
31061
31270
31189
31228
31237
31062
31222
31248
31228
31318
31104
31162
31139
31251
31154
30989
31268
31085
31184
31171
30971
31074
31144
31198
31031
31054
31063
31062
31221
31091
31246
31082
31065
31170
30983
31211
31305
30988
31206
31145
31122
31221
31212
31086
30984
31172
31220
31086
31061
30957
31153
31266
31172
31027
30948
31086
31201
31047
31111
31033
31190
31244
31141
31103
31044
31128
31122
31140
31197
31212
31043
31027
31200
31222
31126
31127
31070
31200
31314
31065
31077
31257
31178
31220
31101
31057
31102
31036
31178
31198
31068
31241
31129
31131
31140
31084
31056
31048
31045
31268
31005
30959
31098
31184
31260
31053
31007
31093
31270
31157
30968
31236
31162
31260
31192
30983
31066
31050
31256
30995
30991
31241
31074
31095
31035
31057
31337
31098
31005
30994
31134
31185
31065
31117
31043
31123
31167
30934
31049
31215
31147
31115
30997
31064
31112
31151
31116
31107
31022
31153
31149
31023
31082
31134
31167
31335
31083
31039
31102
31254
31161
31185
31145
30967
31255
31254
31125
31337
31112
31157
31170
31215
31188
31127
30994
31039
31290
31053
30929
31111
31131
31215
31077
31109
31034
31269
31087
31000
31142
31127
31171
31142
31040
31145
31205
31164
30939
31090
31121
31105
31135
30910
31119
31118
30953
31107
31055
31105
31023
30979
31066
30986
31138
30908
30920
31196
31000
31117
30981
30977
31215
31172
31134
30933
31102
31146
31069
31111
31054
31206
31154
31224
31184
31135
31055
30898
31101
31115
31014
30968
30927
31154
31172
30989
30996
31062
31103
31169
31070
31010
31052
31215
31182
31073
31191
31223
31158
31150
31114
31169
31224
30980
31151
31082
31137
31345
31018
31006
31032
31145
31209
31009
30943
31036
31137
31144
31156
30999
31136
31200
31161
31142
31007
31130
31203
31099
31152
31082
31191
31137
31195
31013
31209
31125
31067
31202
31153
31231
31283
31131
31331
31023
31060
31401
31151
31122
31259
31128
31167
31090
31373
31142
31081
31263
31143
31135
31163
30957
31162
31081
31180
31184
31000
31148
31332
31196
31050
31081
31046
31179
31239
31012
31070
31034
31220
31086
30892
31129
31068
31196
31148
30943
31082
31090
31162
31215
31121
31120
30997
31214
31154
31005
31134
31183
31214
31174
31092
31052
31241
31211
31130
31084
31042
31195
31144
31028
31084
31046
31140
31141
31016
31134
31098
31262
31183
31202
31169
31028
31060
31241
31198
31038
30926
31049
31052
31263
31201
30994
31081
31114
31272
31015
30922
31092
31172
31240
31094
31088
31227
31084
31257
31141
31157
31236
31066
31073
31040
30981
31375
31081
31046
31122
31121
31234
31224
31141
31064
31098
31267
31183
31193
31015
31123
31166
31282
31172
30916
31099
31086
31167
31280
31002
31093
31148
31087
31280
31073
31026
31158
31320
31339
31146
31097
31228
31265
31265
31136
31056
31206
31293
31004
31148
31136
31279
31136
31130
31041
31135
31281
31309
31042
31084
31104
31303
31237
31010
31106
31194
31125
31285
30951
31111
31083
31032
31201
31025
31050
31120
30953
31300
31008
30986
31078
31052
31097
31050
30961
31127
31019
31000
30908
31140
31251
31008
31057
31036
31095
31261
30930
31008
31076
31189
31253
30992
30995
31217
31167
31173
31068
31062
31081
31090
31277
31050
30990
31196
31113
31249
31194
31086
30966
31202
31193
30986
31037
31070
31132
31326
31014
30973
31067
31271
31097
31023
31052
31146
31201
31154
31016
31127
31051
31130
31009
31013
31040
31122
30951
31016
31001
31260
31109
31014
31038
30989
31115
31179
30986
31044
31140
31124
31138
31191
31114
31090
31100
31122
31084
31016
30930
30983
31150
31163
31113
30974
30971
31042
31279
31161
30927
31126
31237
31247
31181
30994
31118
31118
31273
31162
31146
31155
31024
31303
31216
31143
31206
31131
31188
31189
31221
31050
31143
31187
30991
31150
31088
31150
31139
31082
31141
31034
31305
31238
31105
31156
31040
31159
31289
31084
31137
31051
31213
31110
30994
31058
31112
31114
31077
31012
31124
31126
31018
31104
31141
31089
31090
31150
31152
31079
31139
31116
31014
31180
31227
31058
31083
31172
31112
31161
31038
30975
31166
31269
31031
31039
31105
31202
31310
31200
31084
31076
31125
31080
30983
31113
31035
31054
31258
31163
31163
30997
31124
31120
31269
31166
30914
31104
31353
31081
31173
30989
31106
31170
31208
31133
31053
31010
31145
31132
31229
31023
31121
31114
31135
31087
31020
31184
31228
31095
31081
31004
31169
31223
31264
30920
31084
31211
31097
31259
30965
30992
31230
31179
31065
30973
31074
31135
31115
31118
30943
31103
31270
31123
31066
30997
31230
31125
31184
31224
31188
31197
31222
31248
31116
31092
31199
31191
31161
31257
31022
31139
31097
31231
31252
30987
30949
31217
31157
31268
31156
30965
31160
31381
31055
31187
30982
31167
31230
31167
31141
30934
31130
31186
31076
31203
30980
31133
31099
31075
31200
31089
31047
31021
30991
31126
31174
30957
30902
31127
31251
31097
31046
30876
31020
31287
31175
31061
30890
31053
31338
31147
31090
31074
31104
31228
31204
31148
31051
31218
31280
31169
31023
31222
31225
31226
31052
31158
31238
31234
31078
31181
31189
31331
31229
31130
31109
31179
31304
31298
31102
31135
31144
31274
31166
30969
31260
31079
31282
31127
30982
31093
31274
31124
31006
31111
31044
31042
31273
30958
31195
31118
31131
31163
31046
31127
31071
31246
31058
31085
31180
31052
31315
31071
31009
31066
31128
31222
31052
31011
31098
31191
31237
31101
31031
31114
31045
31215
31051
30983
30957
31147
31114
31124
31205
30998
31081
31157
31079
31202
31041
31111
31052
31079
31392
31100
31087
31094
31096
31284
31312
31069
30969
31189
31235
31188
31214
31042
31100
31255
31294
31123
31008
31036
31238
31240
31138
31043
31013
31266
31208
30999
31176
31061
31101
31188
31127
31234
31078
31258
31129
31119
31177
31012
31223
31303
31130
31117
31069
31217
31182
31067
31077
31087
31068
31061
31044
31067
31246
31120
31093
31111
31154
31174
31075
31161
31059
31094
31180
31076
31235
31029
31127
31104
31157
31117
31058
31094
31138
31186
31316
31107
31071
31256
31083
31274
31099
31014
31190
31085
31077
31140
31034
31078
30971
31064
31154
30999
31085
30956
31125
31211
31083
31122
31027
30983
31286
31120
31041
31179
31230
31086
31122
31193
31080
31174
31265
31072
31086
31176
31068
31103
31094
31139
31141
30949
31058
31081
31074
31142
30835
31101
31109
31048
31055
30920
31113
31292
31126
31188
31046
31145
31248
31162
31146
31073
31283
31099
31082
31217
31140
31213
31066
31178
31096
31092
31249
31063
30950
31041
31065
31072
31015
30953
31017
31060
31201
31048
30897
31156
31079
31137
31071
30955
31065
31193
31099
31145
31100
31169
31123
31195
31193
31072
31134
31168
31206
31238
31171
31207
31052
31137
31150
31220
31205
31134
31107
31308
31148
31092
31070
31093
31268
31071
30986
31207
31120
31147
31036
31071
31187
31105
31148
31022
31124
31203
31083
31197
31063
30976
31227
31128
31214
31244
30977
31178
31380
31011
31136
31156
31168
31172
31154
31010
31105
31136
31253
31053
30977
31129
31009
31173
31082
31058
31153
31110
31028
30954
30941
31132
31007
31094
31019
31013
31040
31045
30966
31127
31094
30988
31146
31132
31016
31191
31062
31088
31008
31123
31122
31039
31081
31137
31092
31137
31143
31203
31110
31048
31144
30974
31054
31110
31041
31167
31128
31151
31139
31052
31146
31084
31102
30996
31065
30987
31039
30999
31094
31078
31150
31022
31034
31068
31184
31057
31097
30935
31217
31287
31034
31096
31078
31294
31284
31074
31077
31087
31191
31209
31131
31096
31087
31227
31127
31101
31083
30985
30964
31113
31223
31111
30953
30993
31083
31214
31089
31042
30957
31003
31190
31076
31168
30967
31080
31132
31094
31173
31074
31039
31135
31142
31169
30948
31006
31178
31108
31073
31005
30971
31246
31201
30979
31085
31135
31130
31078
30919
30932
31093
31151
31084
31013
31022
31104
31070
31014
30963
31044
31029
31014
31128
30996
30958
31031
31053
31088
31001
30997
31021
31041
31092
31004
31012
31085
30978
30981
31040
31147
31081
31096
30968
31062
31080
31202
31043
30948
31131
31145
31168
31055
30903
31126
31244
31221
30992
30969
31118
31248
31169
31116
30984
31037
31234
31118
31174
31183
31203
31236
31232
31271
31066
31211
31235
31169
31059
31290
31234
31088
31027
31265
31041
31155
31222
31045
31191
31064
31206
31142
31054
31269
31204
31087
31044
31220
31175
31127
31194
31034
31149
31172
31137
31083
31097
31131
31157
31077
31088
31133
31162
30959
31192
31205
31195
31087
31145
31182
31367
31162
31174
31036
31090
31261
31307
30978
31190
31146
31049
31192
31214
31093
31064
31144
31092
31126
31288
30970
30967
31161
31116
31161
31128
31053
31068
31250
31185
30912
31027
31116
30989
31177
31154
31121
31036
31135
31127
31204
31100
31050
31113
31238
31232
31021
31058
31181
31160
31254
30973
30974
31205
31303
31289
31051
31177
31196
31117
31235
31107
31168
31231
31091
31058
31016
31163
31264
31015
31035
31070
31098
31244
31117
30988
31226
31223
31296
31014
31036
31096
31179
31363
31047
31005
31186
31249
31324
31053
31194
31140
31206
31309
30993
31191
31184
31213
31338
30947
31278
31094
31130
31299
31047
31154
31071
31067
31239
30861
31222
30928
30932
31242
31040
31203
31018
30982
31327
31120
31195
30972
31058
31258
31197
31328
30867
30921
31315
31188
31205
31065
31006
31203
31243
31206
30964
31118
31185
31191
31238
30990
31073
31121
30964
31137
31001
31055
31193
31017
31037
31023
31068
31051
31052
31055
31042
31014
31141
31169
31143
31003
31216
31083
31197
31065
31044
31197
31183
31118
31093
31148
31177
31065
31110
31104
31242
31168
31074
31241
31165
31168
31124
30988
31100
31115
31300
30989
30960
31317
31103
31210
30988
31079
31127
31177
31175
30957
31129
31262
30987
31354
31137
31098
31229
31063
31218
31107
31155
31220
31026
31239
31175
31164
31098
31155
31254
31162
31115
30964
31063
31276
31193
31056
31029
31169
31130
31097
31205
31038
31077
31174
31123
31152
31002
31175
31061
31013
31171
31085
30980
31130
31053
31189
31063
30932
31158
31053
31105
31231
30985
31135
31283
31058
31168
31182
31198
31223
31160
31105
31197
31107
31146
31020
31215
31220
30999
31123
31105
31075
31224
30792
30985
31149
31005
31150
30897
31031
31211
31193
31134
30936
30983
31245
31155
31034
31119
31177
31325
31275
31111
31184
31094
31256
31209
31144
31206
31107
31249
31229
31061
31187
31071
31105
31272
31022
31083
31039
31200
31196
31079
31070
31151
31114
31325
30915
31074
31241
31161
31319
30985
31045
31126
31264
31260
30924
31090
31185
31111
31098
30982
31236
31287
31053
31211
31071
31099
31272
31219
31057
31003
31234
31147
31102
31202
31061
31098
31279
31185
31003
31051
31250
31200
31244
30939
30942
31189
31259
31139
30955
31028
31170
31203
31093
31020
31134
31277
31228
31239
31009
31179
31065
31142
31145
31012
31119
30966
31115
31317
31051
31168
30881
31106
31219
31201
31101
30828
31132
31333
31117
31269
31003
31176
31313
31171
31128
31115
31133
31199
31119
31167
31167
31194
31046
31011
31206
31198
31182
31228
30980
31066
31315
31104
31065
31202
31179
31192
31276
31026
30999
31263
31189
31134
31138
31027
31167
31242
31118
31189
31061
31110
31227
31180
31109
31123
31184
31195
31201
31302
30971
30978
31303
31224
31130
31043
30941
31278
31131
31220
31105
31103
31097
31162
31197
31046
31020
31146
31109
31266
31346
31096
31133
31164
31258
31268
31110
31128
31197
31119
31119
31184
31186
31135
31026
31144
31100
31087
31049
31095
31180
30933
31056
31088
31192
31223
31069
31127
31148
31270
31137
30979
31102
31201
31271
31153
31069
31216
31135
31243
31164
30987
31128
31125
31254
31098
31119
31228
31091
31244
31120
31165
31082
31063
31077
31049
31219
31147
31118
31199
31334
31107
31029
30974
31206
31365
31183
31055
31002
31209
31234
31005
31143
31154
31170
31087
31069
31121
31163
31153
31138
31166
31252
31104
31064
31102
31144
31311
31095
30915
31125
31138
31161
31179
31117
31104
31086
30998
30985
30915
31107
31085
30951
31108
31081
30963
31270
31075
31101
31169
31103
31165
31144
31148
31317
31013
31233
31172
31134
31212
31022
31256
31252
31107
31296
31038
31232
31328
31055
31106
30985
31226
31171
31022
31192
31106
31175
31161
31117
31137
31159
31236
31051
31183
31106
31133
31269
31050
31102
31119
31168
31288
30948
31275
31130
31173
31306
31054
31179
31190
31200
31137
31166
31161
31159
31193
31112
31145
31205
31088
31153
31039
31251
31249
31057
31087
31060
31131
31257
30984
31082
31121
31246
31072
31034
30998
31279
31134
31032
31147
31039
31232
31199
30967
31136
31116
31001
31137
31104
31152
31148
31049
31018
31019
31179
31073
30895
31030
31140
31007
31232
30944
30948
31151
31121
31067
31050
31038
31180
31071
31185
31087
30954
31102
31235
31066
31209
31084
30976
31017
31268
31280
31146
31065
31050
31162
31323
31117
31080
31103
31225
31182
31264
31036
31051
31148
31256
31150
31029
31028
31074
31119
31160
30960
31021
30958
31199
31115
30914
31132
31170
31191
31131
31029
31240
31122
31120
31208
31098
31160
31243
31209
31097
30997
31254
31157
31075
31265
31153
31191
31152
31026
31288
31022
31104
31080
30997
31204
31103
31131
30983
30996
31178
30977
31187
30917
31103
31204
30939
31093
31139
31094
31042
30982
31189
31067
31207
31115
31036
31202
31311
31206
31091
31048
31280
31299
31226
31155
31198
31232
31116
31251
30952
31061
31415
31050
31092
31145
31092
31316
31107
31182
31080
31017
31255
31150
31158
31182
31067
31219
31183
31147
31020
31044
31217
31192
30996
31005
31167
31119
31267
31100
31009
31071
31209
31125
31194
31073
31239
31201
31251
31037
31099
31166
31172
30981
31053
31069
31084
31086
31059
31048
31167
31065
31097
31059
31066
31165
31164
31119
31102
31193
31139
31162
31215
31214
31152
31112
31075
31285
31088
30966
31186
31313
31118
31165
30866
31043
31166
31058
31104
30926
31135
31174
30983
31205
31023
31199
31124
30986
31044
30875
31237
31209
31119
31143
31086
31209
31089
31195
31192
31084
31081
31126
31118
31096
31147
31188
31080
31168
31221
31059
31142
31215
31046
31124
31184
31133
31121
31164
31192
31194
31326
31016
31031
31141
31188
31158
31217
31046
31003
31135
31035
31055
31212
31160
31026
31171
31198
30990
31237
31095
31179
31235
31184
31010
30957
31061
31164
30978
31129
31153
31101
31048
31111
31066
31100
31050
30980
31038
31056
31219
31106
30930
31237
31263
31189
31107
31030
31136
31322
31371
30959
31096
31195
31201
31173
31094
31025
31198
31225
31268
30980
30996
31010
31114
31127
30958
31023
31056
30981
31177
31074
30917
30791
31078
31081
31015
31007
30965
31029
31144
31106
31095
31063
31067
31260
31131
31103
31111
31098
31065
31177
31323
31056
30954
31153
31177
31075
31141
31033
31040
31039
31224
31126
31049
31124
31110
31111
31109
31112
30929
31103
31153
31188
31125
30995
31210
31263
31109
31010
31065
31126
31184
31023
30954
31050
31248
31150
31077
31050
31061
31180
31143
31050
31093
31196
31110
31053
31283
31155
31203
31244
31106
31254
31283
31149
31182
31179
31110
31149
31319
31037
30939
31116
31052
31040
31284
31025
31045
31058
31210
31201
31081
31114
31145
31231
31315
31082
31108
31088
31212
31187
31196
31070
31016
31209
31312
31047
31169
30951
31071
31122
30934
31075
30957
31021
31130
31087
31130
31054
31216
31112
31154
31052
31111
31159
31045
31221
31206
31032
31148
31135
31176
31077
31269
31188
31184
31250
31103
31137
31171
31053
31341
31156
31021
31194
31267
31189
31213
31074
31113
31146
31273
31157
31000
31036
31359
31203
31209
31146
31037
31232
31346
31171
31288
31188
31125
31138
31211
31231
31097
31122
31213
31126
31139
31157
31066
31141
31112
31213
31228
31162
31138
31187
31196
31300
31103
31095
31080
31204
31214
31102
30995
31242
31136
31020
31233
31144
31200
31160
31140
31049
31074
31260
31086
30986
31272
31063
31244
31068
30964
31046
31173
31255
31005
31007
31103
31093
31344
30948
31070
31139
31150
31335
31019
31092
31223
31081
31192
31122
31060
31043
30980
31161
31188
30995
31102
31082
31112
31303
31020
30991
31041
31122
31191
31003
31057
31115
31226
31293
31091
31117
31275
31168
31157
31217
31115
31173
31169
31242
31134
31049
31243
31043
31073
31243
31067
31228
31027
31128
31118
31079
31207
31055
31155
31229
30995
31153
31193
31087
31146
31180
31086
31011
31214
31157
30976
31220
31005
31090
31280
31043
31250
31057
31094
31293
31095
31102
31044
31206
31170
31178
31181
31032
31090
31327
31130
31161
31075
31001
31217
31337
31043
31100
30958
31135
31163
31023
30896
31096
31185
31188
31093
30936
31050
31145
31143
31081
30957
31180
31286
31022
31118
31203
31289
31278
31128
31109
31070
31351
31212
30923
31246
31262
31146
31278
31020
31184
31082
31098
31239
30970
31243
31087
31046
31213
31024
31255
31050
31063
31235
31106
31220
30986
31036
31118
31067
31137
30942
31039
31077
31035
31050
31049
31219
31055
30898
31037
31095
31149
31109
31112
31054
31254
31293
31065
31178
31211
31263
31191
31076
31144
31202
31290
30965
31132
31209
31189
31176
30836
30980
31206
31146
31238
30771
31000
31236
31111
31267
30845
30996
31234
31279
31192
31029
31079
31218
31220
31200
31026
31048
31097
31006
31181
30970
31073
31233
31176
31188
31146
31154
31240
31136
31197
31214
31128
31223
31179
31258
31225
30981
31246
31094
30989
31214
30956
31084
31111
30961
31217
31005
30994
31087
31024
31233
31074
31053
31091
31042
31403
31113
30944
31013
31183
31212
31119
31030
31064
31070
31358
31011
31023
31152
31163
31267
31153
31127
31113
31093
31006
31028
31135
31048
31058
31064
31013
31194
31211
31127
31021
31087
31051
31108
31170
31044
31114
31170
31020
31154
31227
31092
31018
31112
31211
31190
31148
30912
31123
31214
31271
31145
30995
31019
31195
31278
31097
31057
31110
30983
31095
31234
31208
31213
31264
31183
31178
31134
31089
31157
31299
31198
31009
31118
31281
31159
31115
31156
31193
31215
31208
31174
31058
31070
31108
31042
31269
31063
31034
31072
31184
31169
31051
31078
31049
31050
31263
31015
31041
31269
31135
31264
31029
31046
31128
31215
31109
30869
30943
31195
31147
31119
30969
31020
31256
31226
31106
31083
31103
31198
31199
31099
30957
31122
31225
31104
31196
31055
31150
31344
31196
31190
31079
31193
31208
31139
31119
31213
31120
31254
31182
31033
31039
31332
31218
31112
31251
31173
31303
31159
31026
31199
31243
31473
31018
31090
31083
31330
31237
31048
31125
31099
31122
31248
30976
31154
31155
31090
31151
31188
31178
31072
31147
31074
31046
31127
31052
31260
31029
31104
31085
31157
31189
31111
31132
31072
31146
31249
31033
31244
31166
31166
31294
31157
31092
31141
31260
31061
30964
31365
31180
31205
31195
31045
31285
31234
31066
31090
31173
31236
31157
31124
31092
30965
31263
31038
31050
31184
31030
31096
31192
30998
31127
31012
31118
31078
31022
31108
31174
31188
31230
31186
31078
31174
31202
31180
31110
31117
31245
31134
31130
31281
31109
31228
31220
31211
31153
31068
31120
31331
31076
31124
31228
31121
31230
31366
31117
31123
31201
31185
31225
31107
31041
31014
31279
31210
31101
31034
30961
31154
31069
31202
30965
31018
31132
31155
31285
31123
31135
31100
31197
31248
31032
31023
31120
31233
31198
31212
31024
30973
31239
31135
31092
31157
30938
31132
31020
31161
31155
30936
31212
31053
31168
31232
30962
31251
31073
31152
31297
31200
31174
31147
31219
31361
31134
31337
30999
31142
31309
31166
31156
31266
31236
31280
31093
31313
31190
31151
31167
31233
31176
31275
31180
31030
31093
31351
31272
31050
31124
31101
31229
31323
31135
31045
31206
31181
31252
31163
31005
31131
31269
31199
31203
30989
31166
31145
31055
31174
31048
31117
31030
30993
31216
31107
31008
30953
31031
31203
31197
31155
30943
31124
31123
31118
31053
31007
31065
31096
31119
31196
31089
31166
31048
31181
31225
31126
31078
30951
31177
31335
31022
31086
31078
31042
31055
31101
31029
31095
30976
31088
31099
31041
31187
31014
31133
31198
31081
31200
30956
31111
31373
31169
31035
31061
31066
31186
31032
31027
31110
31034
31242
31153
31059
31207
31156
31079
31138
31105
31117
31059
31158
31231
31232
31246
31056
31220
31093
31092
31108
31068
31215
31138
31157
31202
31177
31137
31012
31054
31146
31096
31216
31141
30942
31114
31240
31079
31265
31141
31156
31059
31249
31160
31053
31243
31201
31101
31283
31099
31230
31035
31130
31090
31137
31230
30899
31047
31233
31043
31165
30920
31140
31201
31061
31167
31044
31028
31253
31114
31054
31037
31327
31002
30990
31085
31140
31156
31035
31011
31056
31114
31227
31026
31081
31018
31177
31095
30990
31156
31086
31151
31232
31029
31089
31039
31171
31183
30995
31018
30922
31207
31099
30882
31007
31088
31085
31112
30992
31070
31066
31162
31031
31068
31116
31098
31223
30981
31010
31252
31079
31054
31095
31200
31151
30976
31072
31071
31098
31231
31120
31059
31107
31244
31169
31144
31195
31181
31093
31234
31108
31155
31113
31115
31126
31100
31275
31136
30983
31185
31076
31152
31135
30974
31029
31233
31090
30996
31000
31157
31222
30984
31018
31174
31179
31224
30959
30952
31009
30966
31294
30969
30982
31211
31081
31196
31011
31157
31137
31078
31068
31108
31183
31271
31216
31157
31145
31167
31127
31263
31135
31160
31103
31251
31165
31132
31156
31124
31032
31250
31070
31107
31160
30979
31138
31161
31155
31112
31084
31109
31127
31099
31146
31040
31215
31021
30986
31111
31179
31207
31177
30949
31002
31188
31198
31058
31015
31145
31346
31143
31026
30951
31141
31275
31265
31007
31035
31228
31148
31159
31129
31091
31247
31247
31047
31011
31125
31189
31224
31260
31073
31043
31268
31207
31141
31028
31067
31271
31254
31045
31219
31099
31256
31328
31078
31030
31148
31252
31122
31086
31260
30992
31123
31266
31099
31181
31149
31257
31222
31035
31203
31034
31260
31217
30967
31040
31114
31208
31104
30983
31109
31064
31021
31016
30960
31059
31137
31019
31015
31069
31183
31250
31036
31083
31162
31257
31142
30952
31123
31187
31377
31138
30879
31243
31295
31224
31173
31001
31153
31302
31114
31158
31082
31237
31237
31142
31183
31011
31255
31301
31035
31235
31072
31216
31259
30981
31178
31035
31152
31267
30820
30985
31195
31104
31225
31020
31067
31133
31204
31198
30978
31112
31177
31116
31208
31023
31127
31130
31028
31320
31065
31147
31099
30947
31249
31025
31040
31210
31072
31169
31172
31216
30996
30884
31105
31067
31077
31108
30924
31068
31215
31285
31060
31039
31155
31194
31235
31054
31151
31090
31247
31127
31175
31100
31127
31093
31249
31146
31090
31087
31229
31104
31102
31197
31117
31119
31227
31044
31145
31197
31293
31195
31148
31084
31168
31128
31073
31058
31198
31153
31126
31288
31155
31041
31200
31172
31190
31077
31109
30996
31006
31247
31082
31089
31188
30985
31132
31191
31180
31100
31128
31257
31194
31215
31208
31114
31240
31251
31272
31119
31050
31206
31196
31123
31192
31085
31159
31274
31116
31142
31227
31224
31257
31145
31162
31218
31066
31345
31102
30988
31249
31240
31216
31135
31164
30954
31153
31190
30949
31060
31071
31057
31216
31090
31086
30970
31230
31109
31091
31062
31064
31237
31250
31069
31191
31066
31151
31226
31074
31089
31177
31024
31062
30962
31255
31163
31106
31121
31034
31196
31361
30993
31058
31065
31225
31270
31143
31002
31120
31073
31354
31129
31047
31089
31133
31250
31248
31148
31166
31080
31181
31198
31180
31067
31077
31107
31421
31263
31005
31269
31169
31257
31330
31045
31032
31241
31194
31224
31072
31223
31118
30914
31218
31114
31121
31140
30857
31142
31164
31035
31099
30979
31099
31278
31053
31067
30930
31056
31081
31013
31070
30938
31101
31222
31094
31110
31004
31095
31097
31158
31145
31023
30874
31093
31276
31041
31022
31062
31073
31348
31152
31142
30977
31105
31281
31175
31148
31099
31137
31286
31147
31228
31070
31021
31124
31192
31064
31163
31051
31142
30943
31115
31148
31037
31053
31101
31099
31071
31178
31240
31115
31157
31141
31135
31253
31146
31273
31153
31187
31330
31173
31203
31146
31286
31209
31010
31163
31033
31217
31106
30850
31117
31223
31085
31035
30850
30976
31244
31146
31118
30937
31010
31279
31163
31101
31088
31024
31239
31234
31111
30972
31042
31207
31187
31099
31052
31017
31155
31089
30865
30962
31006
31082
31064
30999
31043
31138
31278
31016
31057
31060
31286
31223
31135
30995
31102
31272
31281
31203
31197
31113
31171
31266
31183
30970
31079
31178
31269
31112
31037
30995
31146
31224
31207
30945
31005
31060
31077
31146
31085
31082
31085
31179
31207
31125
30981
31179
31154
31322
31254
30929
31175
31272
31192
31296
30884
31108
31299
31144
31186
30927
31200
31277
31048
31183
30914
31093
31224
31010
31038
31044
31063
31172
31111
31116
31148
31004
31163
31116
31264
31174
30877
31196
31267
31185
31356
30947
31057
31224
31211
31251
30970
31122
31114
31086
31426
30975
31075
31100
31099
31116
31031
30973
31043
31096
31107
31124
31128
30969
31091
31037
31252
31163
31175
31012
31157
31192
31225
31248
30980
30977
31308
31306
31139
31122
31219
31125
31269
31218
31151
31166
31168
31024
31000
31074
31179
31064
31092
31109
31212
31075
31167
31029
31143
31262
30957
31051
31001
31027
31141
30955
31268
31140
31035
31082
31020
31158
31156
31081
31037
31139
31219
31154
31055
31117
31249
31373
31132
31006
31085
31262
31216
31008
31101
31088
31283
31185
30892
31018
31166
31142
31127
31015
31122
31208
31197
31044
31031
31182
31137
31071
31167
31084
31216
31192
31050
31150
31245
31137
31085
31079
31019
31280
31165
30979
31084
31163
31243
31226
30975
30982
31222
31255
31187
31078
30932
31199
31214
31213
31047
31030
31123
31149
31260
31077
31009
31270
31084
31241
31170
31097
31124
31200
31154
30999
31029
31257
31037
31167
31054
31154
31110
31212
31131
31158
31197
31064
31103
31283
31170
31023
31088
31110
31189
31117
31137
31019
31036
31224
31164
31093
31236
30994
31202
31222
31161
31081
31005
31054
31385
31017
31074
30879
31056
31218
31055
31074
31011
31063
31207
31029
31244
31104
31037
31289
31146
31183
31193
31110
31112
31056
31360
31002
30938
31245
31088
31096
31076
31153
31165
31038
31090
31116
31051
31137
30956
31126
31054
31119
31244
31082
31221
31333
31142
31156
31138
31058
31221
31319
31133
31156
31190
31110
31169
31291
31065
31044
31157
31169
31091
31065
31158
31171
31197
31096
31014
31244
31149
31139
31248
31046
31158
31163
31173
31219
31086
31233
31055
31185
31174
30915
31220
31080
31035
31147
31008
31216
31103
30972
31206
31094
31067
31146
31092
31155
31147
31228
31002
31027
31351
31079
31102
31199
31102
31302
31121
31088
31252
31144
31082
31013
31117
31160
30927
30952
31012
31030
31290
31075
30984
31053
31109
31165
31052
31041
31002
30992
31133
31110
31232
31325
31087
31104
31066
31262
31156
31070
31130
31168
31209
31335
30986
31164
31190
31147
31195
31151
31133
31177
31176
31177
31079
31226
31135
31079
31206
31220
31083
31154
31135
30932
31086
31208
31039
31001
31028
30973
31160
31102
31233
30934
31083
31157
31040
31176
31060
31080
31199
31130
31106
31128
31203
31150
31057
31087
31054
31040
31118
31082
31069
31040
31112
31130
31006
31055
31044
31212
31218
31082
31122
31141
31244
31331
31101
31044
31077
31293
31137
30913
31091
31159
31124
31265
30989
31023
31114
31157
31244
30924
30982
31078
31178
31312
31082
31057
31108
31073
31298
31113
31145
31117
31128
31198
31216
31105
31114
31005
31311
31146
31136
31024
30999
31049
31242
31150
31005
31018
30974
31207
31314
30965
31062
31120
31232
31217
30964
30968
31140
31271
31128
30905
30979
31205
31274
31128
31040
31213
31112
31107
31076
31107
31230
31149
31078
31102
31183
31082
31014
31239
31145
31137
31001
30913
31196
31249
30939
31079
31163
31185
31052
31036
31061
31164
31331
31092
31010
31102
31310
31227
31101
31031
31131
31220
31204
30969
31045
31033
31099
31321
31141
31047
31059
31242
31144
31115
31067
31094
31167
31369
31186
31045
31035
31160
31122
31215
31016
31018
31101
31048
31161
31113
31082
31163
31101
31099
31038
31200
31234
30970
31163
31165
31287
31067
31108
31117
31204
31217
31179
31034
31025
31147
31339
31070
31045
31175
31067
31079
31042
31154
31099
31065
31130
31068
31068
31145
31043
31228
31088
31190
31115
31093
31169
31178
31262
31263
30938
31247
31117
30971
31047
31092
31080
31047
31175
31156
31085
31333
31065
31129
31151
31115
31288
31117
31107
31256
31203
31250
30939
31176
31270
31193
31215
30991
31039
31195
30994
31183
31018
31016
31138
30955
31086
31025
30961
31081
31073
31201
30963
31001
30999
31179
31204
30990
30985
31041
31130
31263
31159
31026
31110
31362
31193
31223
31106
31103
31256
31324
31144
31118
31166
31191
31166
31143
30933
31123
31059
31141
31126
31037
31082
31036
31235
31055
31068
31222
31045
31201
31178
31037
31198
31100
31144
31037
31108
31081
31101
31155
31195
31018
31223
31094
31075
31132
31194
31131
31104
31110
31138
30985
31311
31136
31167
31048
31095
31007
31152
31143
31027
31033
31044
31187
31310
31091
31050
31078
31170
31185
31077
30932
31188
31246
31212
31139
31017
31181
31160
31187
31090
31024
31214
31034
30996
31084
31137
31282
31095
31083
31065
31250
31164
31073
31244
31059
31123
31303
31039
31119
31384
31121
31157
31249
31090
31200
31220
31150
31058
31266
31162
31067
31423
31024
31073
31248
31120
31089
31149
31108
31115
31054
31264
31010
31119
31112
31059
31072
31183
31244
31044
31147
31193
31123
31224
31096
31085
31150
31131
31124
31190
31095
31066
31115
31322
31070
31098
31054
31175
31228
31186
31219
31108
31160
31137
31072
31234
31003
31097
31184
31145
31109
31025
31081
31219
31055
31081
31059
31148
31157
30905
30974
31129
31118
31230
30827
31038
31189
31161
31252
30875
31019
31299
31173
31103
30961
31184
31255
31118
31099
31045
31233
31209
31099
31147
31024
31210
31323
31173
31114
31322
31161
31247
31210
31042
31321
31285
31050
31165
31164
31224
31070
31263
30974
31129
31269
31147
31205
31044
31103
31141
31158
31103
31101
31104
31110
31314
31221
31047
31228
31091
31233
31279
30999
31145
31182
31192
31107
30967
31305
31089
31095
31166
31123
31271
31254
31122
31111
31165
31224
31110
30989
31003
31277
31068
31042
31157
31079
31160
31040
31128
31082
31110
31212
31036
31172
31239
31006
31252
31153
31182
31285
31147
31103
30969
31176
31293
31045
31244
31114
31195
31340
31010
31243
31107
31119
31317
30956
31071
31149
31225
31226
30885
31140
31093
31225
31126
31017
31009
31148
31082
31115
31096
31032
31133
31294
31186
31121
31059
31166
31119
31181
31112
31002
31083
31277
31150
31110
31049
31107
31203
31043
31124
31096
31090
31169
31025
31192
31156
31069
31235
31106
31146
31231
31122
31175
31293
31104
31180
31020
31128
31341
31028
31070
31194
31245
31266
31068
31147
31212
31172
31104
31080
31264
31105
31080
31042
31087
31241
31027
31130
31115
31141
31282
31020
31095
31069
31190
31270
31033
31175
31138
31277
31205
31034
31243
31131
31255
31228
30995
31135
31212
31005
31178
31184
31098
31042
31109
31097
31174
31061
30948
31002
31201
31255
31046
30966
31029
31219
31299
31034
30951
30980
31219
31305
31117
31078
31159
31207
31318
31090
30999
31144
31203
31242
30995
31067
31172
31088
31292
31023
31029
31258
31153
31279
31112
31054
31184
31111
31242
31158
31113
31146
31133
31374
31036
31090
31148
31188
31156
31286
31038
30994
31008
31126
31083
31070
30983
31022
31136
31170
31169
30985
31030
31052
31189
31155
30974
31093
31159
30960
31095
31037
31015
31084
31131
31053
31102
31066
31090
31024
31144
31198
30980
31143
31110
31040
31274
31070
31074
31402
31103
31071
31051
31223
31254
31098
31273
30996
31082
31302
30883
31134
31224
31132
31197
31061
31016
31175
31078
31215
31001
31168
31096
30905
31155
31151
31185
31289
31082
31121
31245
31179
31154
31160
31143
31295
31181
31117
31159
31176
31245
31169
31100
31064
31185
31094
30966
31067
31189
31026
30997
30972
31117
31006
31047
31002
30992
31064
31077
31127
31031
31001
31163
31033
30944
31145
31155
31168
31169
30975
31158
31077
31204
31163
31068
31103
31158
31156
31269
31056
31159
31101
31066
31230
31096
31318
31071
30956
31198
31140
31213
31200
31037
31074
31181
31145
31014
31150
31164
31145
31117
31064
31161
31138
31182
31141
31081
31169
31227
31050
31154
31158
31068
31199
31081
31182
31188
31133
31204
31142
31288
31049
31091
31191
31139
31156
31219
31059
31029
30925
31216
31007
31084
31086
30997
31105
31245
31225
31012
31122
31188
31165
31180
31164
31137
31135
31151
31058
31317
31223
31057
31095
31196
31208
31231
31031
31164
31136
31350
31250
31217
31116
31080
31263
31263
31144
31323
31087
31173
31254
31182
31077
31192
31218
31168
31084
31209
31169
31221
31157
31153
31107
31163
31157
31034
30926
31064
31217
31064
31058
31128
31028
31169
31149
31120
31209
31067
31127
31031
31165
31339
31193
31069
31055
31202
31299
31251
31146
31015
31152
31351
31231
31042
31088
31178
31282
31153
31113
30984
31182
31243
31097
30992
31075
31284
31219
31032
31059
31175
31198
31259
31209
30886
31061
31434
31212
31102
31202
31073
31258
31349
31054
31154
31130
31265
31010
31136
31143
31193
31185
31114
31193
31174
31119
31200
31027
31172
31293
31120
31155
30998
31268
31222
31138
31225
31119
31077
31104
31239
31021
30962
31133
31206
31248
31173
31108
30899
31032
31116
31045
31150
30888
31096
31191
31089
31118
30952
31130
31173
31172
31042
30947
31204
31211
30995
31030
