29419
29566
29428
29625
29430
29557
29466
29526
29426
29613
29499
29580
29373
29534
29350
29557
29405
29400
29428
29371
29458
29514
29231
29438
29375
29520
29572
29259
29321
29432
29427
29441
29388
29365
29541
29467
29527
29371
29463
29446
29385
29532
29383
29276
29432
29295
29507
29564
29358
29358
29321
29390
29771
29244
29291
29277
29447
29802
29243
29295
29288
29400
29672
29340
29285
29435
29503
29634
29284
29409
29492
29390
29663
29349
29419
29313
29395
29447
29517
29532
29436
29295
29474
29401
29496
29428
29354
29382
29500
29548
29360
29344
29437
29345
29712
29421
29337
29345
29346
29599
29427
29348
29467
29394
29623
29364
29437
29559
29391
29509
29296
29437
29592
29431
29392
29329
29450
29506
29449
29537
29342
29555
29522
29421
29414
29528
29533
29454
29429
29472
29456
29551
29581
29390
29441
29581
29538
29409
29473
29364
29550
29660
29448
29578
29528
29536
29454
29618
29535
29386
29391
29446
29441
29547
29445
29444
29428
29429
29592
29344
29461
29505
29527
29520
29274
29386
29363
29278
29447
29260
29397
29554
29303
29379
29466
29357
29520
29486
29510
29495
29268
29414
29403
29513
29441
29394
29376
29394
29448
29642
29378
29386
29450
29480
29621
29336
29290
29251
29451
29429
29456
29446
29392
29573
29418
29495
29433
29481
29571
29390
29424
29287
29415
29522
29279
29500
29403
29459
29540
29361
29451
29524
29517
29550
29372
29373
29566
29456
29428
29360
29370
29477
29572
29489
29425
29527
29538
29423
29494
29439
29513
29651
29439
29358
29419
29497
29444
29421
29395
29506
29485
29471
29397
29419
29481
29628
29520
29381
29282
29487
29437
29542
29352
29417
29610
29468
29553
29574
29396
29486
29523
29585
29466
29302
29501
29416
29449
29524
29469
29467
29397
29383
29580
29393
29521
29555
29510
29557
29361
29468
29281
29553
29565
29395
29533
29361
29493
29485
29470
29621
29482
29638
29547
29442
29555
29562
29531
29458
29458
29690
29615
29408
29480
29377
29514
29717
29495
29364
29499
29442
29687
29292
29470
29537
29443
29700
29361
29383
29450
29408
29625
29501
29460
29499
29333
29594
29426
29414
29586
29486
29618
29415
29358
29471
29335
29567
29438
29388
29445
29367
29482
29425
29521
29420
29388
29503
29459
29440
29382
29358
29532
29349
29498
29362
29381
29601
29340
29519
29445
29341
29517
29430
29492
29480
29324
29622
29310
29545
29427
29362
29661
29359
29432
29468
29206
29575
29424
29528
29387
29369
29476
29465
29495
29372
29468
29679
29429
29431
29352
29563
29541
29371
29453
29436
29580
29397
29331
29316
29496
29553
29342
29384
29464
29607
29595
29363
29488
29456
29518
29539
29378
29326
29578
29545
29456
29482
29372
29365
29470
29576
29517
29381
29336
29455
29484
29431
29402
29437
29420
29650
29441
29398
29324
29563
29459
29433
29446
29410
29379
29567
29298
29447
29455
29428
29635
29354
29523
29604
29463
29542
29440
29499
29580
29420
29412
29349
29495
29487
29347
29539
29463
29519
29567
29302
29447
29588
29441
29483
29350
29481
29630
29312
29343
29572
29572
29471
29444
29530
29443
29586
29464
29324
29623
29479
29548
29539
29362
29488
29483
29567
29495
29403
29529
29335
29460
29466
29472
29485
29468
29595
29679
29392
29444
29512
29475
29406
29616
29346
29423
29458
29647
29505
29406
29465
29446
29559
29455
29370
29427
29391
29598
29497
29265
29549
29416
29574
29520
29373
29552
29444
29461
29461
29351
29622
29407
29422
29391
29528
29671
29341
29512
29279
29382
29682
29374
29465
29449
29461
29700
29305
29477
29415
29475
29551
29396
29379
29448
29507
29509
29364
29633
29460
29494
29521
29469
29438
29377
29499
29418
29434
29584
29542
29323
29452
29388
29444
29657
29426
29419
29362
29458
29633
29298
29432
29517
29363
29643
29360
29427
29588
29302
29648
29354
29352
29515
29474
29448
29357
29421
29570
29355
29460
29500
29449
29654
29464
29471
29240
29486
29669
29546
29405
29381
29331
29527
29597
29602
29255
29403
29506
29668
29571
29371
29365
29550
29548
29526
29344
29382
29673
29600
29659
29391
29472
29614
29587
29734
29465
29448
29500
29489
29596
29482
29473
29423
29429
29723
29567
29317
29442
29448
29569
29526
29332
29382
29446
29512
29541
29221
29525
29495
29543
29688
29273
29534
29400
29507
29613
29323
29546
29420
29534
29654
29378
29567
29487
29601
29636
29363
29437
29471
29584
29550
29371
29415
29419
29608
29543
29377
29563
29448
29590
29418
29440
29602
29343
29516
29427
29328
29503
29355
29527
29396
29363
29504
29357
29597
29462
29472
29591
29466
29530
29396
29227
29434
29464
29532
29354
29505
29424
29509
29452
29438
29546
29574
29510
29483
29419
29541
29453
29452
29441
29470
29467
29447
29415
29586
29518
29469
29315
29391
29503
29583
29513
29405
29313
29434
29536
29435
29319
29350
29400
29615
29524
29254
29398
29404
29566
29617
29261
29365
29375
29579
29445
29264
29379
29508
29553
29560
29438
29585
29517
29469
29507
29503
29451
29518
29458
29576
29516
29481
29508
29535
29500
29597
29378
29469
29513
29479
29628
29333
29557
29557
29441
29489
29468
29464
29458
29488
29384
29287
29591
29481
29428
29512
29489
29503
29486
29385
29502
29470
29522
29545
29554
29302
29437
29480
29547
29498
29450
29406
29404
29608
29468
29287
29501
29466
29670
29449
29310
29574
29463
29538
29525
29328
29495
29534
29516
29388
29442
29433
29559
29638
29363
29441
29528
29467
29432
29497
29413
29479
29480
29454
29523
29454
29439
29411
29649
29582
29446
29416
29390
29513
29605
29437
29449
29491
29524
29554
29658
29416
29461
29469
29616
29460
29546
29529
29583
29381
29526
29466
29501
29571
29487
29334
29328
29504
29512
29286
29543
29506
29386
29481
29217
29439
29482
29248
29395
29265
29429
29491
29302
29309
29385
29601
29377
29361
29301
29439
29638
29433
29467
29327
29461
29497
29604
29441
29494
29399
29501
29530
29394
29313
29486
29555
29381
29476
29465
29429
29489
29496
29369
29428
29421
29440
29501
29445
29544
29575
29325
29571
29350
29433
29716
29357
29440
29292
29562
29462
29350
29479
29430
29566
29526
29310
29550
29470
29504
29571
29341
29314
29453
29504
29458
29367
29368
29493
29660
29429
29508
29485
29393
29400
29579
29503
29269
29294
29455
29521
29505
29307
29387
29388
29638
29407
29294
29298
29563
29559
29348
29214
29389
29495
29467
29569
29309
29313
29541
29337
29407
29436
29459
29570
29412
29490
29526
29379
29581
29466
29532
29505
29540
29636
29496
29404
29548
29634
29575
29443
29596
29497
29478
29526
29471
29353
29523
29550
29484
29403
29395
29505
29463
29477
29444
29496
29489
29341
29356
29335
29473
29474
29354
29458
29352
29361
29497
29360
29452
29540
29560
29506
29504
29516
29368
29478
29540
29355
29560
29331
29473
29477
29325
29465
29344
29502
29509
29366
29225
29362
29507
29548
29305
29414
29438
29415
29495
29228
29338
29392
29347
29638
29335
29309
29362
29311
29434
29532
29445
29448
29294
29394
29413
29527
29484
29436
29506
29456
29497
29578
29421
29395
29491
29518
29553
29463
29468
29470
29450
29528
29444
29418
29510
29629
29502
29342
29487
29391
29511
29623
29413
29441
29447
29461
29707
29478
29355
29322
29632
29555
29410
29361
29269
29559
29687
29447
29256
29340
29509
29709
29523
29286
29350
29626
29654
29374
29214
29423
29625
29620
29490
29273
29445
29676
29420
29456
29421
29419
29677
29467
29344
29504
29449
29703
29513
29451
29464
29477
29656
29601
29377
29511
29393
29438
29560
29453
29443
29553
29607
29602
29505
29495
29499
29524
29666
29473
29405
29503
29606
29659
29509
29449
29504
29356
29668
29628
29509
29589
29540
29677
29503
29530
29495
29387
29590
29496
29458
29526
29439
29416
29595
29402
29488
29484
29493
29691
29427
29438
29332
29448
29532
29487
29395
29460
29356
29506
29447
29426
29442
29464
29475
29523
29288
29602
29456
29546
29475
29264
29591
29379
29557
29369
29389
29541
29386
29513
29324
29436
29583
29463
29419
29343
29478
29555
29408
29531
29425
29505
29660
29456
29193
29424
29589
29511
29435
29349
29600
29534
29421
29360
29379
29542
29412
29482
29339
29333
29520
29449
29340
29405
29508
29460
29521
29493
29472
29528
29406
29540
29527
29378
29564
29414
29366
29520
29338
29350
29435
29386
29466
29482
29497
29501
29579
29534
29315
29525
29369
29505
29511
29416
29427
29428
29602
29490
29345
29532
29521
29705
29512
29464
29576
29573
29638
29486
29447
29412
29562
29551
29347
29426
29451
29518
29524
29573
29537
29651
29587
29561
29493
29580
29610
29455
29458
29477
29471
29522
29529
29530
29535
29499
29501
29711
29600
29520
29589
29536
29630
29494
29517
29362
29549
29460
29431
29460
29430
29436
29360
29524
29638
29590
29404
29363
29473
29658
29452
29503
29276
29531
29508
29591
29467
29291
29506
29596
29570
29400
29448
29361
29475
29630
29477
29396
29537
29456
29514
29325
29551
29441
29437
29501
29449
29561
29405
29272
29343
29512
29671
29598
29312
29275
29538
29523
29484
29428
29444
29618
29601
29543
29423
29383
29522
29494
29524
29521
29349
29529
29461
29460
29439
29401
29571
29391
29437
29449
29314
29531
29311
29380
29496
29369
29580
29193
29454
29602
29298
29494
29395
29334
29545
29292
29590
29363
29573
29432
29348
29694
29418
29324
29438
29309
29620
29529
29536
29511
29389
29489
29670
29547
29545
29477
29522
29480
29530
29642
29508
29412
29453
29574
29484
29498
29575
29514
29558
29614
29474
29408
29464
29435
29619
29478
29532
29528
29415
29583
29495
29433
29467
29417
29606
29521
29478
29483
29610
29500
29413
29427
29450
29542
29482
29409
29472
29432
29574
29475
29484
29621
29374
29478
29458
29599
29609
29435
29375
29598
29542
29548
29368
29495
29515
29508
29545
29318
29415
29553
29569
29434
29479
29469
29482
29511
29356
29547
29473
29584
29508
29329
29460
29456
29328
29640
29452
29598
29326
29365
29537
29454
29489
29563
29475
29673
29401
29459
29420
29525
29537
29490
29394
29485
29462
29545
29389
29504
29457
29562
29648
29578
29463
29506
29404
29596
29460
29515
29424
29556
29522
29524
29344
29422
29478
29595
29510
29398
29285
29505
29571
29445
29348
29376
29538
29353
29286
29328
29413
29459
29322
29331
29498
29306
29542
29564
29465
29572
29506
29538
29575
29408
29583
29513
29542
29575
29426
29489
29494
29433
29682
29442
29436
29475
29465
29486
29480
29299
29508
29492
29509
29449
29350
29384
29528
29416
29469
29410
29466
29404
29399
29636
29424
29469
29516
29528
29508
29317
29413
29280
29343
29522
29328
29589
29315
29446
29555
29365
29494
29560
29399
29494
29396
29588
29332
29388
29414
29360
29592
29359
29302
29372
29346
29511
29452
29213
29286
29481
29313
29464
29267
29292
29478
29330
29338
29463
29188
29459
29511
29422
29502
29439
29534
29496
29456
29542
29439
29425
29504
29326
29560
29496
29415
29392
29392
29707
29472
29322
29392
29356
29638
29478
29411
29422
29375
29629
29403
29343
29503
29489
29381
29284
29479
29469
29438
29476
29338
29428
29621
29441
29299
29237
29521
29547
29628
29233
29342
29375
29545
29579
29322
29300
29499
29437
29681
29399
29408
29524
29466
29607
29313
29562
29443
29476
29751
29343
29407
29609
29333
29569
29425
29460
29500
29391
29484
29535
29380
29542
29346
29525
29369
29410
29570
29363
29325
29406
29269
29438
29391
29535
29496
29467
29365
29550
29542
29446
29445
29423
29575
29663
29512
29563
29379
29398
29559
29537
29515
29500
29432
29504
29528
29549
29359
29483
29661
29659
29386
29561
29368
29503
29639
29546
29479
29447
29551
29484
29358
29612
29499
29480
29648
29514
29634
29312
29507
29481
29453
29665
29371
29562
29481
29436
29674
29409
29584
29553
29383
29574
29453
29658
29423
29317
29523
29391
29564
29389
29279
29595
29439
29669
29360
29411
29539
29464
29591
29514
29427
29561
29483
29472
29532
29410
29539
29485
29438
29577
29511
29499
29584
29431
29511
29666
29422
29516
29484
29412
29403
29468
29614
29518
29446
29343
29574
29460
29564
29447
29516
29497
29303
29536
29421
29334
29587
29438
29480
29503
29419
29460
29556
29586
29621
29352
29345
29513
29538
29418
29427
29395
29412
29715
29373
29337
29423
29605
29545
29359
29346
29410
29497
29485
29235
29345
29462
29443
29507
29266
29396
29537
29388
29479
29531
29459
29604
29422
29367
29347
29589
29542
29441
29459
29517
29492
29451
29518
29370
29463
29623
29455
29518
29215
29491
29566
29479
29483
29397
29471
29371
29570
29608
29281
29448
29373
29560
29436
29355
29533
29393
29615
29335
29327
29344
29440
29603
29302
29321
29490
29395
29673
29469
29407
29541
29493
29543
29601
29357
29424
29499
29583
29487
29434
29342
29500
29512
29556
29308
29424
29487
29431
29536
29288
29284
29541
29601
29427
29287
29350
29426
29651
29503
29441
29467
29441
29533
29657
29359
29617
29408
29482
29630
29458
29526
29416
29431
29549
29416
29553
29280
29488
29620
29374
29511
29184
29436
29545
29362
29329
29318
29388
29615
29290
29319
29384
29541
29693
29256
29320
29230
29483
29786
29291
29215
29277
29339
29785
29272
29399
29474
29455
29682
29498
29351
29603
29440
29573
29458
29389
29560
29559
29400
29455
29418
29603
29397
29379
29532
29453
29613
29442
29488
29266
29457
29470
29542
29555
29330
29447
29482
29563
29544
29316
29270
29512
29619
29542
29221
29336
29534
29552
29635
29386
29479
29649
29571
29526
29304
29407
29526
29630
29423
29394
29543
29596
29619
29378
29472
29580
29499
29599
29346
29428
29602
29519
29610
29378
29368
29564
29528
29760
29488
29381
29504
29584
29510
29533
29458
29619
29494
29488
29454
29561
29541
29541
29574
29396
29532
29587
29586
29480
29509
29679
29521
29405
29577
29513
29583
29586
29492
29489
29456
29513
29401
29401
29707
29521
29638
29436
29442
29560
29540
29471
29431
29526
29558
29553
29497
29429
29530
29476
29589
29560
29617
29500
29439
29677
29438
29525
29509
29415
29704
29472
29576
29518
29373
29456
29553
29531
29485
29313
29565
29552
29625
29568
29329
29482
29544
29532
29595
29308
29530
29489
29498
29591
29514
29381
29511
29407
29469
29381
29467
29333
29477
29553
29662
29325
29445
29453
29378
29634
29337
29388
29453
29416
29684
29451
29405
29556
29379
29559
29505
29438
29578
29492
29482
29514
29445
29618
29451
29483
29455
29341
29649
29335
29398
29445
29402
29657
29381
29377
29599
29484
29373
29301
29385
29539
29449
29682
29363
29396
29733
29462
29341
29622
29398
29609
29523
29394
29484
29488
29469
29533
29387
29580
29504
29523
29423
29401
29582
29438
29422
29375
29308
29507
29518
29390
29491
29405
29584
29535
29373
29479
29469
29586
29458
29320
29444
29521
29647
29404
29191
29462
29601
29605
29485
29314
29303
29652
29499
29336
29388
29539
29588
29451
29393
29545
29548
29566
29436
29455
29426
29492
29495
29350
29487
29448
29465
29442
29359
29583
29371
29485
29448
29471
29569
29335
29444
29462
29419
29660
29362
29370
29470
29281
29510
29523
29342
29465
29517
29531
29651
29374
29526
29576
29633
29753
29521
29384
29521
29636
29617
29495
29493
29538
29544
29535
29510
29419
29438
29533
29618
29487
29461
29554
29564
29445
29495
29375
29512
29519
29394
29494
29292
29610
29633
29506
29552
29427
29551
29519
29540
29667
29203
29548
29469
29446
29702
29449
29551
29537
29514
29644
29302
29545
29616
29406
29518
29426
29453
29482
29362
29420
29484
29503
29604
29417
29443
29508
29426
29477
29329
29370
29446
29319
29543
29353
29454
29512
29374
29421
29440
29443
29357
29399
29282
29356
29337
29408
29430
29244
29305
29341
29477
29385
29223
29363
29317
29368
29363
29238
29516
29399
29441
29361
29293
29563
29397
29365
29270
29337
29604
29283
29407
29316
29338
29358
29444
29455
29332
29438
29452
29406
29472
29437
29629
29391
29467
29471
29453
29587
29503
29435
29378
29569
29535
29410
29509
29447
29459
29579
29518
29462
29325
29636
29639
29499
29542
29465
29397
29588
29510
29428
29477
29489
29564
29414
29451
29478
29534
29504
29339
29396
29469
29381
29343
29312
29315
29341
29330
29290
29349
29347
29364
29495
29346
29317
29398
29240
29453
29491
29263
29459
29308
29341
29528
29274
29309
29414
29417
29444
29287
29420
29381
29375
29543
29266
29552
29523
29479
29562
29403
29476
29494
29402
29483
29313
29471
29440
29403
29530
29536
29390
29347
29497
29535
29566
29489
29258
29353
29434
29555
29420
29416
29435
29389
29423
29499
29457
29527
29381
29473
29635
29372
29512
29471
29477
29597
29417
29467
29361
29492
29533
29405
29577
29317
29441
29563
29390
29530
29389
29408
29534
29371
29438
29329
29533
29344
29276
29333
29359
29577
29397
29164
29319
29579
29484
29308
29302
29158
29567
29602
29459
29277
29356
29517
29733
29424
29460
29447
29581
29660
29580
29462
29439
29485
29556
29513
29412
29484
29460
29504
29593
29415
29508
29469
29508
29580
29373
29382
29307
29458
29483
29404
29379
29421
29434
29415
29546
29502
29348
29511
29530
29475
29237
29466
29542
29377
29428
29396
29304
29597
29495
29436
29441
29360
29508
29373
29464
29394
29416
29501
29518
29334
29491
29280
29423
29549
29469
29532
29273
29214
29378
29427
29361
29307
29326
29548
29375
29452
29492
29430
29538
29334
29275
29462
29301
29531
29302
29416
29487
29419
29400
29453
29452
29650
29352
29594
29268
29536
29595
29503
29490
29558
29469
29662
29456
29556
29532
29444
29591
29556
29538
29634
29414
29577
29529
29461
29628
29438
29530
29499
29417
29517
29555
29385
29482
29391
29548
29470
29353
29463
29360
29430
29573
29229
29446
29318
29474
29688
29263
29389
29303
29301
29714
29239
29465
29454
29359
29704
29370
29490
29433
29470
29545
29494
29526
29485
29481
29499
29438
29479
29392
29596
29588
29519
29424
29512
29648
29498
29454
29338
29377
29585
29460
29566
29369
29404
29622
29404
29369
29436
29533
29457
29341
29354
29401
29498
29448
29389
29428
29449
29536
29387
29328
29503
29496
29576
29339
29468
29512
29339
29443
29300
29400
29479
29411
29577
29532
29488
29442
29323
29369
29614
29586
29554
29355
29471
29505
29609
29428
29426
29418
29630
29552
29566
29441
29557
29499
29530
29364
29543
29460
29333
29354
29411
29455
29570
29421
29446
29380
29554
29519
29323
29455
29442
29603
29503
29358
29519
29516
29547
29534
29404
29575
29403
29493
29558
29469
29474
29428
29495
29612
29596
29441
29578
29605
29547
29474
29488
29522
29645
29631
29505
29387
29542
29574
29519
29483
29454
29596
29541
29413
29459
29348
29621
29710
29472
29359
29469
29515
29511
29630
29496
29504
29500
29598
29635
29536
29498
29515
29617
29599
29480
29548
29424
29515
29557
29393
29526
29470
29473
29548
29318
29482
29594
29432
29459
29412
29454
29593
29453
29456
29394
29302
29409
29392
29369
29329
29524
29505
29378
29397
29536
29670
29600
29477
29436
29569
29516
29469
29537
29322
29514
29490
29302
29642
29405
29493
29584
29392
29464
29539
29414
29366
29343
29454
29579
29344
29339
29495
29465
29561
29344
29371
29453
29450
29587
29282
29505
29382
29347
29713
29386
29367
29411
29387
29646
29264
29362
29291
29447
29620
29324
29311
29316
29441
29463
29378
29315
29520
29443
29446
29316
29373
29526
29327
29276
29362
29359
29474
29246
29490
29592
29534
29523
29413
29556
29572
29357
29474
29262
29550
29658
29405
29496
29348
29471
29740
29417
29538
29520
29540
29675
29427
29566
29384
29407
29514
29332
29544
29457
29375
29619
29302
29636
29486
29440
29654
29460
29497
29550
29377
29518
29433
29528
29384
29489
29579
29621
29526
29513
29536
29651
29319
29584
29483
29465
29555
29509
29644
29484
29457
29622
29435
29652
29460
29510
29537
29336
29542
29449
29494
29622
29388
29598
29352
29454
29635
29304
29468
29546
29446
29633
29391
29426
29517
29404
29640
29320
29409
29529
29424
29408
29476
29332
29588
29418
29445
29404
29488
29622
29434
29351
29548
29463
29572
29327
29466
29468
29417
29480
29354
29430
29566
29433
29497
29295
29517
29632
29500
29381
29394
29622
29573
29370
29487
29372
29395
29569
29509
29494
29295
29380
29634
29410
29369
29541
29425
29611
29416
29330
29275
29538
29502
29433
29171
29534
29540
29538
29485
29441
29417
29576
29464
29598
29322
29482
29502
29450
29467
29515
29533
29508
29379
29448
29585
29483
29460
29593
29359
29590
29426
29448
29374
29549
29552
29422
29365
29353
29575
29417
29397
29592
29399
29512
29518
29423
29476
29464
29652
29319
29384
29403
29341
29620
29233
29320
29293
29245
29458
29462
29360
29458
29438
29463
29574
29253
29349
29403
29425
29484
29479
29435
29431
29453
29535
29597
29510
29580
29562
29599
29537
29548
29630
29393
29480
29502
29362
29550
29484
29576
29584
29484
29548
29531
29541
29590
29447
29503
29529
29500
29572
29379
29585
29460
29341
29566
29507
29552
29572
29317
29333
29483
29505
29512
29285
29576
29522
29451
29483
29432
29619
29629
29373
29506
29397
29548
29555
29439
29575
29496
29535
29488
29503
29443
29555
29603
29492
29554
29383
29534
29593
29384
29458
29493
29480
29637
29428
29486
29598
29441
29635
29376
29407
29636
29467
29627
29299
29409
29621
29512
29531
29325
29376
29505
29454
29544
29317
29467
29553
29551
29533
29485
29447
29499
29626
29599
29447
29450
29386
29554
29464
29490
29526
29396
29567
29503
29486
29519
29530
29440
29526
29505
29414
29414
29520
29636
29366
29405
29315
29454
29550
29350
29409
29490
29533
29733
29270
29354
29548
29581
29582
29311
29346
29448
29622
29657
29325
29408
29497
29591
29633
29398
29442
29509
29596
29435
29675
29312
29477
29662
29491
29448
29511
29479
29629
29550
29571
29345
29538
29596
29464
29592
29337
29498
29571
29315
29590
29401
29502
29668
29418
29551
29472
29371
29369
29445
29386
29380
29422
29416
29495
29594
29440
29322
29591
29598
29347
29493
29355
29476
29645
29511
29546
29343
29490
29609
29474
29555
29546
29412
29443
29377
29509
29665
29451
29551
29572
29545
29724
29501
29443
29592
29535
29618
29436
29476
29459
29509
29503
29517
29601
29522
29411
29476
29497
29699
29454
29439
29486
29564
29609
29429
29442
29400
29521
29578
29360
29445
29525
29637
29504
29418
29441
29547
29467
29478
29523
29501
29414
29477
29405
29362
29442
29547
29556
29412
29268
29405
29432
29357
29406
29445
29466
29325
29354
29393
29455
29482
29477
29402
29571
29468
29627
29482
29520
29555
29546
29453
29618
29438
29565
29485
29497
29537
29545
29475
29509
29365
29479
29643
29448
29383
29406
29502
29594
29480
29396
29465
29422
29585
29445
29393
29349
29530
29488
29407
29552
29398
29336
29488
29641
29631
29378
29400
29447
29538
29599
29468
29427
29387
29417
29558
29355
29598
29471
29455
29545
29484
29550
29367
29424
29467
29531
29665
29416
29382
29495
29551
29648
29433
29504
29551
29588
29572
29495
29300
29529
29564
29635
29392
29344
29531
29647
29620
29376
29317
29523
29447
29649
29384
29466
29627
29529
29537
29343
29398
29514
29533
29662
29391
29380
29487
29391
29538
29536
29510
29588
29327
29473
29469
29302
29559
29414
29466
29372
29315
29317
29479
29537
29546
29519
29439
29364
29467
29705
29457
29438
29345
29463
29519
29435
29425
29365
29573
29450
29478
29437
29493
29601
29380
29582
29610
29461
29471
29319
29371
29631
29539
29520
29302
29451
29480
29531
29631
29448
29488
29454
29377
29483
29507
29476
29503
29523
29459
29593
29403
29360
29440
29497
29553
29483
29298
29508
29377
29571
29549
29356
29498
29445
29491
29475
29329
29386
29415
29462
29545
29412
29508
29359
29385
29432
29314
29581
29455
29209
29562
29439
29681
29479
29335
29505
29557
29664
29406
29259
29360
29506
29681
29335
29300
29496
29478
29526
29393
29360
29513
29447
29558
29564
29311
29380
29434
29402
29538
29375
29370
29264
29399
29479
29426
29391
29403
29512
29470
29390
29311
29351
29561
29471
29420
29376
29381
29425
29582
29377
29389
29544
29626
29429
29355
29412
29598
29481
29386
29443
29495
29668
29483
29352
29374
29474
29607
29472
29370
29352
29495
29458
29441
29418
29438
29487
29542
29401
29365
29412
29500
29316
29361
29534
29493
29550
29236
29427
29570
29379
29522
29312
29346
29554
29411
29533
29270
29459
29537
29385
29572
29434
29517
29586
29335
29354
29457
29477
29382
29273
29424
29420
29461
29415
29307
29540
29533
29352
29452
29301
29406
29496
29341
29330
29403
29479
29396
29508
29476
29403
29443
29438
29635
29489
29249
29442
29427
29691
29411
29482
29383
29488
29612
29378
29436
29463
29636
29633
29346
29490
29364
29446
29629
29513
29573
29389
29396
29461
29415
29517
29446
29355
29631
29310
29540
29506
29418
29650
29572
29562
29569
29320
29499
29473
29491
29442
29419
29446
29565
29548
29636
29368
29407
29479
29640
29580
29459
29286
29403
29542
29590
29392
29400
29491
29546
29580
29433
29358
29487
29511
29573
29312
29310
29426
29439
29543
29314
29279
29500
29507
29408
29398
29412
29525
29465
29477
29399
29417
29508
29540
29196
29404
29311
29439
29360
29304
29610
29454
29424
29276
29272
29491
29455
29398
29334
29175
29540
29525
29362
29318
29311
29459
29611
29292
29423
29173
29571
29480
29299
29335
29333
29530
29263
29218
29396
29266
29580
29214
29384
29531
29314
29462
29208
29457
29592
29270
29625
29430
29473
29492
29350
29446
29487
29599
29611
29371
29451
29521
29529
29353
29534
29433
29458
29534
29563
29464
29367
29430
29538
29542
29374
29259
29339
29386
29574
29541
29283
29446
29446
29380
29459
29403
29469
29433
29485
29584
29501
29527
29550
29516
29683
29572
29571
29548
29575
29664
29524
29424
29455
29420
29586
29413
29459
29399
29545
29568
29471
29481
29427
29500
29613
29370
29449
29257
29653
29477
29314
29419
29379
29635
29416
29328
29358
29366
29430
29360
29372
29268
29431
29573
29300
29418
29314
29470
29686
29439
29541
29413
29530
29537
29300
29411
29345
29513
29506
29290
29485
29536
29542
29607
29472
29468
29470
29589
29550
29406
29504
29547
29482
29421
29394
29470
29446
29618
29444
29269
29451
29531
29433
29470
29373
29694
29468
29364
29349
29304
29702
29398
29274
29288
29335
29714
29336
29368
29480
29480
29797
29416
29358
29468
29467
29602
29400
29384
29569
29588
29595
29309
29478
29541
29602
29576
29303
29470
29512
29575
29440
29396
29403
29524
29581
29438
29383
29526
29538
29459
29474
29251
29310
29527
29448
29498
29312
29366
29584
29275
29531
29494
29550
29631
29289
29372
29603
29599
29568
29423
29436
29530
29600
29537
29327
29430
29543
29497
29511
29529
29356
29465
29631
29390
29413
29443
29468
29415
29538
29490
29431
29310
29484
29470
29479
29379
29358
29459
29597
29304
29415
29387
29460
29572
29243
29403
29321
29444
29684
29371
29305
29418
29440
29521
29467
29450
29491
29375
29385
29591
29418
29335
29513
29480
29583
29407
29330
29181
29494
29621
29399
29426
29391
29419
29481
29274
29358
29531
29513
29475
29303
29577
29503
29464
29540
29400
29581
29451
29302
29464
29327
29563
29479
29382
29512
29431
29571
29498
29331
29448
29437
29450
29363
29272
29422
29417
29484
29394
29314
29666
29470
29352
29335
29408
29576
29502
29280
29422
29281
29493
29393
29467
29486
29315
29310
29346
29437
29602
29341
29362
29338
29455
29500
29440
29317
29367
29541
29488
29456
29277
29391
29588
29590
29446
29469
29289
29590
29503
29438
29398
29389
29584
29497
29533
29444
29474
29602
29380
29530
29494
29402
29642
29494
29472
29542
29420
29452
29489
29463
29514
29449
29580
29412
29390
29433
29370
29470
29460
29503
29328
29328
29468
29430
29570
29453
29458
29468
29393
29474
29484
29364
29411
29481
29396
29363
29501
29439
29469
29555
29567
29424
29572
29566
29587
29618
29554
29541
29546
29530
29529
29631
29506
29554
29543
29483
29613
29507
29488
29436
29484
29537
29438
29496
29492
29501
29523
29576
29410
29374
29472
29743
29482
29452
29342
29412
29645
29636
29321
29378
29482
29515
29457
29478
29309
29574
29593
29535
29284
29530
29536
29546
29570
29292
29430
29466
29440
29594
29408
29568
29620
29475
29467
29430
29576
29482
29484
29402
29365
29609
29468
29313
29359
29336
29714
29449
29297
29204
29334
29716
29448
29300
29173
29314
29823
29394
29259
29303
29279
29634
29408
29332
29297
29362
29568
29541
29252
29558
29388
29447
29624
29277
29476
29369
29292
29574
29198
29515
29393
29346
29586
29369
29391
29562
29375
29633
29374
29477
29698
29388
29605
29412
29387
29612
29390
29511
29497
29483
29559
29439
29455
29499
29485
29552
29449
29399
29588
29524
29428
29566
29402
29519
29541
29421
29472
29316
29480
29489
29364
29500
29436
29562
29496
29340
29349
29392
29488
29454
29339
29420
29471
29516
29568
29261
29395
29458
29462
29655
29389
29375
29455
29611
29469
29274
29440
29453
29556
29511
29326
29461
29523
29519
29428
29412
29527
29396
29431
29420
29458
29545
29417
29401
29518
29480
29587
29446
29500
29635
29523
29648
29395
29449
29570
29498
29563
29402
29417
29518
29361
29445
29464
29376
29671
29412
29516
29350
29507
29609
29418
29406
29578
29323
29581
29467
29468
29550
29393
29507
29609
29426
29490
29433
29546
29461
29351
29507
29265
29457
29476
29346
29464
29432
29354
29406
29364
29545
29381
29492
29214
29401
29632
29436
29288
29502
29487
29602
29257
29386
29465
29445
29554
29528
29441
29458
29564
29499
29418
29446
29630
29587
29274
29482
29373
29498
29436
29355
29401
29411
29553
29524
29411
29538
29524
29602
29483
29429
29556
29450
29601
29457
29407
29454
29521
29565
29577
29396
29446
29472
29560
29392
29396
29454
29447
29430
29481
29327
29500
29558
29516
29460
29357
29396
29422
29568
29435
29480
29543
29522
29521
29493
29443
29565
29477
29614
29414
29394
29590
29549
29421
29489
29524
29645
29568
29547
29428
29516
29701
29587
29455
29394
29499
29521
29363
29515
29482
29612
29614
29529
29495
29490
29596
29514
29534
29669
29420
29487
29396
29500
29580
29529
29548
29496
29415
29592
29412
29451
29582
29438
29547
29522
29444
29442
29439
29367
29544
29318
29468
29350
29438
29475
29486
29347
29360
29491
29528
29368
29319
29344
29410
29514
29489
29279
29350
29486
29541
29255
29487
29431
29528
29573
29342
29403
29463
29511
29532
29293
29521
29297
29420
29359
29466
29664
29323
29386
29208
29381
29601
29466
29430
29386
29342
29598
29236
29473
29436
29488
29597
29290
29445
29454
29384
29568
29389
29498
29400
29446
29406
29464
29503
29608
29611
29479
29376
29442
29535
29490
29672
29445
29483
29503
29485
29457
29605
29382
29392
29460
29440
29488
29482
29439
29469
29577
29527
29333
29389
29457
29519
29274
29308
29330
29615
29411
29375
29430
29419
29586
29394
29366
29472
29415
29575
29184
29394
29433
29347
29605
29188
29439
29358
29270
29427
29314
29449
29305
29235
29527
29301
29468
29349
29220
29643
29407
29364
29337
29382
29588
29405
29303
29349
29500
29538
29513
29388
29291
29484
29453
29567
29458
29349
29499
29289
29496
29513
29344
29494
29266
29536
29517
29307
29448
29384
29541
29503
29356
29304
29494
29536
29549
29329
29405
29543
29397
29576
29534
29450
29625
29435
29361
29403
29431
29603
29347
29286
29335
29595
29540
29336
29296
29372
29684
29508
29497
29374
29500
29630
29500
29367
29304
29468
29542
29534
29480
29409
29561
29485
29511
29459
29561
29524
29354
29551
29340
29425
29622
29374
29472
29403
29467
29731
29386
29516
29586
29365
29507
29535
29504
29400
29351
29461
29474
29443
29419
29442
29503
29615
29464
29360
29297
29389
29643
29486
29300
29497
29316
29541
29444
29287
29388
29420
29535
29506
29272
29486
29406
29503
29640
29358
29553
29363
29425
29555
29500
29433
29455
29403
29502
29448
29561
29436
29465
29565
29427
29328
29628
29476
29417
29486
29348
29541
29433
29426
29392
29400
29603
29452
29322
29346
29468
29462
29506
29419
29379
29275
29415
29647
29511
29300
29278
29364
29530
29587
29315
29330
29324
29438
29665
29330
29316
29520
29380
29597
29350
29330
29424
29432
29602
29520
29441
29513
29531
29435
29454
29462
29588
29620
29351
29382
29328
29412
29481
29586
29294
29454
29464
29422
29478
29347
29434
29516
29596
29542
29381
29469
29472
29439
29734
29327
29419
29448
29499
29552
29475
29479
29473
29511
29541
29513
29282
29513
29540
29506
29513
29373
29617
29507
29374
29552
29424
29641
29544
29408
29440
29360
29584
29584
29292
29391
29523
29505
29533
29371
29410
29557
29392
29600
29313
29424
29487
29383
29619
29299
29349
29459
29282
29665
29367
29293
29456
29362
29475
29407
29291
29637
29357
29484
29273
29447
29633
29254
29323
29296
29417
29638
29310
29374
29411
29526
29642
29402
29414
29485
29468
29515
29408
29472
29467
29582
29585
29478
29469
29564
29509
29615
29609
29408
29307
29527
29562
29357
29503
29461
29535
29645
29419
29447
29480
29614
29470
29404
29308
29509
29569
29427
29222
29432
29458
29474
29377
29388
29521
29525
29256
29361
29408
29580
29576
29337
29336
29305
29396
29555
29290
29432
29465
29477
29420
29502
29387
29427
29541
29489
29515
29294
29270
29215
29385
29515
29224
29221
29240
29263
29526
29320
29331
29355
29402
29574
29374
29362
29432
29454
29701
29518
29550
29476
29502
29650
29517
29556
29451
29371
29518
29478
29504
29309
29432
29539
29511
29592
29477
29547
29660
29390
29509
29269
29484
29609
29422
29428
29431
29424
29646
29376
29502
29468
29497
29613
29325
29433
29412
29387
29476
29346
29464
29547
29413
29507
29473
29427
29431
29449
29505
29500
29559
29407
29307
29610
29624
29415
29472
29524
29630
29504
29404
29414
29542
29677
29456
29336
29273
29418
29586
29467
29415
29392
29547
29607
29400
29490
29400
29415
29536
29432
29399
29311
29501
29406
29462
29427
29295
29387
29519
29471
29616
29274
29481
29596
29528
29477
29376
29412
29502
29427
29506
29317
29480
29474
29515
29487
29430
29516
29509
29643
29437
29320
29444
29541
29632
29261
29434
29466
29373
29650
29375
29424
29676
29456
29494
29348
29481
29535
29489
29535
29292
29390
29544
29539
29394
29445
29588
29417
29511
29520
29391
29474
29576
29452
29439
29457
29595
29574
29507
29609
29473
29460
29404
29428
29556
29383
29334
29595
29406
29581
29492
29331
29491
29693
29455
29516
29264
29437
29537
29515
29450
29387
29472
29601
29400
29522
29276
29455
29467
29319
29482
29336
29319
29436
29322
29569
29382
29357
29275
29461
29654
29343
29405
29252
29268
29726
29393
29249
29262
29430
29693
29411
29326
29438
29323
29565
29435
29452
29364
29555
29622
29467
29364
29536
29464
29461
29356
29486
29541
29564
29423
29555
29407
29589
29639
29385
29376
29415
29613
29531
29309
29431
29430
29576
29519
29415
29598
29486
29560
29488
29328
29327
29553
29481
29407
29393
29417
29461
29732
29339
29519
29472
29629
29512
29419
29392
29460
29641
29394
29356
29442
29265
29594
29441
29344
29505
29490
29589
29408
29402
29353
29445
29641
29364
29387
29340
29383
29624
29435
29452
29333
29491
29661
29466
29509
29373
29479
29622
29456
29511
29346
29461
29422
29548
29678
29507
29419
29435
29513
29573
29580
29508
29433
29559
29486
29513
29483
29372
29543
29619
29453
29398
29373
29473
29650
29500
29554
29337
29261
29605
29562
29459
29531
29354
29536
29509
29433
29490
29370
29627
29462
29425
29527
29425
29439
29552
29385
29424
29304
29482
29497
29369
29409
29432
29529
29426
29404
29503
29508
29492
29546
29375
29503
29357
29516
29588
29513
29649
29521
29385
29638
29482
29525
29500
29413
29630
29473
29421
29510
29474
29613
29481
29429
29549
29396
29475
29582
29326
29441
29439
29404
29558
29424
29394
29348
29505
29561
29314
29489
29258
29414
29598
29352
29371
29382
29298
29625
29418
29531
29460
29400
29497
29415
29378
29498
29433
29598
29445
29336
29472
29284
29379
29493
29387
29536
29369
29488
29434
29486
29524
29315
29551
29565
29340
29539
29330
29571
29598
29369
29465
29410
29537
29599
29515
29474
29383
29555
29483
29397
29572
29389
29487
29367
29380
29415
29353
29541
29432
29356
29505
29450
29470
29374
29374
29494
29503
29583
29432
29350
29508
29443
29558
29515
29375
29565
29578
29658
29473
29488
29561
29475
29676
29551
29564
29605
29545
29551
29435
29501
29585
29495
29545
29533
29505
29484
29390
29417
29677
29456
29501
29481
29251
29548
29477
29383
29628
29384
29512
29465
29387
29531
29523
29500
29366
29380
29587
29464
29551
29442
29415
29525
29590
29457
29456
29341
29397
29638
29411
29416
29474
29365
29608
29411
29281
29443
29464
29539
29425
29284
29560
29310
29409
29339
29425
29489
29381
29380
29399
29287
29553
29439
29446
29475
29435
29352
29432
29174
29477
29490
29344
29450
29361
29238
29601
29350
29409
29462
29437
29595
29279
29356
29341
29382
29497
29438
29520
29362
29294
29597
29279
29359
29443
29395
29534
29315
29335
29376
29317
29527
29458
29405
29480
29407
29481
29353
29281
29292
29405
29450
29441
29318
29476
29585
29436
29409
29424
29542
29662
29326
29412
29304
29583
29604
29377
29431
29365
29530
29597
29467
29408
29402
29545
29429
29448
29410
29317
29446
29390
29470
29323
29317
29302
29380
29592
29191
29431
29215
29393
29700
29311
29447
29447
29355
29513
29446
29556
29368
29280
29413
29467
29533
29338
29417
29497
29506
29437
29328
29208
29497
29505
29346
29345
29424
29509
29382
29226
29339
29405
29562
29330
29239
29214
29402
29343
29331
29262
29340
29444
29242
29385
29278
29293
29340
29337
29453
29254
29278
29370
29250
29326
29276
29228
29315
29334
29199
29389
29294
29388
29420
29285
29424
29435
29453
29517
29271
29572
29440
29344
29372
29411
29526
29613
29446
29518
29285
29467
29669
29477
29448
29454
29537
29533
29410
29554
29487
29530
29506
29578
29596
29389
29544
29567
29421
29504
29609
29502
29491
29442
29552
29408
29556
29491
29492
29571
29391
29411
29360
29336
29546
29498
29424
29400
29480
29477
29472
29462
29341
29462
29558
29457
29433
29408
29425
29542
29434
29400
29491
29448
29337
29578
29469
29586
29394
29510
29439
29511
29604
29429
29327
29422
29494
29655
29324
29586
29415
29411
29551
29364
29494
29327
29420
29461
29369
29696
29345
29338
29478
29417
29581
29355
29350
29347
29596
29539
29316
29345
29453
29523
29493
29341
29339
29381
29525
29442
29515
29378
29476
29388
29440
29564
29286
29447
29474
29560
29690
29298
29429
29550
29541
29598
29398
29449
29466
29496
29513
29478
29436
29629
29480
29442
29469
29548
29558
29503
29424
29547
29337
29572
29411
29283
29537
29451
29539
29275
29439
29432
29530
29716
29414
29330
29457
29466
29620
29319
29547
29368
29433
29738
29314
29482
29510
29429
29717
29270
29601
29367
29386
29660
29311
29503
29316
29372
29634
29289
29677
29363
29404
29768
29297
29474
29340
29294
29620
29421
29538
29227
29361
29446
29537
29671
29358
29362
29670
29510
29602
29388
29352
29598
29472
29485
29319
29397
29556
29427
29524
29298
29455
29492
29395
29579
29502
29426
29440
29359
29499
29418
29437
29539
29426
29460
29445
29551
29502
29477
29488
29404
29502
29500
29522
29561
29482
29433
29490
29420
29557
29539
29541
29493
29429
29337
29567
29474
29390
29452
29374
29522
29365
29362
29439
29492
29693
29346
29304
29540
29399
29472
29389
29457
29525
29529
29502
29320
29409
29529
29442
29704
29344
29412
29444
29448
29508
29511
29544
29524
29448
29479
29434
29421
29350
29518
29457
29351
29414
29323
29498
29559
29552
29526
29332
29448
29547
29370
29496
29390
29442
29494
29354
29412
29490
29518
29485
29425
29528
29471
29390
29468
29306
29534
29518
29290
29516
29368
29445
29543
29274
29444
29549
29422
29427
29543
29352
29513
29557
29366
29591
29362
29496
29414
29446
29522
29303
29546
29567
29400
29612
29228
29345
29527
29487
29617
29318
29340
29498
29429
29428
29373
29355
29626
29530
29387
29371
29378
29612
29587
29448
29468
29428
29575
29588
29446
29464
29404
29488
29505
29456
29571
29446
29541
29571
29472
29442
29359
29481
29561
29291
29394
29368
29443
29719
29321
29522
29540
29506
29634
29280
29343
29519
29559
29542
29220
29422
29530
29443
29523
29368
29524
29563
29405
29406
29314
29489
29614
29568
29386
29417
29507
29471
29443
29599
29372
29538
29613
29442
29271
29326
29442
29543
29463
29331
29334
29479
29721
29389
29389
29474
29461
29575
29398
29235
29495
29463
29550
29475
29316
29499
29418
29510
29559
29450
29537
29248
29269
29422
29261
29438
29160
29511
29481
29596
29405
29348
29536
29631
29489
29442
29302
29497
29553
29529
29428
29522
29384
29577
29508
29505
29571
29540
29416
29340
29556
29508
29474
29544
29430
29566
29551
29502
29480
29534
29550
29510
29613
29485
29464
29606
29498
29575
29524
29391
29541
29466
29415
29564
29374
29570
29490
29491
29481
29402
29314
29452
29587
29559
29333
29369
29625
29548
29576
29462
29442
29627
29577
29631
29460
29416
29535
29647
29532
29455
29484
29611
29500
29594
29598
29467
29515
29469
29579
29552
29458
29530
29493
29460
29541
29559
29542
29473
29464
29580
29527
29485
29440
29400
29532
29430
29524
29345
29533
29488
29492
29399
29399
29528
29527
29425
29574
29604
29612
29661
29508
29584
29555
29626
29530
29494
29559
29618
29617
29565
29544
29553
29509
29527
29518
29575
29524
29493
29550
29400
29582
29407
29442
29615
29592
29515
29419
29253
29479
29670
29589
29354
29389
29461
29561
29299
29570
29464
29491
29572
29324
29519
29503
29361
29545
29411
29532
29434
29356
29377
29485
29574
29483
29243
29435
29424
29409
29446
29371
29333
29347
29402
29492
29344
29570
29572
29289
29423
29406
29241
29628
29306
29463
29550
29400
29478
29559
29494
29625
29399
29642
29531
29480
29523
29411
29418
29554
29502
29581
29323
29490
29569
29358
29472
29312
29505
29470
29445
29304
29294
29492
29504
29467
29414
29432
29587
29366
29509
29497
29512
29561
29355
29574
29487
29543
29607
29546
29575
29456
29608
29512
29295
29506
29495
29565
29480
29528
29576
29556
29537
29468
29438
29555
29453
29525
29370
29515
29442
29482
29434
29321
29564
29473
29499
29348
29376
29502
29343
29419
29388
29493
29585
29264
29363
29308
29507
29591
29310
29438
29474
29343
29410
29394
29398
29396
29449
29357
29401
29483
29408
29225
29415
29613
29363
29642
29282
29334
29497
29428
29442
29455
29329
29539
29409
29648
29503
29394
29455
29621
29541
29507
29380
29411
29368
29605
29571
29473
29399
29405
29488
29610
29477
29497
29397
29521
29543
29475
29330
29422
29437
29543
29386
29362
29305
29478
29575
29441
29354
29392
29417
29599
29480
29284
29492
29390
29485
29507
29246
29428
29413
29506
29478
29342
29438
29566
29503
29464
29404
29543
29506
29242
29539
29305
29527
29504
29365
29630
29376
29521
29399
29281
29615
29365
29489
29320
29383
29637
29293
29452
29340
29384
29535
29256
29449
29458
29404
29489
29359
29432
29491
29568
29335
29412
29553
29607
29543
29299
29287
29568
29453
29501
29395
29361
29481
29445
29496
29350
29478
29717
29486
29349
29495
29327
29588
29448
29431
29444
29393
29624
29601
29425
29481
29473
29451
29594
29448
29502
29369
29450
29638
29412
29406
29568
29445
29589
29396
29436
29500
29448
29422
29470
29364
29538
29487
29505
29390
29539
29553
29458
29410
29446
29473
29331
29342
29260
29359
29409
29341
29341
29344
29338
29527
29409
29471
29436
29402
29429
29355
29430
29514
29441
29455
29412
29474
29462
29271
29465
29520
29422
29546
29230
29468
29530
29462
29474
29193
29316
29446
29238
29571
29312
29440
29514
29441
29404
29420
29504
29629
29385
29439
29321
29472
29450
29540
29453
29310
29418
29420
29553
29536
29509
29538
29491
29579
29546
29385
29368
29511
29433
29546
29539
29446
29481
29397
29511
29567
29527
29462
29354
29450
29483
29465
29599
29319
29523
29469
29454
29483
29552
29450
29263
29515
29515
29351
29533
29415
29436
29517
29500
29375
29326
29424
29456
29508
29491
29275
29298
29262
29484
29360
29502
29427
29376
29489
29368
29423
29399
29240
29506
29545
29520
29350
29316
29380
29583
29604
29408
29413
29496
29540
29481
29340
29335
29515
29474
29557
29240
29345
29365
29442
29582
29327
29281
29389
29433
29531
29329
29287
29181
29463
29508
29360
29246
29318
29263
29420
29363
29468
29329
29393
29460
29442
29381
29445
29394
29381
29601
29527
29480
29275
29560
29480
29407
29393
29422
29428
29359
29539
29448
29409
29452
29483
29494
29391
29413
29440
29554
29470
29347
29406
29273
29523
29542
29367
29380
29428
29443
29581
29407
29255
29404
29606
29560
29408
29340
29424
29628
29510
29346
29474
29490
29508
29472
29546
29479
29497
29481
29402
29493
29494
29479
29507
29446
29410
29611
29540
29417
29335
29485
29544
29381
29385
29295
29340
29418
29447
29477
29360
29385
29369
29482
29562
29360
29413
29403
29434
29553
29493
29403
29363
29413
29662
29277
29398
29159
29494
29574
29285
29387
29256
29345
29453
29332
29391
29283
29426
29417
29454
29428
29519
29475
29424
29580
29502
29434
29569
29413
29575
29439
29596
29537
29456
29540
29591
29457
29500
29613
29553
29555
29293
29528
29587
29543
29618
29427
29460
29607
29548
29468
29346
29335
29632
29551
29678
29420
29408
29534
29528
29417
29534
29413
29451
29450
29485
29556
29508
29486
29509
29520
29527
29511
29365
29458
29462
29533
29445
29489
29309
29534
29414
29521
29509
29380
29434
29558
29460
29439
29286
29540
29580
29394
29444
29353
29542
29424
29426
29392
29381
29579
29440
29346
29587
29389
29660
29531
29370
29452
29539
29722
29267
29271
29333
29414
29771
29308
29350
29478
29363
29636
29334
29351
29475
29373
29558
29494
29333
29330
29311
29543
29729
29328
29538
29291
29509
29754
29350
29314
29405
29389
29672
29325
29444
29457
29411
29634
29428
29352
29634
29388
29590
29460
29333
29538
29515
29492
29456
29368
29563
29405
29469
29570
29324
29493
29393
29548
29486
29400
29543
29308
29427
29585
29304
29546
29378
29374
29423
29429
29369
29443
29619
29527
29314
29577
29351
29424
29805
29279
29462
29349
29373
29585
29417
29405
29545
29441
29668
29562
29547
29389
29378
29534
29511
29467
29441
29282
29443
29522
29480
29491
29369
29573
29586
29432
29274
29404
29573
29434
29331
29275
29375
29465
29480
29481
29275
29543
29581
29351
29382
29387
29470
29502
29466
29464
29380
29522
29634
29257
29545
29459
29460
29632
29216
29569
29469
29489
29583
29412
29594
29361
29381
29525
29294
29641
29413
29368
29618
29373
29497
29271
29341
29472
29501
29592
29329
29355
29421
29368
29460
29349
29566
29403
29348
29420
29462
29550
29609
29447
29571
29612
29599
29374
29441
29509
29682
29535
29452
29562
29459
29618
29385
29443
29600
29511
29612
29288
29375
29587
29539
29576
29212
29389
29579
29432
29626
29304
29344
29539
29461
29511
29245
29422
29486
29415
29662
29389
29510
29486
29463
29671
29275
29350
29473
29340
29492
29423
29424
29474
29454
29457
29571
29343
29498
29540
29446
29551
29357
29515
29542
29391
29574
29290
29356
29575
29276
29691
29319
29282
29480
29363
29648
29373
29418
29337
29304
29650
29453
29250
29388
29425
29509
29482
29413
29380
29405
29662
29363
29371
29353
29436
29553
29393
29316
29460
29353
29401
29419
29497
29563
29323
29345
29266
29413
29461
29433
29265
29388
29394
29452
29443
29438
29512
29423
29516
29379
29524
29347
29456
29506
29459
29470
29451
29171
29487
29575
29631
29508
29381
29348
29562
29566
29557
29400
29510
29565
29445
29455
29427
29442
29461
29430
29455
29421
29491
29545
29617
29464
29425
29451
29536
29502
29454
29322
29382
29515
29543
29484
29411
29471
29490
29493
29626
29486
29433
29382
29427
29605
29316
29474
29516
29474
29734
29325
29322
29536
29470
29561
29415
29334
29478
29665
29478
29300
29412
29494
29624
29375
29382
29332
29608
29657
29457
29321
29429
29589
29502
29417
29441
29500
29638
29418
29544
29474
29534
29598
29402
29505
29401
29524
29526
29444
29359
29493
29512
29702
29426
29443
29449
29668
29470
29408
29417
29438
29597
29507
29427
29520
29548
29652
29396
29364
29416
29506
29530
29487
29370
29458
29492
29685
29394
29526
29522
29593
29611
29614
29467
29570
29551
29542
29558
29525
29494
29663
29486
29569
29471
29508
29563
29469
29447
29461
29532
29692
29435
29571
29475
29521
29658
29400
29456
29482
29496
29486
29357
29699
29357
29512
29531
29348
29618
29490
29386
29374
29375
29544
29416
29467
29473
29434
29582
29482
29473
29550
29454
29507
29635
29383
29484
29530
29392
29514
29422
29449
29526
29448
29543
29561
29337
29511
29622
29473
29590
29533
29491
29512
29529
29619
29523
29505
29657
29510
29466
29470
29457
29592
29521
29632
29450
29335
29523
29601
29428
29422
29494
29488
29515
29459
29424
29395
29612
29543
29515
29302
29348
29543
29481
29514
29311
29287
29329
29277
29524
29291
29350
29364
29489
29508
29405
29404
29384
29576
29541
29330
29439
29272
29625
29521
29454
29472
29286
29579
29319
29489
29420
29415
29575
29232
29451
29585
29350
29562
29402
29556
29636
29405
29461
29474
29356
29537
29482
29577
29356
29526
29587
29487
29496
29593
29462
29545
29410
29480
29484
29535
29467
29528
29483
29719
29493
29412
29529
29623
29633
29502
29394
29457
29439
29557
29563
29331
29524
29575
29549
29439
29396
29432
29563
29472
29475
29282
29515
29463
29391
29600
29329
29490
29401
29302
29669
29494
29389
29357
29370
29444
29452
29454
29177
29376
29465
29526
29487
29459
29431
29470
29411
29438
29316
29377
29336
29516
29483
29444
29339
29374
29425
29562
29489
29381
29428
29337
29482
29399
29372
29572
29289
29339
29389
29291
29599
29355
29410
29495
29363
29456
29347
29495
29682
29392
29351
29309
29418
29597
29382
29633
29483
29582
29585
29532
29376
29526
29589
29428
29519
29563
29481
29509
29537
29521
29544
29522
29473
29529
29572
29560
29503
29391
29487
29517
29512
29549
29417
29434
29455
29415
29435
29477
29609
29550
29384
29671
29604
29547
29633
29473
29539
29430
29540
29555
29337
29652
29435
29498
29711
29389
29590
29427
29456
29568
29530
29537
29280
29428
29579
29409
29541
29158
29427
29557
29335
29413
29321
29336
29539
29345
29330
29345
29515
29384
29404
29326
29446
29558
29367
29284
29432
29539
29492
29204
29536
29308
29511
29490
29313
29571
29285
29414
29479
29278
29422
29386
29442
29425
29277
29371
29262
29502
29523
29362
29365
29439
29549
29468
29166
29407
29448
29525
29393
29460
29414
29432
29428
29404
29440
29532
29356
29444
29434
29570
29522
29380
29569
29452
29651
29518
29338
29331
29553
29636
29472
29465
29506
29517
29406
29578
29388
29452
29544
29501
29504
29362
29453
29500
29218
29446
29533
29358
29560
29224
29293
29586
29425
29408
29364
29362
29535
29299
29308
29366
29453
29581
29337
29326
29415
29515
29683
29504
29358
29445
29321
29597
29456
29452
29571
29448
29534
29444
29453
29499
29488
29541
29528
29489
29557
29590
29456
29540
29528
29504
29501
29380
29496
29463
29431
29633
29339
29436
29461
29318
29499
29512
29456
29317
29317
29342
29497
29535
29378
29483
29416
29497
29393
29354
29445
29555
29557
29321
29411
29494
29456
29307
29387
29421
29673
29504
29347
29331
29369
29593
29571
29442
29436
29560
29631
29541
29415
29486
29637
29542
29466
29441
29498
29593
29597
29602
29450
29458
29570
29586
29600
29464
29513
29514
29471
29306
29518
29417
29597
29547
29416
29363
29523
29556
29464
29521
29507
29385
29488
29579
29339
29444
29453
29492
29554
29355
29519
29374
29449
29579
29322
29394
29451
29556
29538
29248
29513
29445
29359
29441
29302
29580
29454
29366
29383
29369
29554
29555
29343
29384
29437
29552
29486
29424
29440
29474
29583
29458
29311
29586
29463
29569
29555
29184
29464
29611
29516
29511
29343
29497
29595
29500
29523
29497
29499
29620
29334
29538
29341
29426
29603
29420
29485
29436
29583
29616
29256
29454
29500
29519
29517
29224
29253
29399
29542
29536
29253
29414
29533
29355
29589
29356
29367
29497
29269
29569
29392
29547
29477
29352
29477
29431
29379
29404
29348
29501
29455
29573
29337
29323
29571
29469
29515
29334
29376
29333
29483
29536
29426
29383
29410
29511
29417
29395
29564
29543
29564
29442
29462
29440
29554
29512
29655
29483
29579
29516
29654
29473
29502
29660
29509
29511
29556
29388
29494
29497
29638
29492
29441
29468
29569
29492
29517
29459
29493
29484
29375
29490
29334
29361
29514
29408
29418
29473
29505
29375
29458
29555
29503
29449
29463
29404
29515
29396
29478
29413
29401
29523
29422
29564
29413
29407
29487
29637
29510
29431
29481
29540
29560
29523
29521
29484
29449
29614
29492
29503
29469
29433
29536
29412
29466
29416
29517
29607
29349
29446
29544
29461
29523
29503
29493
29373
29517
29553
29285
29395
29455
29458
29526
29442
29490
29284
29641
29491
29346
29498
29438
29462
29581
29402
29462
29487
29525
29565
29452
29541
29560
29435
29510
29329
29551
29575
29494
29400
29342
29444
29639
29309
29573
29512
29503
29708
29468
29374
29586
29423
29643
29457
29531
29448
29427
29560
29576
29425
29467
29435
29462
29476
29522
29433
29429
29413
29509
29635
29240
29483
29500
29493
29704
29321
29354
29610
29430
29513
29439
29421
29461
29341
29537
29411
29368
29474
29216
29476
29593
29246
29501
29216
29393
29696
29286
29325
29310
29366
29521
29390
29462
29302
29283
29367
29319
29450
29233
29312
29377
29364
29328
29350
29275
29513
29636
29490
29353
29319
29297
29680
29373
29430
29252
29403
29575
29513
29404
29406
29463
29572
29426
29514
29341
29422
29495
29515
29584
29402
29353
29454
29324
29458
29474
29555
29496
29529
29539
29505
29620
29429
29416
29562
29524
29609
29557
29537
29504
29392
29505
29642
29430
29499
29506
29464
29526
29363
29425
29436
29455
29522
29223
29383
29470
29392
29455
29240
29362
29645
29311
29412
29297
29337
29628
29434
29362
29471
29296
29609
29503
29408
29362
29384
29459
29556
29463
29472
29255
29501
29538
29328
29404
29426
29450
29459
29302
29372
29414
29483
29330
29432
29321
29577
29537
29520
29398
29471
29503
29468
29614
29411
29347
29503
29488
29613
29411
29476
29477
29460
29610
29333
29324
29499
29456
29659
29251
29432
29560
29389
29590
29590
29317
29511
29386
29475
29460
29416
29532
29495
29549
29626
29251
29454
29623
29410
29672
29214
29523
29612
29404
29558
29273
29404
29631
29385
29549
29257
29429
29616
29358
29509
29538
29308
29570
29246
29372
29459
29457
29559
29424
29418
29608
29279
29491
29594
29490
29722
29219
29445
29481
29495
29619
29393
29387
29496
29432
29699
29331
29403
29419
29493
29517
29347
29281
29441
29527
29438
29326
29464
29279
29524
29444
29501
29539
29377
29353
29504
29369
29662
29461
29448
29509
29583
29567
29442
29460
29480
29478
29505
29486
29422
29437
29524
29419
29425
29496
29510
29484
29396
29334
29454
29260
29431
29262
29384
29515
29367
29452
29498
29397
29544
29383
29586
29567
29297
29542
29415
29481
29543
29366
29416
29507
29621
29420
29416
29427
29539
29731
29335
29372
29367
29487
29598
29367
29409
29392
29605
29534
29228
29380
29512
29459
29404
29302
29358
29566
29539
29348
29477
29376
29588
29421
29462
29442
29491
29571
29380
29415
29621
29422
29435
29442
29375
29663
29479
29307
29324
29468
29561
29473
29205
29330
29622
29542
29655
29335
29282
29556
29403
29603
29298
29398
29590
29383
29681
29417
29375
29566
29428
29531
29466
29437
29514
29567
29468
29404
29393
29470
29492
29433
29304
29436
29381
29597
29421
29432
29414
29420
29410
29503
29420
29369
29380
29412
29532
29565
29490
29431
29423
29527
29467
29333
29498
29274
29459
29511
29423
29361
29365
29398
29752
29535
29457
29261
29448
29617
29402
29384
29346
29344
29576
29336
29570
29430
29398
29612
29417
29531
29483
29375
29436
29419
29636
29425
29328
29590
29347
29436
29479
29324
29460
29230
29413
29481
29484
29504
29395
29464
29497
29412
29503
29408
29477
29578
29485
29401
29401
29474
29543
29549
29438
29471
29415
29389
29522
29533
29471
29462
29475
29642
29361
29306
29527
29387
29528
29378
29312
29602
29442
29622
29608
29394
29524
29502
29472
29563
29330
29619
29298
29395
29503
29381
29667
29476
29459
29564
29294
29492
29493
29291
29516
29365
29417
29419
29378
29501
29512
29467
29437
29425
29692
29524
29359
29498
29361
29516
29431
29379
29551
29396
29394
29324
29496
29559
29316
29412
29419
29577
29659
29282
29411
29332
29483
29646
29367
29363
29530
29451
29610
29346
29611
29530
29354
29548
29386
29577
29607
29568
29477
29578
29540
29617
29361
29509
29542
29566
29551
29481
29416
29551
29498
29488
29505
29471
29395
29422
29461
29407
29428
29525
29460
29420
29530
29532
29433
29563
29392
29304
29458
29507
29562
29356
29506
29513
29332
29442
29428
29421
29616
29482
29478
29412
29603
29464
29371
29512
29398
29487
29394
29421
29266
29344
29430
29479
29316
29375
29470
29475
29591
29268
29311
29313
29489
29651
29369
29373
29412
29441
29582
29314
29434
29524
29504
29732
29261
29369
29513
29387
29661
29339
29339
29491
29432
29786
29371
29390
29515
29433
29641
29543
29421
29488
29464
29446
29502
29481
29407
29446
29586
29599
29415
29310
29406
29442
29609
29456
29343
29388
29257
29380
29610
29201
29433
29388
29467
29636
29237
29338
29505
29508
29602
29329
29330
29462
29454
29495
29218
29540
29481
29430
29478
29453
29561
29436
29369
29501
29512
29478
29346
29560
29473
29451
29526
29320
29537
29494
29484
29370
29496
29502
29452
29532
29378
29487
29551
29369
29355
29475
29580
29527
29481
29337
29543
29530
29608
29416
29493
29501
29383
29575
29534
29341
29532
29542
29423
29388
29475
29373
29520
29542
29589
29377
29405
29589
29418
29594
29427
29422
29513
29337
29426
29412
29374
29452
29405
29380
29323
29582
29431
29323
29523
29459
29619
29421
29393
29470
29470
29639
29376
29266
29381
29463
29670
29397
29397
29501
29351
29545
29295
29336
29642
29285
29559
29364
29382
29556
29433
29503
29408
29439
29431
29361
29426
29384
29414
29455
29249
29644
29387
29433
29514
29483
29548
29423
29376
29394
29433
29750
29325
29387
29433
29412
29568
29479
29348
29627
29405
29622
29282
29427
29549
29392
29571
29270
29377
29576
29272
29595
29379
29302
29596
29206
29469
29404
29392
29575
29420
29573
29293
29379
29254
29482
29651
29398
29326
29489
29473
29636
29501
29421
29451
29583
29550
29579
29350
29528
29479
29465
29472
29423
29473
29500
29498
29484
29301
29527
29495
29482
29413
29297
29489
29387
29578
29423
29429
29579
29326
29516
29444
29334
29584
29396
29486
29347
29428
29423
29481
29566
29533
29445
29631
29415
29452
29379
29557
29501
29425
29425
29408
29338
29639
29468
29493
29349
29509
29370
29521
29524
29472
29435
29343
29379
29637
29343
29465
29416
29431
29506
29461
29371
29470
29504
29541
29410
29228
29511
29425
29521
29473
29394
29673
29370
29347
29492
29452
29594
29245
29366
29375
29606
29527
29472
29483
29374
29538
29600
29317
29469
29557
29497
29459
29432
29398
29445
29519
29608
29506
29583
29480
29512
29703
29415
29432
29552
29364
29602
29457
29526
29398
29410
29736
29455
29419
29526
29499
29637
29481
29525
29410
29554
29600
29497
29501
29488
29605
29548
29574
29562
29559
29496
29537
29533
29700
29534
29625
29422
29517
29485
29434
29629
29447
29467
29535
29338
29627
29412
29438
29643
29388
29512
29337
29386
29468
29382
29470
29291
29393
29597
29234
29341
29459
29394
29565
29233
29396
29567
29360
29559
29214
29360
29706
29382
29413
29290
29376
29520
29438
29428
29476
29528
29657
29390
29461
29357
29576
29628
29402
29357
29537
29425
29518
29498
29405
29612
29456
29465
29561
29439
29505
29422
29427
29417
29508
29653
29455
29363
29340
29515
29483
29486
29435
29443
29555
29377
29587
29471
29366
29547
29491
29585
29573
29422
29504
29680
29512
29478
29556
29531
29560
29378
29413
29394
29537
29570
29382
29293
29505
29533
29440
29457
29373
29644
29520
29410
29361
29334
29610
29371
29400
29398
29426
29527
29215
29433
29526
29385
29611
29356
29443
29551
29424
29439
29416
29511
29694
29296
29504
29307
29503
29701
29345
29466
29374
29493
29629
29328
29452
29591
29567
29625
29367
29601
29533
29554
29718
29425
29388
29525
29453
29432
29481
29473
29587
29551
29356
29560
29394
29453
29611
29396
29595
29285
29394
29587
29367
29471
29376
29370
29596
29435
29489
29403
29393
29595
29490
29534
29464
29414
29513
29526
29511
29503
29460
29479
29556
29492
29541
29405
29562
29588
29511
29424
29353
29503
29583
29333
29501
29441
29489
29551
29426
29546
29428
29422
29443
29480
29648
29342
29484
29268
29395
29733
29282
29395
29494
29481
29627
29387
29485
29493
29471
29483
29454
29494
29555
29500
29560
29320
29521
29520
29374
29466
29532
29447
29357
29384
29358
29572
29490
29315
29397
29481
29720
29307
29391
29285
29388
29716
29388
29263
29492
29404
29598
29338
29334
29434
29443
29731
29424
29322
29418
29439
29583
29376
29483
29593
29514
29716
29364
29431
29613
29488
29579
29375
29470
29504
29461
29695
29477
29374
29456
29413
29597
29444
29401
29478
29462
29502
29460
29404
29306
29413
29544
29467
29346
29195
29192
29344
29424
29394
29246
29314
29315
29427
29423
29354
29304
29438
29386
29508
29431
29425
29571
29485
29516
29479
29305
29386
29272
29513
29651
29292
29451
29502
29404
29633
29472
29482
29705
29358
29537
29374
29422
29609
29420
29454
29451
29405
29679
29314
29426
29633
29418
29646
29307
29281
29390
29459
29571
29359
29504
29540
29324
29582
29588
29577
29645
29359
29476
29538
29503
29465
29465
29526
29593
29471
29392
29501
29465
29478
29464
29453
29423
29463
29512
29321
29334
29469
29392
29428
29238
29515
29474
29435
29393
29414
29517
29413
29336
29619
29231
29469
29377
29327
29606
29450
29597
29506
29405
29571
29497
29452
29505
29356
29531
29518
29522
29583
29469
29613
29559
29463
29495
29569
29590
29473
29356
29511
29372
29607
29598
29403
29428
29466
29668
29380
29492
29556
29451
29710
29283
29493
29478
29501
29615
29425
29440
29572
29423
29589
29439
29469
29601
29443
29560
29494
29463
29532
29370
29486
29424
29432
29534
29402
29538
29514
29450
29344
29373
29642
29535
29305
29397
29325
29469
29535
29475
29408
29457
29489
29530
29440
29474
29511
29481
29493
29418
29623
29504
29412
29541
29536
29629
29670
29469
29439
29429
29618
29489
29430
29435
29484
29505
29528
29518
29648
29412
29517
29561
29502
29492
29619
29495
29496
29370
29477
29396
29512
29382
29424
29405
29453
29434
29423
29350
29526
29511
29503
29313
29449
29343
29580
29543
29462
29506
29525
29508
29369
29582
29581
29491
29487
29457
29445
29557
29608
29460
29414
29511
29690
29513
29363
29424
29456
29615
29471
29467
29421
29501
29537
29392
29404
29463
29536
29620
29374
29358
29459
29550
29644
29432
29419
29520
29675
29488
29397
29383
29432
29625
29592
29547
29431
29449
29585
29434
29491
29498
29477
29477
29348
29481
29509
29443
29602
29424
29500
29600
29515
29497
29368
29405
29480
29416
29429
29438
29369
29476
29538
29410
29358
29421
29411
29609
29342
29483
29213
29478
29581
29418
29520
29203
29316
29454
29352
29464
29247
29396
29437
29465
29424
29364
29516
29419
29430
29337
