30169
30151
30080
30117
30051
30031
30006
30002
30087
30107
30083
30113
30015
30063
30064
30204
30064
30059
30068
30021
30111
30148
29875
30034
30088
30082
30118
29879
29969
30005
30141
30159
30026
29991
29963
30282
29932
30018
29941
30136
30006
30142
30118
29850
30098
29850
30072
30186
29878
30018
29858
30066
30282
29870
30016
30026
30077
30261
29849
29968
29993
30153
30277
29882
29986
30075
30151
30121
29947
29949
30037
30109
30171
30021
30139
29981
30031
30268
30005
30152
30006
29868
30069
30034
30209
30069
29920
29994
30132
30178
30045
29932
30113
30124
30337
29974
29873
30153
29957
30280
29963
30058
29963
29989
30224
29947
29987
30062
30078
30040
30046
29977
30220
29994
30035
29945
29967
30244
29996
30043
29999
30260
30101
29933
30070
30101
30126
30191
30056
30037
30205
30241
30134
30056
29972
30180
29997
30078
30163
30007
30273
30079
30166
30047
30163
30232
30130
30195
30167
30002
30086
30045
30035
30192
29971
30084
30121
30165
30100
29955
30171
30189
30138
30122
29962
30085
30024
30079
30113
30006
29958
30094
30045
29912
30077
29931
30204
30045
30036
30110
29933
30070
30048
30110
30080
29944
30090
29959
30002
30121
30006
30011
30122
30133
30112
29970
29962
29904
30119
30086
29952
30036
30011
30083
30020
30024
30114
30048
30214
30083
30087
30029
30110
30100
29971
30080
30015
30148
30176
29989
30068
30237
30141
30136
30151
30012
30075
30149
30046
30023
29934
30093
30175
29999
30016
30141
30073
29934
30130
30083
30014
30314
30034
29922
30110
30053
30165
30217
29975
30157
30116
30145
30033
30018
30239
30094
30155
29916
30034
29969
30182
30163
30118
29917
30023
30219
29987
30176
30005
30171
29985
30097
30123
30000
30079
30066
30052
30181
30029
30052
30088
30009
30199
29994
30195
30098
30046
30194
30079
30111
29946
30196
30274
29920
30115
29897
30166
30057
30119
30363
30096
30078
30239
29972
30230
30207
30139
30097
29940
30275
30138
30105
30090
30175
30203
30273
30094
29982
30232
30115
30217
30116
29971
30146
30135
30310
29909
29960
30120
30074
30254
30088
29964
30198
29971
30169
30131
29956
30193
30029
30194
30048
29967
29978
30076
30077
30088
29970
30150
29894
30084
30046
30111
30157
29989
30291
29961
30089
30061
30004
30205
30080
30041
30114
29960
30208
29900
29959
30052
29990
30188
30089
30211
30014
30002
30153
29944
30054
30220
29966
30247
29912
30094
30036
29936
30225
30054
30026
30060
29929
30071
30112
29956
30012
30070
30194
30109
30030
30115
30119
30084
30102
30176
30020
30071
30016
29892
29951
30127
30211
29979
30092
30093
30147
30127
30130
30125
30109
30201
30219
29926
29958
30171
30175
30123
30094
30014
30068
30160
30188
30085
30146
30068
29941
30136
30126
30029
30022
30046
30097
30022
29970
30164
30155
30038
30058
30008
30068
30079
30180
29946
30125
30207
29956
30097
30007
30090
30165
30078
30120
30010
30157
30220
29984
29955
30094
30177
30101
29903
30245
30089
30005
30129
29970
30136
30216
30060
30077
30044
30025
30155
30003
30008
29989
30117
30033
30034
30168
30097
30118
30087
29886
30201
30254
29928
30138
30057
30107
30199
30181
30167
30040
30214
30123
30173
30161
30187
30122
30004
30070
30101
30016
30025
30181
30021
30207
30177
29982
30003
30204
30118
30169
29998
30144
30085
30052
30005
29939
30134
30079
30089
30011
29949
30088
30160
30142
30070
29982
30202
29966
30098
30052
30034
30319
30071
29959
29952
30172
30297
30059
30217
30013
30124
30172
29990
30096
29985
30156
30066
30000
29989
30031
30152
30042
29927
30025
30126
30126
30096
29956
30204
30015
30098
30230
30041
29984
30110
30044
29956
30112
30133
30185
30057
30080
30046
30071
30221
30051
29974
30044
30028
30150
30080
30090
30074
29947
30170
29936
30004
30206
29979
30184
29864
29945
30157
29959
30143
29956
30084
30048
30037
30127
30086
30023
30231
30065
29996
29908
30067
30217
30204
29926
29916
30056
30256
30275
30119
29842
30055
30282
30195
30162
29946
30006
30315
30244
30083
29931
29921
30256
30176
30152
29914
30037
30163
30265
30248
30015
29927
30174
30082
30258
30165
29926
30132
30041
30263
30159
29996
30144
30220
30224
30186
29959
30079
30128
30201
30083
29852
30095
30020
30183
30184
29887
30032
30061
30143
30359
29816
30075
30097
30117
30228
29995
30233
30073
30149
30300
29889
30153
30079
30178
30152
29950
30189
29992
30259
30062
30018
30184
30022
30229
30202
29980
30142
29976
30219
30033
29921
30165
29953
30147
30026
29915
30206
29974
30125
30177
29918
30166
30096
30123
30013
29954
30144
30105
30151
29981
29983
30204
29980
30134
30108
30118
30149
30069
30215
30048
30110
30180
30168
30116
30185
29941
30027
30047
30142
30261
30121
29970
29911
30173
30184
30260
29896
29967
30104
30214
29927
29858
29994
29941
30316
30104
29873
29974
30119
30215
30242
29876
30145
30029
30137
30060
29963
30029
29995
30111
29999
30078
30071
30154
30161
30148
30140
30070
30175
30072
30188
30079
29995
30115
30109
30083
30263
29986
30200
30303
30006
30187
30015
30187
30083
29957
30095
30009
30179
30117
30072
30040
30034
30156
30148
30044
30193
30164
30061
30195
29983
30023
30065
30107
30164
30075
29968
30031
30250
30080
30269
29993
30094
30080
30271
30092
29882
30160
29957
30259
30049
29880
30020
30141
30136
30154
29854
30064
30156
30112
30040
29974
30239
29982
30221
30053
29976
30110
29954
30146
30128
30051
30054
30039
30144
30124
29998
30050
30093
30239
30154
30069
30065
30050
30226
30363
29935
29990
30142
29985
30305
30122
30085
30077
30178
30141
30051
30128
30220
30179
30111
30110
30033
30162
29990
30059
29899
30102
30101
29991
29981
30200
30000
29956
30066
29852
30067
30125
30012
30135
29950
30063
30083
29919
29967
30041
30179
29996
29990
29899
30044
30217
29954
29979
29960
29999
30132
30169
30005
30036
30114
30127
30203
29973
30091
30131
30015
29931
30037
30103
29929
30112
30142
30053
30130
30010
29992
30238
30026
30213
30216
29937
30118
29980
30163
30256
29998
29970
30030
30187
30108
30020
30251
29837
30144
30171
29860
30058
30046
30245
30128
30014
29955
30087
29985
30076
30078
29957
30017
30103
30145
29933
30128
30012
30144
30255
30059
29957
30008
30179
30025
30193
29926
29922
30051
30194
30055
29893
30068
30127
30158
29972
29971
29947
30173
29981
30065
29997
29993
30176
29890
30215
29979
30062
30068
30098
29982
30084
30184
30205
30035
30083
30218
29999
30240
29998
30108
30191
30138
30195
29970
30148
30116
30214
30077
30023
30046
30196
30146
30029
30133
30056
30094
30168
30100
29979
30074
30138
30043
30132
29891
30147
30204
29912
30057
29902
30038
29911
29924
30103
30137
30113
30023
30083
30053
29978
30234
30133
29842
30084
29926
30177
30125
29880
30101
30047
30120
30134
29909
29983
29997
30105
30078
29898
30039
30060
30116
30014
29894
29996
30148
30014
30157
30053
29960
29985
29901
30056
30006
30087
30056
29995
30126
30025
30210
30209
29942
30135
30056
30120
30106
29954
30056
30184
30080
30125
30021
30001
29965
30228
30113
29946
30180
29951
30314
30009
29945
30033
29988
30176
30261
30023
29936
30065
30129
30253
29992
29981
29978
30234
30244
29968
29981
29845
30286
30318
30051
29855
29952
30268
30270
30075
29903
29957
30308
30200
29896
29847
30045
30367
30160
29991
29980
30063
30261
30189
30109
30068
30029
30369
30049
29959
30088
30107
30345
30087
29905
30005
30112
30205
30194
30073
30143
30059
30151
30185
30050
30025
30075
30212
30123
29948
30111
30128
30260
30305
30074
29921
30169
30152
30177
30196
29942
30250
30132
30291
30151
30011
30210
30134
30204
30133
30058
30154
30130
30231
30230
29991
30241
30008
30151
30171
30032
30195
30066
30148
30131
30180
30046
30085
30136
30153
30138
29949
30017
29969
30133
30022
29976
30240
29975
30112
29961
29933
30026
30110
30244
30092
29935
29995
30076
30013
30109
30020
30144
30109
29975
29895
30006
30109
30176
30010
30067
30008
30192
30037
30117
30113
29999
30149
30007
29847
30115
30321
29948
30046
29977
30081
30262
29999
30126
30035
30138
30052
30062
30033
29973
30170
29964
30091
30070
30001
29955
30172
30048
30013
30114
30086
30129
30128
30086
30111
30019
29914
30233
30036
30055
29975
30052
30042
29989
30139
29952
30134
30060
29934
30116
30139
30102
30070
29961
30102
29923
30170
30172
29974
30239
30076
30198
30071
30118
30207
30174
30292
30068
29988
30173
30191
30143
29996
30120
30060
30134
30203
30148
30184
30248
30199
30179
30214
30187
30159
30212
30125
29994
30088
30105
30179
30111
30094
30127
30160
30260
30204
30220
30152
30216
30163
30179
30161
30030
30158
30113
30121
30172
30064
30169
30067
30233
30260
30153
30132
30056
30276
30086
30168
30128
29884
30097
30213
30084
30009
29882
30038
30228
30189
29986
30074
30044
30217
30172
29924
29995
30131
30066
30040
30105
30112
30080
30063
30150
29988
30198
29987
30108
30002
30198
30210
30026
29974
29932
30211
30123
30206
30007
29951
30075
30186
30023
29999
29947
30137
30220
29987
30212
29929
30269
29956
30040
30145
29885
30191
29891
30106
29983
29999
30151
29946
30023
30187
29950
30097
29811
29954
30142
29916
30194
29971
30037
30164
29994
30032
30019
30025
30188
29976
30274
29966
30066
30079
29956
30178
30166
30038
30093
30024
30045
30291
30064
30220
29962
30144
30103
30222
30167
30118
30144
30109
30213
30034
30229
30147
30130
30149
30174
30171
30033
30161
30180
30253
30098
30007
30021
30064
30104
30127
30039
30024
30071
30076
30189
30109
30161
30060
30173
30071
30083
30158
30108
30107
30014
30087
29964
30091
30005
30139
30182
29955
30037
30230
30258
30152
29978
30093
30227
30151
30050
29899
30146
30153
30236
29995
29956
30040
30141
30189
30084
30062
29978
30127
30096
29973
30150
30105
30138
30041
29943
30031
30045
30051
30265
30031
30074
29984
30055
30141
30046
30197
30060
30056
30123
29939
30116
30002
30199
30187
30145
30010
30091
30027
30108
30103
30090
30163
30038
30254
30061
30070
30039
30171
30158
30147
30075
30027
30133
30119
30071
29939
30020
30087
30129
29952
29986
29988
29979
30136
30064
30057
29961
30018
30170
29956
30057
30026
30106
30018
29926
30076
30002
30111
30157
29963
30165
30075
30081
30295
30036
30239
30077
30151
30179
29913
30123
30018
30195
30217
30141
30015
30192
30097
30138
30108
30034
30205
30019
30122
30084
29941
29998
30101
29956
30130
29991
30028
30107
30070
30168
30028
30214
30079
30089
30264
30062
30170
29972
30109
30134
29962
30119
29946
29951
30022
29906
30090
30129
30002
30055
30112
30043
29980
29968
30080
29928
30171
29902
29816
30066
29913
30095
30056
29889
29915
29983
30015
30096
30014
29909
30141
30119
29903
30095
29935
30109
30171
29881
30077
30011
30014
30104
30013
30186
30038
30058
30099
29860
30254
30074
30115
30001
30050
30339
29991
29958
30042
29941
30146
30120
29993
30016
30056
30154
29939
30074
30092
30097
29989
30073
30102
30102
30165
30084
29964
30017
30205
30075
29997
29979
29994
30246
30162
29961
29934
30140
30080
30185
29873
29857
30052
30104
30216
30008
29930
30029
30225
30132
30020
30067
30149
30041
30302
29918
30045
30149
29944
30255
30004
29975
30148
30025
30169
30062
30083
30184
29902
30143
30054
30109
30108
29943
30120
30004
30033
29955
30119
30009
30035
30079
29987
30112
30162
30116
30102
30060
30067
30253
30002
30089
29912
30113
30189
30038
30154
30080
30108
30175
30190
30029
30046
30165
30261
30112
29971
30129
29973
30170
30219
30085
30155
29974
30130
30225
30155
30139
30095
30285
30185
30127
30204
30054
30137
30241
30081
30338
29956
30108
30109
30078
30196
30056
30314
30037
30027
30135
30154
30199
30039
30037
30235
30085
30035
30110
29884
30219
30086
30091
30003
30002
30125
30113
30144
30010
30073
30032
30236
30082
30262
29920
30011
30054
30086
30218
30024
30104
30014
30167
30129
30272
30086
30116
30109
29927
30062
30079
30183
30058
30109
30031
30125
30159
30207
30093
30095
30092
30072
30194
30013
29959
30091
30124
30058
30106
29971
30107
30175
30223
30157
29970
30121
30153
30088
30063
30003
29936
30119
30214
30020
29980
30222
30070
30052
29983
30074
30118
30118
30151
29810
30032
30009
30102
30006
29972
30038
30055
30042
30033
30103
30077
30111
29971
29866
29993
30157
30128
30093
29983
30140
30159
30087
30237
29855
30171
30089
29959
30178
29902
30215
30042
30142
30063
29932
30008
30046
30304
30064
29922
30077
30071
30073
30178
29926
30076
29998
30148
29997
30069
30095
30029
30169
30026
29907
30076
30049
30237
30155
29922
30233
30077
30057
30125
29976
29993
30217
30251
29999
29931
30045
30039
30270
30135
29984
30026
30181
30101
30209
29952
29965
30049
30104
30071
29895
30091
29893
30304
30175
29993
30099
29938
30168
30100
30065
30236
30062
30048
30259
29986
30073
29996
30129
30170
29957
30055
29881
30166
30237
29973
30083
29961
30060
30219
30021
30094
29936
30022
30192
29887
29934
29978
30197
30180
29794
29959
29968
30183
30225
29924
29910
30068
29988
30265
30050
29909
30142
29911
30246
29939
29977
30177
30076
30132
30003
29958
30139
30077
30126
30106
30073
30107
30062
30047
30050
29972
30056
30105
30040
29966
30030
30189
30037
30168
29885
29999
30076
30259
30076
29856
29975
30047
30255
30007
29992
29897
30214
30188
30291
29936
29969
30342
30027
30135
30013
30055
30283
30286
29965
29975
30110
30200
30263
30140
30124
30167
30135
30190
30135
29907
30254
30056
30199
29875
29935
30302
30116
30284
30049
30014
30145
30220
30199
30157
29983
30200
30100
30088
30070
30112
30183
30207
30278
29970
30223
30171
30204
30091
30191
30305
29983
30103
30161
30086
30371
30152
30095
30183
30190
30173
30116
30144
30225
30133
30149
30104
30192
30182
30209
30140
30061
30097
30148
30208
30046
30080
30167
30222
30195
30075
30070
30166
30008
30265
30085
30134
30296
29926
30267
30091
30174
30162
29975
30215
30251
30074
30227
29869
30223
30241
30170
30247
29895
30188
30230
30129
30221
29962
29985
30171
30098
30150
29999
29978
30164
30036
30192
30036
30108
30029
30182
30266
29994
29967
29999
30169
30153
30320
29962
29922
30186
29999
30201
30058
30010
30170
29929
30071
30079
29944
30284
30043
30236
29979
30101
30282
29952
30132
30045
30057
30154
30032
30009
30162
30068
30104
29923
30016
30087
30129
30031
30187
30008
30245
30134
30123
30108
29930
30431
29945
29987
30143
29964
30207
30132
29944
30082
30148
30154
30185
29934
30070
30009
30125
30130
30007
30216
29917
30136
30004
30051
30067
30149
29917
29971
30010
30034
30202
29985
30065
30020
30199
30028
30010
30032
30276
30059
29944
29846
30028
30304
30007
30064
30015
30064
30256
30102
29968
29949
30147
30049
29991
30014
29937
30323
30115
30139
30087
30094
30098
30111
30050
30194
30038
29989
30086
29999
30124
29867
30089
29965
30104
30165
30064
29987
30011
30123
30214
30070
29850
30076
29939
30273
30061
29942
30036
30092
30200
30137
30021
30054
30158
30330
30279
30043
30126
30079
30315
30268
30255
30063
30156
30332
30219
30223
30140
30269
30184
30239
30192
30042
30220
30218
30138
30241
30008
30188
30138
30090
30222
29892
30256
30094
30056
30117
29851
30137
30085
30144
30264
29851
30178
30154
30068
30264
29919
30133
30185
30012
30064
29973
30157
30254
30031
30187
29988
30077
30103
30068
30157
30131
30167
30034
29956
30087
30060
30116
30123
29997
29990
30030
30142
30126
30058
29907
30207
29951
29968
30118
29859
30099
29994
29987
30021
30121
29954
30099
29893
30008
29969
29957
30032
29872
30086
29888
29990
29877
29942
30000
30012
30061
29922
29930
29959
30037
30098
29988
29999
30039
30101
29968
29974
30075
30041
30015
29967
30016
30089
29970
29967
30081
30133
30104
30039
30160
30077
30142
30070
30099
30145
29959
30285
30143
30121
30073
29945
30240
30214
30117
30026
30008
30153
30148
30197
30162
30043
30167
30189
30059
30012
30075
30098
30107
30007
30033
30067
30261
30103
29986
30051
30050
30073
30048
30029
29918
30010
29907
29917
29937
29960
29857
30088
30027
29928
30093
29861
30187
30004
29962
30137
29978
30046
29952
29978
29913
30117
30041
30116
29947
29987
30074
30059
30234
29938
30159
30024
29961
30011
30047
30007
30116
29973
29983
30009
29944
30162
30008
30203
29952
30029
29998
30067
30161
30103
30077
30019
29995
30127
30182
30121
29906
30085
30018
30037
30203
29918
30164
30082
30175
30217
29944
30257
30064
30079
30122
30017
30175
29982
30142
30012
30031
30070
29940
30006
30209
29969
30044
30113
29913
30124
29963
30076
29981
30126
29908
29931
30042
29983
30185
29916
29921
29897
30130
30065
30045
30063
29926
30254
30119
29952
29911
29953
30178
30163
30047
29991
30090
30215
30332
30044
30036
30014
30176
30253
30061
30076
30094
30074
30246
30222
29953
30142
30157
30204
30186
30107
30099
30009
30160
30121
29985
30042
30045
30014
30144
30042
29959
30069
30128
30153
29967
30018
30008
30139
30235
30117
29992
29949
30147
30070
29988
30044
29971
30067
30011
30131
29975
29919
30060
30068
30079
29939
29959
30027
30264
29980
30115
29966
29972
30120
30137
29990
30001
30001
30059
30012
29960
30144
29944
30155
29940
29994
30137
30055
30142
29987
30050
30082
29947
30071
30102
30078
30184
29900
30058
30089
30009
30231
29945
30176
30014
30062
30218
30128
30165
30219
30026
30192
30259
29966
30256
29950
30224
30098
30148
30307
30010
30147
30212
30061
30225
30154
30009
30141
29952
30040
30202
30005
30119
30016
30124
30190
29882
30101
30014
30017
30100
29918
30031
30029
29882
30242
29969
29956
30114
29889
30355
29860
30029
30044
30052
30196
30060
30084
29994
30017
30020
30085
29895
30092
30017
30262
30018
29963
30128
30137
30053
30022
30038
29920
30208
30014
30148
29975
30043
30126
30056
30076
30152
30092
30050
30063
30082
30107
30144
29999
29932
30010
30007
30166
29951
30106
30023
30112
30086
30016
30091
30043
29990
30002
30032
30039
30097
29979
30146
30146
30130
30033
30053
30077
30274
30170
30183
29994
30031
30205
30097
30022
29981
30027
30150
30176
30041
30131
30104
30164
30141
30024
30179
30017
30063
30115
29998
30103
30131
30020
30094
29973
30082
29951
29991
30209
30060
30193
29998
30062
30039
30008
30277
30130
29864
30123
30070
30059
30216
30009
30073
30086
30216
30062
30142
29994
30230
30267
30174
30047
30065
30140
30323
30248
29970
29977
30212
30194
30198
30219
29971
30214
30266
30005
30158
30019
30326
30246
30031
29986
30130
30138
30193
30132
30089
30070
30073
30268
30009
30153
29962
30214
30201
30071
30035
30032
30149
30160
30221
29933
30221
30069
29985
30175
30000
30126
30150
30079
30025
30009
30036
30225
30105
29979
30002
30171
30113
30040
29920
30080
30026
29986
29994
29992
30188
30082
30148
30111
29961
30282
30127
30078
30038
30046
30121
30051
29939
30119
30104
30019
30220
30016
30096
30204
30048
30062
30144
30054
30164
29956
29980
29893
30003
30198
29898
29981
29868
30092
30129
30004
30139
30056
29992
30317
29905
29968
30045
30058
30177
29959
29927
29915
30113
30150
29988
29898
30117
29975
30051
30027
30197
29989
30002
30061
30035
29963
30002
30050
29991
30125
29964
30139
29878
30108
30069
29983
30180
29960
30169
30241
30075
30160
29895
30206
30246
29958
30139
29982
30084
30273
29903
30086
29980
30190
30223
30014
30180
29957
30077
30143
30004
30139
30127
29920
30232
29957
29998
30291
29919
30235
30043
30065
30136
30053
30188
30157
30204
30099
30058
30177
30134
30045
30183
30059
30224
30057
30294
30106
30051
30279
29993
30223
30084
30104
30278
29935
30202
29981
30072
30295
29949
30217
30014
30088
30249
29902
30213
29997
29971
30180
29859
30125
30176
30064
30134
30040
30100
30164
30128
30144
29883
30080
30151
30086
30049
30024
30096
30270
30080
29935
30013
30109
30202
29964
30061
30113
30061
30135
29963
29992
30178
30023
30193
29977
30135
30212
29904
30118
30017
30136
30056
30043
30135
29946
30236
30281
29980
30109
29911
30094
30302
29983
30095
29988
30136
30201
30039
30069
30063
30201
30098
30186
29942
30063
30137
30102
30128
29889
30041
30063
30136
30041
29952
30138
30162
29986
30116
30050
30018
30155
29960
30182
30068
30147
30164
29927
30122
30134
30083
30071
30117
30077
30148
30157
29955
30081
30199
30100
30086
30111
30008
30127
29950
30051
30118
30008
30069
29993
30026
29957
30204
30124
29997
29976
30073
30089
30199
29958
29926
30115
29905
30131
29978
29931
30000
30098
30052
30090
30047
30062
30049
30048
30137
29903
29995
30022
30098
30127
30020
30110
30078
30165
30208
30182
30130
30190
30002
30183
30202
29994
30095
30081
30160
30162
30057
30127
30282
30294
30179
30114
30224
30172
30151
30131
30134
30104
30053
30092
30255
30136
30111
30204
30025
30161
30142
30136
30194
29917
30162
29996
30093
30040
29995
30293
30120
30123
29958
30068
30161
30229
30011
30210
30030
30089
30113
30062
30125
30147
30349
29925
30153
30168
30225
30305
29978
30154
30069
30073
30344
29985
30095
30068
30077
30160
29887
30047
30189
30133
30135
29885
30142
30168
29996
30288
29966
29923
30106
30063
30105
29954
30013
30185
30191
30116
30052
29998
30133
30216
30207
30037
30127
30029
30155
30187
29991
30232
29996
30208
30178
29989
30128
30114
30116
30152
30129
29919
30048
30183
30170
29974
30093
30111
30039
30208
29994
30094
30118
30071
30145
29961
29931
30228
30281
30052
29898
29948
30122
30185
30177
29930
29973
30243
30146
30142
30041
29941
30196
30182
30095
30205
29978
30209
30255
29983
29986
30075
30109
30260
30180
30037
29997
30206
30167
30059
30232
29985
30078
30193
30055
30197
30207
30012
30230
30097
30020
30148
30046
30147
30167
30050
30180
30026
30004
29972
30113
30175
29847
30264
30020
30059
30016
30000
30146
30246
30034
30072
30025
29940
30243
30013
30226
30151
30069
30103
30160
30100
30220
30145
30186
30170
30171
30251
30127
30127
30164
30257
30167
30097
30131
30091
30114
30164
30147
30109
30246
30016
30223
30301
30294
30186
30056
30167
30195
30283
30043
30045
30082
30215
30253
29980
30030
30136
30202
30121
30086
30032
30120
30113
30144
30091
30108
30124
30023
30003
29942
30135
30233
30028
30055
30025
29979
30161
30041
30123
30050
29999
30020
29952
30025
30080
30080
30103
30040
30078
30096
29957
30231
29972
30221
30180
30064
30191
30028
30122
30040
30033
30151
30169
30055
30140
29854
30176
30150
30162
30077
30149
30111
30067
30056
30110
29990
30115
30072
29977
30094
29894
30149
30153
30128
30103
29901
30002
30098
30243
30175
29985
30107
29922
30187
30090
29972
30120
29989
30191
29943
30075
30133
30205
29968
30185
30073
30174
29977
30129
30164
30096
30229
30060
30015
30023
30282
30300
29932
30061
30182
30182
30176
30039
29934
30222
30354
30150
29942
30010
30288
30229
30196
30025
29964
30245
30207
30216
29979
29924
30261
30096
30079
29889
29987
30206
30160
30240
29987
29969
30015
30033
30249
30213
30042
30095
30088
30054
30104
30065
30148
29985
30013
30096
29918
30081
29962
30175
30152
30082
29989
29982
30172
30193
30086
30081
30122
30007
30246
29978
30154
29937
30180
30155
29959
30179
29940
30228
30185
30098
30087
30048
30161
30122
29939
30309
30131
30114
29959
30031
30199
29998
30210
30112
29975
30074
30037
30145
30156
29977
30153
30178
30066
30137
30031
30016
30044
30119
30101
30151
29978
30030
30076
30135
30145
29940
30053
30120
30041
30022
30061
30072
30047
30057
30056
29976
30044
29958
30004
30121
29956
30262
29994
29856
30149
30154
30064
30092
29906
30068
30295
30024
30086
29856
30088
30107
30107
30076
29924
30187
29928
30209
29965
30035
30128
30162
30173
29917
29958
29996
30109
30033
30227
29998
29980
29994
30090
30099
30024
30146
29939
30088
29937
30180
29907
30118
30163
30150
29966
30050
30068
30009
30118
29952
30051
30014
30248
29974
30087
30132
30228
30088
30066
30105
30082
30254
30097
30010
29938
30157
30163
30045
29928
30070
30109
30082
30043
30060
30051
30037
30077
29910
30003
30166
30094
29935
30035
30029
30119
30095
29920
30010
30204
30180
30111
29945
30037
30145
30078
30102
29894
30071
30177
30119
30169
30065
30034
30136
30027
30013
30115
30114
30042
29878
30069
29950
30027
30031
29888
30281
29982
29960
30195
30027
29944
30029
30057
29982
29962
30019
30049
30165
29982
29940
30085
30061
30149
30134
29955
30100
30123
30222
30113
30034
30046
30056
30307
29948
30046
30059
30246
30229
30074
30023
30135
30133
30274
30095
30109
30086
30115
30162
30124
30283
30121
29923
30108
30124
30014
30190
30030
30345
30037
30013
30230
30001
30108
30233
30118
30146
30059
29954
30168
30070
30200
30069
30215
30129
30170
30221
30038
30021
29921
30227
30069
30003
29916
30056
30255
30081
29971
30004
30142
30182
30173
29972
29929
30087
30217
29965
29950
29844
30079
30050
29954
29988
30024
30227
30070
30080
30121
29960
30154
30089
29842
30113
30069
30072
30058
29904
30057
30135
29915
29979
29848
30128
30210
30073
29962
29897
30145
30070
29890
30002
29834
30129
30144
29910
30087
29968
30179
30040
29911
30018
29900
30068
29962
29925
30069
29885
30117
29909
29944
30110
29861
30195
29905
30029
30156
29827
30222
29984
30064
30069
30051
29991
30140
30010
30132
29917
30084
30151
29986
30118
30077
30107
29972
30271
30026
30051
29991
30159
30128
30037
30019
29989
30039
30214
30070
29965
30023
30015
30215
29955
30254
29980
29925
30076
30114
30124
30027
30068
30069
30139
30124
30222
30070
30145
30174
30259
30112
30043
30132
30127
30328
30082
30151
30023
30258
30157
30088
30152
30034
30201
30086
30044
29979
30034
30167
30075
29908
30071
29983
30091
30039
30027
30039
30064
30034
29963
29916
29923
30051
30082
29948
29927
30138
29986
30299
29989
30051
30109
30067
30147
30101
30108
30089
30032
30058
29933
30031
30128
30002
30316
29989
29975
30195
30056
30208
30018
30173
30194
30114
30086
29978
30183
30160
30201
29983
29878
30245
30033
30088
30132
30023
30142
30039
30063
29998
30017
30280
30049
29917
30078
29923
30286
29885
29930
30090
30051
30289
30005
29936
30124
30140
30131
30035
29897
30166
30039
30120
29913
30031
30372
30064
30181
29882
30055
30188
30101
30205
29956
30090
30139
30127
29989
29989
30113
30261
30120
30030
29922
30164
30110
30043
30097
30020
30004
30119
30073
30136
30115
30123
30125
29881
30035
30039
30279
30093
30019
29984
30174
30156
30031
30064
30003
30221
30002
30063
30079
30117
30150
30228
30026
30049
30049
30119
30166
30131
30021
29870
30016
30050
30215
30024
29994
29847
30054
30134
30082
30014
30039
30227
30093
29927
29958
30050
29957
30203
30026
29974
30140
29974
30109
30144
29937
30087
30023
30165
30003
29970
30022
30062
30167
30113
30009
29938
30082
30067
30219
29919
30132
29963
30065
30052
29921
29994
30109
30169
30065
29977
30017
30232
30088
30211
30018
30086
30106
29975
30117
30037
30177
30147
30001
30111
30083
30041
30069
30019
30186
30001
30076
30076
29882
30138
30054
30122
30035
29923
30159
29939
29840
30099
30007
30162
30032
29981
29933
29948
30046
30039
30055
30062
29886
29912
30012
30018
30141
30007
29975
29930
30069
30082
30077
30050
30046
30297
30042
30112
29945
29949
30236
30063
30015
29964
29990
30078
30212
29990
30153
29959
30101
30093
30085
30226
29919
30262
29946
30194
30072
30015
30152
30069
30070
30034
30108
30028
30307
29982
30143
30011
30122
30070
30053
30097
30015
30128
30085
30073
29908
30089
30039
30100
30183
30067
29961
29935
30070
30054
30043
30125
30032
30018
30189
29966
30034
29967
30132
30174
30072
30022
30128
30174
30265
30171
30074
30150
30126
30149
30161
30330
30007
30218
30202
30086
30245
30236
30171
30066
30131
30238
30175
30183
30115
30102
30319
30036
30057
30088
30095
30253
30068
30024
30016
30005
30291
30177
29966
29997
30179
30205
29982
30088
29962
30211
30284
30032
29833
30143
30138
30247
30210
29951
30091
30032
30153
30117
29978
30063
30267
29973
29932
30096
30215
30150
30084
30037
29932
30292
29998
30029
29951
29991
30293
29962
29894
29873
29977
30276
30081
29928
29867
29952
30208
30039
29918
30037
29934
30239
29888
29847
29988
29936
30191
30024
29901
30003
30107
30084
30290
29850
30129
30065
29973
30214
29916
30076
30041
29913
30252
29918
30013
30113
29834
30171
29994
30063
30210
29963
30204
30072
29986
30277
29926
30059
30198
29998
30173
30000
30134
30134
30079
30167
30160
29920
30229
29998
30087
30071
29948
30195
29996
30034
29971
30139
30035
30234
29865
30136
29984
30046
30168
29902
30149
29917
30175
30074
29965
29927
30050
30098
30041
29925
29925
30278
30166
30249
29940
29959
30150
30235
30114
30006
30114
29996
30307
30047
30014
30030
30089
30085
29960
30031
30070
29985
29983
30136
30139
30107
30012
30115
30142
30117
30057
29971
30082
30176
30173
30216
29902
30056
30220
30163
30079
30062
29998
30141
30169
29943
30151
30095
30261
30035
29984
30194
29974
30187
30102
30185
30105
29943
30180
30132
29965
30101
30031
30138
30103
29968
30140
29944
30181
30014
30046
30088
29980
30046
30102
29908
30278
29942
29977
29980
30056
30141
29921
30101
30065
30063
30073
30050
29971
30064
30081
30168
29943
29908
30094
30125
30167
30066
30007
30208
30110
30028
30043
30177
30240
30017
29964
30064
30033
30176
30079
29912
30206
30089
30102
30043
29935
30228
30039
30199
30164
30002
30143
30124
30163
30009
29901
30148
30147
30135
30279
29897
30153
30009
30215
30137
30062
30148
30007
30232
29979
30002
30118
30087
30056
29959
30054
29979
30055
30142
30177
30087
30075
30071
30164
30018
30085
30128
30089
30194
29953
30150
30254
30083
30076
30178
30138
30167
30225
30109
30098
30114
30235
30257
29965
30104
30140
30132
30135
30180
30088
30142
30205
30104
30136
30196
30192
30175
30201
30238
30087
30097
30210
30124
30163
30142
30120
30048
29917
30123
29978
30007
30201
30220
30155
30076
29976
30154
30049
30044
30146
29920
30055
29951
30099
30167
29917
29946
29979
30065
30122
29962
30132
30017
30153
30127
29943
29930
29876
30087
30005
29910
30020
30091
30280
30090
29934
30171
30017
30165
30064
29930
30184
29960
30037
29939
30047
30186
29965
30000
29898
30074
30117
30070
30136
29957
30040
29988
29955
30081
30061
30201
30150
29945
29965
30063
30140
30115
30078
29953
30098
30120
29866
30074
30126
30180
30128
29989
30029
30089
30311
30157
30188
30107
29986
30159
30025
30067
30060
30049
30173
30109
30205
30031
30106
30075
30144
30092
30094
29953
30118
30138
30124
30004
30017
30042
30099
30061
29898
30009
30048
30064
29980
30034
29969
30152
30080
29890
30031
30104
30075
30187
29870
29928
30008
29872
30203
29892
29962
29849
29894
30083
30002
30009
29942
29882
30123
30009
29957
30097
30024
30194
30005
30075
29953
30056
30123
30002
29935
29973
30032
30117
30231
29956
29995
29962
29989
30189
30143
30033
30090
29929
30029
30147
29931
30071
30073
30104
30031
30058
29971
30116
30109
30102
29901
29959
30254
30110
30202
30013
30057
30157
30053
30032
30091
30257
30084
30001
29955
30063
29989
30101
29994
30035
29975
30082
30171
29950
30012
30103
30186
29985
30017
29997
30073
30129
30078
30140
30015
30029
30092
30338
29930
30179
30177
30040
30186
30092
30106
30252
29933
30130
30072
29918
30282
29999
30125
30000
29930
30131
30169
30153
30042
30117
30083
30107
30021
30071
29936
30122
30188
29981
29983
29912
30106
30149
30157
29919
30068
29944
30156
30056
29855
30225
29923
30219
29991
29908
29968
30036
30152
30282
29974
29992
30046
30107
30153
30071
30027
30114
30056
30103
29892
30028
30203
30067
30188
29837
30044
30177
30154
30066
30091
29999
30080
30114
30033
30144
29973
30229
30034
29945
29973
30069
30133
30076
30055
29930
29952
30080
30178
30135
29963
29967
30028
30096
30195
30025
29941
30168
30042
30163
30002
29894
30113
30023
30184
29954
29870
30063
30098
30200
30134
29932
30212
30001
30019
30154
30038
30188
30123
30062
30035
30007
30257
30040
30109
29957
30037
30116
30020
30082
29966
30189
30094
30191
30100
29973
30033
30053
30137
30218
30053
29905
30171
30013
30423
29891
30049
30136
30139
30210
30094
30031
30098
30155
30068
30099
29841
30229
30123
30082
30076
30058
30233
30232
30012
30102
30153
30166
30248
29820
30072
30093
30113
30094
29987
30050
30025
30143
30167
29916
30039
30061
30030
30352
29908
29950
30050
29953
30218
29964
29889
30253
29992
29985
29982
30033
30126
29930
30081
29982
30104
30068
29998
30033
30101
30034
30140
29965
29872
30094
30060
30180
30004
30063
30096
30160
30277
29935
29966
30132
30148
30172
30044
29986
30054
30167
30272
30183
29955
30032
30224
30111
30045
30098
30077
30218
30214
30038
30065
30184
30216
30162
30055
30058
30131
30130
30026
29943
29915
30181
30102
30012
30012
30094
30062
29948
30020
30113
30143
30010
29958
29971
30061
29927
30074
29930
30005
30056
29944
30088
29926
29995
30129
30113
30060
30097
29965
29976
29899
30129
30127
29973
29891
30007
29985
30100
30005
29883
30047
29967
30242
29950
29998
29985
30094
30236
30061
30072
30013
30079
30175
30188
29983
30121
29945
30279
30090
30070
30018
30064
30156
30027
30299
29967
30107
30155
30057
30085
30007
30149
30261
29951
30070
30010
30054
30096
29998
30229
29972
30097
30062
30048
30083
30084
30101
30059
30057
29994
30114
29969
30212
30009
29957
30094
30035
30063
30121
30060
29960
29985
30166
30225
30105
30132
30179
30205
30083
30055
30079
30149
30203
30028
29906
29973
30110
30259
30143
30120
30007
30008
30143
30109
30099
30033
30044
30114
30059
30044
30019
30141
30114
30040
30004
29915
30015
30222
30003
30077
29967
29944
30224
30161
30039
29907
29951
30103
30218
30014
30015
30063
30081
29978
30016
30108
30036
30249
30106
30021
30003
30111
30160
30200
29960
29928
30004
30167
30178
29973
30084
30172
30067
29989
30041
30112
30114
30099
30208
29929
30130
30044
30072
30115
29987
30197
30060
30169
30132
29900
30246
30088
30062
30084
30091
30245
29995
30168
30229
30040
30111
30145
30200
30134
30084
29993
30119
30195
30056
30217
29909
30096
30193
29989
30146
30006
30017
30197
30168
30028
29949
30113
30082
29948
30063
29975
30075
30082
29916
30214
30018
29915
29956
29963
30082
30109
29938
29895
30065
30158
30003
30075
29963
29941
30263
29986
29984
29873
30063
30182
30107
29958
30077
30053
30267
30052
29998
30056
30123
30158
29955
30035
30025
30187
30115
30204
29971
30234
30181
30027
30164
30048
30270
30101
29962
30040
30017
30241
30221
29936
30138
29900
30230
30090
29895
30102
30091
30215
30017
30055
30018
30224
29986
29989
29914
29941
30020
30188
29974
29919
30206
30090
30183
29977
30171
30054
30206
30065
29933
30069
30049
30134
30089
29992
29951
30099
30080
30094
30011
30007
30081
30361
29912
30050
29998
30052
30144
29925
30023
29981
30089
30036
30089
30092
29974
30159
30179
30019
30182
29973
29909
30083
30101
30240
30050
29996
30073
30246
30252
30190
30113
30035
30193
30119
30212
30094
29893
30263
30255
30091
30038
29994
30086
30250
30160
30078
30059
30033
30203
30129
30080
30150
29990
30075
30201
29989
30100
30015
30279
30032
29974
30081
29911
30280
30159
30080
29975
30123
30124
30147
30110
30181
30013
29944
30007
29964
30123
30021
30181
30022
30088
30059
30239
30064
30094
30142
30073
30139
30025
30209
30122
30177
30103
30082
30190
30122
30082
30176
30081
30348
30069
29984
30196
30065
30140
30220
30028
30090
30119
30093
30106
29938
30080
30036
30181
30092
29857
30125
29863
30009
30178
30039
29930
29957
29960
30184
30030
30044
30169
30039
30183
29967
30097
30053
30096
30205
30042
29938
29964
29977
30062
30164
29999
30089
29916
30065
30000
30027
30255
29914
30252
30170
29892
30177
30010
30123
30126
29982
30122
29996
30142
30180
30090
30146
30169
30216
30018
30130
30122
30016
30126
30132
29913
30021
30173
30166
30072
29927
30037
30016
30052
30093
30060
30022
29964
30233
29960
29960
30159
30116
30039
30070
29979
30109
30230
30079
30167
30013
30213
29952
30373
30100
30073
30314
30097
30214
30194
30232
30224
30063
30184
30228
30156
30165
30166
30135
30316
29979
30102
30160
30082
30094
30134
29991
30084
30121
29958
30144
29900
30111
30054
30224
29970
29947
30155
30011
30122
29986
29950
30169
30175
30039
30033
30014
30029
30192
29946
30032
30197
30001
30258
29929
29928
30002
30121
30174
30029
29911
29931
29942
29998
30143
29971
30090
29884
29986
29839
29985
30109
30086
30019
30040
29967
29939
30076
29947
30032
30011
29935
30046
30041
29949
30138
29943
30099
29985
30027
30146
29992
30053
29837
30074
30108
30010
30081
30067
29967
30096
29929
30063
30070
29946
30142
29935
29955
29912
30150
29994
30112
29997
30035
30009
29963
30038
29986
30070
30096
30015
30056
29957
30053
30179
29911
30096
29985
30071
30259
29960
30143
29960
30284
30180
29988
30034
29958
30152
30118
30111
29957
30047
30075
30087
30128
29945
29937
29976
30098
30091
29988
30017
29915
30067
30018
29860
30126
29904
29958
30112
30008
30007
30054
29933
30152
30077
29988
29959
30004
30182
29901
30068
29908
29938
30171
29987
30048
29851
29982
30122
30124
29902
30092
30087
29968
29994
29898
29945
30056
30079
30022
29864
29944
30007
29941
29998
29902
29948
29933
29929
29927
29901
29914
30020
29931
29959
29902
29918
30007
30012
30005
30005
29869
29977
29878
29870
30091
29965
30058
29946
29901
29994
30083
30005
30021
29856
30047
30027
30149
30001
29939
30258
30193
30087
29980
30065
30053
30223
30151
30189
29974
30117
30235
30036
30081
30083
30221
30253
30161
30150
30128
30159
30119
29960
30202
30085
30144
29997
30106
30176
30065
30210
30087
30072
30158
30020
30076
30058
29982
30174
30029
30017
29935
30082
30061
30099
30174
29985
30256
30122
29959
30089
30065
30081
30016
30003
30030
30126
30023
29942
30067
30212
30005
30169
30124
30037
30261
30035
30027
30007
30141
30151
30166
30021
30026
29922
30160
30131
30038
30151
30049
29975
30039
30161
30142
29980
29871
30169
30108
30058
29975
29991
30095
30126
30080
30008
29988
30065
29964
30101
30055
29880
30090
29915
30119
30122
29999
30045
29985
30171
30178
29919
30183
30138
30097
30250
29878
30011
30065
30231
30209
29994
29977
30080
30106
30037
30048
30188
30269
29901
30083
30063
30101
30205
30163
30023
30048
30102
30150
30046
29890
30163
30077
30196
29880
30039
30110
30279
30335
29888
29989
30049
30147
30246
30022
30091
30035
30127
30342
29856
30087
30161
30028
30206
29880
30052
29967
30047
30379
29863
30102
29976
29945
30196
29838
30234
30042
29883
30211
29956
29994
30022
29850
30224
30043
30133
29884
29933
30321
29996
30292
29904
29884
30220
30106
30152
29996
29930
30144
30175
30039
29957
29933
30227
30059
30160
29887
29981
30188
29942
30211
29974
30103
30057
30056
30143
30069
29981
30093
29986
30141
29987
30042
30178
30085
30084
30038
30258
30079
30126
30165
30129
30086
30146
30298
30143
30137
30150
30033
30100
30136
30071
30145
30031
30126
30048
30136
30006
29908
30207
30075
30335
29946
29902
30096
29993
30261
30077
29987
30115
30067
30053
29895
29953
30152
29971
30272
30029
29930
30254
29872
30218
30145
30104
30131
29967
30216
29968
30028
30073
30114
30074
30105
30049
29918
30103
30144
30210
30026
30009
30063
30188
30073
30209
29958
29978
30127
29993
30020
30021
30200
30000
30007
30173
29996
29964
30071
30102
30198
30104
29811
30253
30165
29858
30117
29956
30060
30099
30030
30069
30121
30047
30164
30119
30021
30136
30037
30077
29864
29989
30061
30010
30103
30050
30034
30087
29877
29868
30232
30027
30214
29949
29946
30214
30050
30077
30063
29927
30232
30141
29949
30057
29899
30404
30161
30133
30107
29982
30177
30208
30115
30090
30090
30042
30313
29891
30196
29961
30145
30209
29911
30108
29947
30172
30185
29961
30001
30043
30013
30372
29856
30084
30224
30029
30141
29785
30050
30073
30198
30205
29884
30079
30074
30094
30166
29950
30158
30150
30034
29953
29966
30214
30079
30111
30047
29987
30050
30129
30028
30062
29930
30179
30223
30039
29932
29907
30290
30096
30226
29902
29992
30177
30139
30152
30046
30113
30008
30177
29968
29839
30075
30113
30109
30051
29930
30127
30080
29991
30193
30005
30129
29962
30065
30140
29976
30161
29857
30024
30170
29985
30138
29844
30160
30291
30008
30109
29963
30065
30207
30164
30022
30002
30174
30126
30000
30161
30115
30139
30126
30104
30155
30121
30220
30171
30059
30132
30120
30085
29935
30124
30178
30182
30183
29967
30102
30255
30241
30118
30102
30036
30154
30147
30040
30205
30005
30156
30159
30079
30046
30073
29968
30277
30195
30020
30066
29969
30262
30069
30225
30056
30043
30245
30232
30205
30075
30043
30194
30213
30111
30179
29948
30268
30146
30258
30271
30072
30283
30185
30247
30123
30134
30109
30069
30060
30094
30166
30152
30121
30113
30259
30000
30122
30089
30048
30246
29960
30157
30024
30156
30099
30109
30141
30028
30259
30128
30041
30158
30114
30213
30177
30065
30135
30237
30300
30100
30034
30266
30182
30237
30110
30153
30165
30103
30132
30111
30223
30252
30117
30175
30208
30099
30104
30115
30211
30155
29970
30056
30013
30229
30257
30102
30025
29941
30123
30107
30050
30155
30067
30142
30125
29982
30083
30016
30165
30182
30031
30131
30016
29966
30048
30223
30119
29958
29906
29941
30064
30108
30105
29947
30024
30134
30038
30032
30029
30109
30109
29921
30161
30078
29901
30234
30024
29968
30189
29843
30145
29960
30059
30348
29923
30215
30106
30115
30123
29934
30092
30140
29922
30073
29955
30133
30191
29910
30201
29989
30203
30107
30116
30009
29924
30190
29959
30063
29995
30021
30084
29969
30028
30067
30055
30279
29958
30109
30110
30100
30178
29970
30299
30019
30117
30124
29963
30144
30183
30137
30057
30002
30093
30164
30165
30077
30047
30108
30096
30088
30038
30112
30158
29929
30086
29951
30154
30110
29939
30054
30101
30003
30014
30094
29927
30106
30079
29889
29996
30127
30042
30081
29989
29972
30054
29945
30069
30060
30008
30174
30023
29985
29928
30111
30079
29964
30056
29993
29998
30191
29955
29890
30111
29945
30056
30016
29969
30115
30114
30089
30124
30015
30027
30219
30007
30230
29943
30014
30091
30151
30182
30122
30086
30007
30158
30263
30163
30082
30057
30215
30189
30154
29913
29948
30175
30126
30214
29894
29992
30029
30174
30057
30098
30098
29959
30157
30114
29818
30042
30147
29997
30115
29862
30129
30153
29954
30120
29974
30112
30210
30069
30156
29907
30108
30024
29964
30260
29929
30167
29999
29955
30103
29938
30010
30032
29922
30216
30017
30027
30062
29879
30123
29814
30094
29988
30033
30062
29863
30173
30063
30082
30043
29984
30102
30071
30013
30057
29993
30206
30222
30123
29905
29931
30217
30125
30146
30042
29953
30191
30071
30152
29959
30123
30244
30038
30063
30146
29961
30180
30152
29936
30054
29869
30261
30003
30114
30040
30083
30133
30083
29996
30007
30141
30051
30183
29927
30132
30083
30130
30254
29979
30068
30094
30052
30039
30038
30058
30124
30077
29881
30019
30018
30167
30178
30077
30083
30064
30022
30008
29954
30005
30163
29941
30034
29948
30036
30022
29974
30132
30024
30063
29995
30150
30165
30046
30048
30060
30013
30015
30071
29988
30081
30065
30139
30154
29881
29987
30237
29977
30045
29785
29934
30071
29880
30136
30001
30023
30054
30010
30047
29935
30125
30227
29906
30175
29870
30120
30064
29977
30169
30009
30164
29909
30161
30191
30053
30161
30214
30159
30057
30070
30073
30091
30118
30130
30096
30176
29913
30099
30235
30033
30156
30061
30045
30046
30153
30132
30204
29991
30064
30150
30037
29969
30062
30001
30016
30070
29967
29995
30091
30054
30065
30193
29994
29944
29966
30019
30068
30028
30084
30006
29893
30137
29967
30073
30003
30079
29937
30052
30093
29928
30040
29870
30112
30142
30155
29926
30006
30126
30183
30259
29933
29999
30063
30201
30088
29939
29946
30030
30219
30097
29905
29880
30065
30004
30217
29873
29907
29991
29989
30117
30000
29904
29888
30022
30125
29929
30015
29980
29948
30112
29937
30073
29942
30018
30086
29963
30051
29906
29924
30166
30259
30104
29971
30109
30049
30167
30088
30127
29898
29899
30130
30159
30016
29917
30109
30035
30176
29981
30065
29922
30056
30209
29976
30060
29814
30207
30107
30004
29968
29989
30173
30073
30050
30001
30147
30150
30141
30068
29981
30086
30183
30106
30116
30035
30001
30204
30043
30061
30078
30132
30130
30007
30199
30109
30051
30063
30019
30126
30152
30099
30037
30121
30070
30099
30102
30136
29931
30109
30082
30045
30067
29911
29964
29949
30117
30115
29969
29958
30064
30085
30186
29997
30054
29984
30144
30179
29879
30127
29915
30132
30114
29849
30006
29975
29962
30093
29992
29964
30002
29952
30067
30077
30004
29972
30086
30076
30097
30098
30037
30096
30037
30125
30164
30087
30134
30189
30306
30082
29979
30141
30060
30212
30078
30103
30009
30141
30243
30224
29996
30047
30279
30159
30088
30136
30023
30278
30109
30130
30108
29915
30219
30139
30099
30135
30074
30097
30223
30098
30090
30120
30167
30116
29992
30114
30034
30190
30010
30181
30110
30170
29962
29953
30218
30054
30198
30088
29956
30160
30142
30074
30114
30023
30072
30082
30083
30138
29934
30266
30077
30019
30006
29941
30328
29904
29928
30004
30103
30198
30103
29971
30008
30159
30196
29908
30036
30204
30004
30187
29933
29873
30085
29999
30165
30037
29907
30094
30083
30199
30107
29914
30104
30052
30227
30141
29919
30101
29986
30192
30247
29905
29960
30034
29980
30248
30077
29933
30107
30125
30278
30120
29972
30321
30047
30151
30169
29988
30225
30044
30058
29977
30036
30075
30056
30148
30017
30003
30134
30082
30057
30208
29918
30195
30039
30001
30159
29942
30095
30017
30008
30079
29992
30114
29977
30262
30092
29854
30185
29909
30123
30219
29968
30036
30149
29928
30170
30040
29981
30088
29987
30204
29968
30080
29986
30039
30236
30059
29983
29977
29910
30130
30158
30023
30126
29986
30062
30167
29985
29973
30031
30165
30108
30035
29858
30075
30235
29889
29998
29888
30176
30089
29943
30041
30054
30170
30237
30038
30096
30035
30148
30227
29841
30140
30077
30113
30196
29929
30055
30098
30022
30097
29905
30113
29982
29941
30081
29961
30195
29991
29903
30289
29962
29954
30019
29974
30169
30061
30133
29896
30076
29988
30079
30125
30021
30085
29998
29938
30081
30120
30120
30123
30044
30160
30155
30140
30034
30126
30193
30376
30091
30018
30037
30175
30154
30051
30075
30098
30225
30188
29904
30034
30157
30096
30280
29824
30010
30194
30075
30164
29879
29933
30116
30090
30091
29851
29999
30193
30110
30214
29933
30068
30194
30066
30202
30022
30044
30134
30032
30143
30081
29915
30148
29989
30066
30123
29897
30127
30102
30077
30178
29953
30049
30000
29952
30220
29976
30005
30047
29921
30259
29958
29943
30132
29929
30199
29948
29891
30036
29971
30293
29941
29906
29964
30040
30313
30060
30008
29976
30141
30237
29899
29938
30059
30007
30151
30013
30063
29968
30036
30042
29984
30110
30009
30038
29940
29954
30048
30119
30030
29997
29871
30060
29940
30077
30017
30079
30034
29979
30071
30051
30133
29989
30149
30079
30087
29943
29853
30110
30240
30236
30051
29916
30138
30070
30195
30172
30088
30071
30104
30191
30069
30021
30135
30222
30107
30133
29955
30131
30205
30226
30078
30191
30111
30102
30085
30168
30056
29951
30284
29992
30220
29862
29997
30043
30027
30215
30009
30055
30076
30115
30159
30044
30009
30035
30027
30239
29885
29893
30059
30214
30097
30008
29924
30095
30160
30123
29966
30091
30300
30043
30051
29940
30026
30204
30151
29996
30068
30065
30183
30046
30028
29982
30138
30197
30038
30136
29960
30283
30299
30088
30100
30038
30249
30131
30110
30051
30053
30202
30197
29981
29974
30082
30239
30147
30099
30138
29994
30347
29998
29968
30092
30147
30288
29868
30103
29979
30300
30123
30125
29914
29961
30083
30153
30023
29975
30172
29992
30285
30101
30123
30131
30189
30138
30089
30179
30082
30198
30067
30264
30081
30229
30193
30177
30163
30205
30179
30200
30128
30075
30174
30333
30208
29982
30177
30133
30137
30184
30032
30170
30123
30056
30278
29992
30214
30128
29960
30100
30068
30171
30114
30056
29933
29929
30142
30159
29945
30158
29949
30154
30153
30059
30080
30081
30128
30100
30056
29958
30207
30029
30169
30217
30049
30130
30123
30117
30183
30093
30161
30087
30162
30144
30169
30148
30205
30088
30111
30195
30092
30190
30170
30097
30044
29942
30253
30175
30104
30131
30066
30066
30117
30102
30037
30032
30158
30178
29940
30066
29914
30225
30111
30147
29873
29899
30108
29936
30194
29957
30014
30018
30137
30007
29971
29946
30038
30298
30066
30008
29992
29984
30104
30119
30000
30093
29909
30125
29981
30094
30181
29843
30136
29959
30041
30065
29889
30295
30002
30087
30293
30042
30095
30150
30081
30268
30024
30201
29994
30070
30310
29911
30212
30042
30189
30086
30243
30118
30213
30074
30103
30083
30051
30272
29891
30123
29996
30214
30134
30187
29992
30108
30228
30099
30201
29833
30158
30136
30142
30001
30006
30109
30142
30150
30060
29943
30168
30043
29982
30283
29888
29970
29999
29923
30183
30081
29886
30034
30020
30062
30114
30042
29886
30034
30111
29912
30161
29986
30029
30080
30053
30058
29966
30045
30087
30028
30128
29941
29980
29933
30018
30188
30015
30019
29988
30044
30044
30101
29960
30199
29851
30109
30104
29905
30123
30009
29980
30061
29981
29938
29941
30044
30162
30076
30031
30192
29966
30169
30140
30145
30084
30039
30184
30017
30087
30100
30111
30058
30180
30122
30088
30091
30242
30230
30100
30279
30041
30144
30259
30129
30079
30125
30111
30131
30211
30072
30134
30017
30146
30029
30084
30154
30171
30071
29917
30249
30051
30110
30197
30065
30137
30182
30167
30151
30023
30239
30074
30053
30198
29992
30128
30041
30064
30125
30103
30183
29916
30106
30176
29973
30136
29836
30100
30162
29912
30093
29968
30035
30066
29982
29962
30061
30167
29975
30053
30060
29959
30117
29932
30016
29914
30069
30099
29958
30068
29932
30141
30114
29907
30042
30010
30050
30052
29891
30028
29963
30099
30015
29945
29997
29997
30133
30179
29807
30138
30001
30141
30037
29948
30019
29983
30168
29985
30006
30008
30103
29987
29903
30032
30132
30004
30131
30123
30074
30018
30064
30272
30033
30140
30219
29909
30021
30148
30105
30025
30007
30105
30142
30163
30136
29953
30144
30141
30085
30092
30111
30041
29995
29949
30142
30182
29973
30132
29978
29974
30097
30051
29985
29931
29972
30020
29918
29913
30026
30104
30206
29859
29929
30112
30014
30331
29960
29904
30167
30026
30151
30116
29997
30117
30149
30038
30016
30138
30207
30245
30119
30109
29955
30209
30188
30143
30208
30070
30126
30089
30099
30161
30136
30063
30157
29999
29957
30041
29933
30149
30137
30069
29963
30092
29977
30122
29995
30013
30082
30108
29954
29832
30042
30069
30186
30164
29918
30036
30200
29980
30010
29941
30077
30232
30135
29872
29972
30184
30222
30177
30009
30057
30126
30176
30154
30141
30021
30330
30165
30093
30001
30062
30201
30164
30218
30043
30148
30305
30171
30102
30133
30177
30216
30158
29975
30180
30067
30237
30221
29929
30125
30015
30207
30224
30017
30092
29911
30231
30190
29912
30164
30083
30123
30069
29902
30140
29991
30175
30116
29753
30081
29993
30219
30101
29988
29979
30064
30114
30234
29963
30137
30098
29942
29982
29888
30211
29948
30021
29988
30142
30218
30000
30021
30090
30201
30215
30185
29825
30198
30249
30093
30194
29852
30144
30239
30031
30098
30010
30043
30236
30021
30107
29969
30146
30210
29867
30066
29924
30126
30221
29896
30125
30076
29935
30215
29849
30132
30200
30038
30094
29825
29992
30213
30050
30059
29958
29988
30054
29871
30309
29971
30056
30193
29951
30204
29999
30123
30049
29970
30094
29968
29974
30025
29901
30090
30154
30002
30089
29845
30244
30084
30097
30011
30001
30077
30188
30101
30029
30070
29968
30150
30132
29983
30078
30115
30132
30138
30207
30082
30225
30244
30182
30091
30158
30204
30119
30225
30115
30259
30135
30091
30105
29968
30078
30151
30247
30131
30061
30152
30194
30125
30206
30143
30166
30103
30125
30085
29964
30089
30133
29999
30111
30031
29990
30015
30099
30256
30031
30143
30133
29953
30196
30277
30015
30084
29951
30227
30035
30047
30097
30036
30212
30243
30132
29981
30078
30054
30251
30104
30082
29916
30119
30224
30012
30135
30097
30100
30195
30016
30011
30118
30071
30275
29931
30063
29965
30072
30247
30031
30000
29978
30085
30186
29914
30118
30006
30139
30135
30001
30147
29950
30311
30097
29917
30152
30081
30065
30207
29935
29989
30153
30134
30165
30012
30159
30165
30052
30121
30081
30194
30071
30065
30027
30059
30010
30322
29847
30105
30056
29945
30297
29994
29992
30136
30292
30171
30145
30090
30119
30023
30105
30168
30055
30013
30050
30073
30179
30092
29922
30128
30132
30243
30155
29944
30120
30123
30152
30231
29930
29972
30063
30070
30103
30082
29979
30012
29930
30125
30101
29982
30179
29794
30211
30024
29827
30194
29907
29993
30155
29926
29921
29946
30037
30151
29978
30086
29845
30051
30009
30025
30044
29937
29957
29959
30131
29987
30046
29890
30120
30148
29980
29947
30052
30007
30291
30039
30078
29958
29880
30189
30004
30068
29902
30132
30074
30068
30063
30105
30006
30188
30103
29988
30157
29976
30197
29932
30192
30095
30021
30013
30115
30148
30003
30172
30193
30029
30162
30095
30132
30194
30013
30167
30056
30110
30195
29964
30153
30126
30134
30111
30002
30062
30140
30045
30092
29812
30081
30035
30067
30096
29861
29994
30128
30021
29985
30008
29890
30195
30087
29932
29987
29985
30209
30033
29946
29926
29930
30125
30132
30054
30007
29979
30083
30165
29879
30125
30011
30099
30035
29975
29967
30032
30160
29915
30085
30030
30176
30160
29951
29966
30048
30106
30155
30246
30038
29994
30199
30109
30003
30030
30054
30204
30143
30092
29869
30041
30112
30069
30212
29959
29972
30009
29987
30205
30116
29887
30169
30050
30099
30070
29934
30186
30134
30203
30142
29823
30128
30177
30080
30189
29866
30036
30188
30033
30202
29803
30073
30332
29874
30139
29978
30026
30133
29837
30215
30106
29954
30148
30001
30068
30108
29972
30129
30102
30089
30104
29784
30093
30061
30182
30295
29864
30004
30096
30195
30222
29890
29920
30063
30003
30147
29977
30053
30118
30001
30168
30043
29989
30072
30146
30000
29991
29941
30035
30029
30102
30059
30123
30080
29948
30177
30152
30292
30101
29864
29996
30086
30074
30093
29988
30028
30129
30095
30133
30008
30165
30104
30008
30102
30111
30071
30029
30031
29954
30002
29997
30053
30079
29996
30094
29920
30107
29918
29984
30212
29994
30138
30050
30089
30146
30143
30074
30110
29910
30009
30166
30086
30018
29974
30072
30323
30217
29940
29968
30089
30278
30171
29992
30059
30078
30105
30066
29835
29992
30116
30193
30048
29973
30006
30196
30124
29996
30131
30016
30076
29903
29979
30139
29995
30089
29872
30045
30193
30110
30032
30076
30033
30250
30159
29960
30060
30082
30179
30023
29989
29904
30265
30220
30071
29922
29960
30222
30149
30260
29994
29858
30089
30099
30203
29990
29875
30205
30106
30066
30095
29976
30188
30078
30063
30133
30016
30179
29997
30145
29921
30005
30169
29962
30170
29918
30133
29948
30014
30148
30064
30054
30054
30073
30043
30159
30051
30004
29898
30144
30044
30057
30091
29945
30031
30274
29929
30026
30056
29994
30256
29959
30105
29882
30083
30270
30015
30074
30017
29949
30077
29989
30140
30029
29956
30236
29942
30137
30017
29967
30229
30127
30199
29952
30005
30056
29944
30119
30168
30015
30043
30087
30080
30078
29979
30155
29938
30079
30145
29907
30085
29995
30213
30099
30159
29971
30070
29962
30166
30234
29961
30086
29901
30240
30101
30156
30011
30162
30065
30126
30127
30030
30239
29988
30176
30027
29934
30131
30109
30133
30119
29924
30056
30152
30060
30158
29969
30173
29985
30106
30226
29806
30334
30080
29952
30098
30009
30079
30049
29963
30224
30064
29962
30111
29961
30242
29943
30151
30114
29936
30201
30073
30055
30057
30018
30067
30085
30033
30125
29976
30045
30045
29993
30187
29974
30117
29985
30092
30230
29915
29992
30169
30135
30147
29963
30033
30115
30022
30153
30012
30091
30205
30060
30304
30036
30214
30233
30032
30193
30190
30217
30116
30059
30078
30073
30190
30254
29965
30135
30044
30199
30165
29977
30149
30004
30162
30037
30018
30146
30145
29953
30016
30126
30105
30035
30197
29987
29992
30094
30126
30078
29999
30031
30018
30026
29960
30043
30020
30147
30022
29966
30130
30072
30148
30080
30098
30009
30001
30157
30037
30048
30001
30149
30047
29950
29954
29995
30129
30054
29927
29928
30113
30202
30193
29918
29988
29995
30056
30238
29956
30038
30070
30174
30196
29939
29970
30242
30101
30191
29868
29859
30173
29934
30233
29926
29932
30023
30037
30138
30127
29998
30126
30087
30041
30110
29885
30088
30039
30179
30085
29966
29935
29985
30090
30178
30155
29877
29955
29857
30174
30239
29863
30036
30042
30067
30068
29854
29953
30115
30294
30068
29953
30097
30058
30188
30097
29956
30086
30012
30029
30151
30114
30078
30039
30063
29901
30098
30008
30039
30153
30176
30014
30060
29996
30118
30165
30013
30032
30066
30191
29996
30194
30035
30093
30178
29824
29975
30008
30164
30238
29994
30069
30049
30146
30211
30021
30077
30080
30235
30084
30026
30050
30081
30176
30059
29986
29911
29968
30214
30141
30110
29854
30009
30130
30205
30143
30016
29965
30193
30003
30051
30110
30050
30058
29938
29976
29919
30130
30098
29908
30098
30116
30157
30070
30034
30142
30108
30194
29999
29829
30043
30132
30196
29986
30008
30084
30011
30258
30022
30049
30138
29960
30166
29930
30038
30009
30011
30089
30008
30045
29947
29977
30131
30127
30047
30120
29939
30163
30019
30031
30117
30057
30125
29964
30015
29909
30174
30207
29966
29992
30180
30007
30086
30114
29971
30235
30045
30108
29824
30014
30224
30086
30178
29834
29964
30018
29991
30297
29986
29911
30109
29947
29975
30075
29994
30065
30033
30094
29940
30040
30050
30102
30124
30037
29971
30029
30122
30163
30163
30015
30041
30222
30102
30116
30032
30121
30175
30168
30048
29977
30251
30097
30242
30008
29934
30057
30083
30257
30049
29953
29969
30075
30030
30081
29966
30222
30051
29995
30168
29973
30140
30031
30030
29965
29867
30049
30100
30204
30006
30036
30125
30080
30078
30119
30207
29966
30056
29909
29952
30008
30060
30084
30071
29971
29973
30030
30113
30238
30074
29989
30030
30047
30152
30048
29957
30103
30020
30149
29869
29931
30106
30074
30189
29869
29974
30156
30052
30160
30169
29923
30100
30010
30059
30159
30074
30187
29943
30022
29978
30155
30212
29919
30050
30098
29983
30108
30041
30137
30169
30047
30252
30012
30084
30226
30130
30159
29991
30101
30062
30185
30212
30007
30055
30154
29991
30286
30101
30023
30135
30068
30311
30053
30162
30072
30061
30235
30151
30098
30081
30173
30144
30091
30120
30040
30128
30161
30162
30274
30127
30089
30196
30221
30251
30100
30191
30070
30175
30117
30177
30320
30026
30088
30183
30036
30085
30044
30210
30263
29992
30033
29979
30069
30059
30007
30013
30021
30113
30144
29792
30127
30085
30034
30237
29877
29965
30128
30045
30104
29816
29945
30218
30108
29970
29967
30033
30167
30153
30085
30076
30082
30229
29898
30042
30125
30098
30180
30088
29997
30113
30000
30129
30073
29906
30276
30162
30001
30080
30080
30132
30085
30124
30015
30194
30137
29977
30056
30113
30123
30031
30132
30145
29938
30108
30049
30134
30005
29961
30261
30121
30073
30207
29990
30197
30120
30178
30149
30031
30203
30104
30063
29989
30085
30085
30174
30016
29978
30248
30041
30057
30080
30163
30136
30092
30072
30084
29990
30212
30019
30071
30097
29902
30084
29833
30071
30142
29942
30149
30041
30039
30227
29965
30216
30010
30162
30292
29818
30132
29973
30097
30258
29919
30015
29977
30046
30168
29865
30139
30089
30169
30149
29966
30090
30158
30135
30241
29982
30008
30130
30015
30061
30050
30052
30117
30261
30058
30147
30060
30227
30214
30101
30187
30097
30021
30073
30075
30018
30027
29940
30172
30012
29991
30015
30073
30182
30015
30237
30121
29889
30158
30170
29935
30111
30002
30122
30355
29966
30167
30039
30228
30225
30045
30149
30033
30083
30115
29935
30160
29974
29986
30039
29978
30187
30073
30214
29964
30102
30250
29930
30142
30079
30053
30221
29841
30038
29992
30107
30191
29971
30087
29959
30095
30019
29951
30129
30137
30103
30071
30005
30017
30148
29975
30134
30187
29897
30050
29973
30023
30187
29957
30030
29971
30125
30115
29974
30029
30012
30186
30236
29935
29860
30065
30080
30191
30020
29920
30188
30184
30251
30002
29926
30150
29981
30256
29959
30027
30087
30032
30155
30064
29968
30185
30133
30167
30002
29962
30201
29927
30347
30025
29973
30158
29982
30104
30048
30033
30090
30092
30140
30024
30021
29964
30052
30148
30069
29981
29896
29904
30138
30110
30003
29871
29897
30006
29911
30070
30003
29971
29997
30069
30029
30056
29958
30202
30041
30091
30087
29909
30132
30092
29982
30153
30034
29972
30166
29904
30280
30012
30050
30274
29962
30164
30027
30097
30260
30015
30144
30058
29915
30103
29953
30074
30203
30037
30144
29963
30012
30174
30032
30052
30074
29993
30016
29862
30210
30158
30099
30196
30074
30009
30348
30054
30129
30002
30126
30255
29903
30047
29979
30189
30149
30148
30008
30072
30075
30157
29934
30081
30052
29927
30041
29942
30046
29985
30107
29990
29972
30083
30158
30007
30163
29875
30230
30052
29902
30195
29943
30099
30099
30019
30189
30144
30163
30205
30016
30116
30129
30119
30175
29989
30363
30050
29947
30174
30101
30197
30036
30041
30049
30117
30212
30215
30010
30047
30140
30125
30076
30132
30165
30028
30180
29892
30080
30159
30027
30169
30100
30058
30120
30055
30286
30038
30186
30265
29915
30162
30076
30072
30175
30019
30013
30033
29995
30118
30066
30228
30061
29982
30117
30035
30292
30016
30048
29978
29971
30180
30133
30004
30003
30069
30041
30110
30022
30059
30119
30159
30175
30039
30222
30210
30051
30249
30097
30229
30158
30076
30165
30049
30286
30196
30044
30100
30039
30136
30198
30009
30167
30061
30104
30094
29949
30194
30096
30190
29945
30133
29982
30060
30167
29996
30154
29948
30179
29931
29965
30018
30105
30077
29950
29912
30025
29989
30125
30139
30066
30157
29929
30107
30046
30109
30278
30028
30110
30116
30055
30298
30096
30043
29985
30144
30348
29974
30118
29962
30282
30144
30162
30092
29937
30162
30165
30085
29988
30113
30162
30134
30061
29990
30022
30276
30252
29941
30020
30080
30197
30088
30091
30132
30058
30368
30078
30057
30098
30179
30279
30048
30146
30158
30020
30147
29991
30135
30042
30126
30296
29929
30048
30142
30062
30109
30052
30075
30147
30161
30016
30018
30059
30086
30031
29872
29998
30016
30062
30181
30048
30033
29896
30027
30189
30018
30061
29866
29945
30019
29970
29991
29893
29978
30057
29940
29903
29987
30053
30129
30020
29985
