29972
30060
29907
30065
29824
29956
29853
30001
29872
30079
29902
30080
29836
29992
29969
30136
30004
29958
29913
29953
30033
30066
29943
29992
29915
30094
30063
29784
29841
29888
30000
30103
29983
29900
29988
29955
29973
29993
29977
29997
30037
29940
29984
29826
30058
29881
29973
30090
29920
30039
29870
29969
30173
29918
30013
29934
30025
30165
29912
29937
29818
30019
30141
29894
29953
29907
30051
30032
29966
30045
29963
29986
30028
29952
30004
30019
30040
30063
29998
30122
29955
29846
29936
29907
30188
29995
29870
29835
29981
30092
29998
30048
30061
29932
30064
29974
29893
30020
29888
30140
30021
29859
29978
29934
30170
29973
29858
30073
29972
30110
29944
30025
30091
29932
29967
29939
29938
30084
29948
30017
29926
29983
30034
29928
29953
30012
30057
30233
29957
29943
30052
30137
30006
29926
29901
30049
30057
30073
30047
29949
30177
30070
29969
30102
30137
30169
30003
30162
30091
29928
29943
29881
29904
30062
29936
29884
29869
30019
30001
29947
30102
30129
30147
30172
29930
29869
29960
30063
30060
29881
29905
30027
29956
29944
29983
29968
30061
30109
29995
30044
29850
29964
30045
30005
30019
29873
29942
29889
29970
30091
29997
30039
30022
30111
29993
29819
29828
29798
30060
29945
29932
29961
29916
30008
30057
30052
30101
30051
30138
30055
29905
29960
29987
30051
29939
29918
29943
30015
29988
29990
30044
29966
30088
30076
29975
30025
30058
30051
30030
29961
29904
29998
30054
29994
29988
29983
29976
29984
29981
30033
29944
30044
29875
29908
29971
30053
30111
30115
29916
30001
30070
30046
30121
30037
30035
30095
29937
29981
29842
29981
30006
30064
29925
29970
29988
30028
30009
30101
30045
29964
30011
30033
30037
29931
30049
29901
29999
30162
30019
29930
30012
29899
30118
30036
30148
30021
30011
30142
29988
30091
30020
30079
30148
29882
30020
30021
30143
30075
30061
30089
30005
30120
30100
29943
30204
30165
30096
29921
29988
30153
30072
30083
29977
29969
30114
30151
30041
29970
30039
30022
30143
30115
29925
29991
30122
30129
29908
29860
30037
30034
30101
29958
29924
30062
29946
30083
30045
29947
30084
30071
30123
30040
29907
29988
29931
30053
29955
29862
29964
29842
30039
30073
30051
30053
29935
30183
30021
30005
30057
29992
30113
29995
30030
30026
29957
30054
29782
29848
30002
29906
30075
30066
29930
30017
29864
30074
30045
30092
30181
30015
30034
30031
29929
30048
29877
30092
29949
30041
29887
29896
29962
29939
29909
29949
29968
30080
30100
30115
30025
30029
30097
30121
30054
29948
29966
29961
29894
29959
30015
30093
29959
29958
29977
30148
30152
30113
30022
30041
30204
30057
29911
29934
30015
30051
30004
30003
29992
29943
29993
30080
30073
30022
29989
29952
30011
30078
30003
30034
29929
30021
29897
29954
30206
30139
29943
30017
29940
30035
29996
30075
29923
29926
30008
29972
30052
30013
30073
30142
30051
30019
30016
30022
30136
29857
29900
30038
30057
29993
29865
29940
29988
29989
30092
30017
29968
30139
30152
29935
29972
29962
30121
29960
30005
30076
30007
30121
30052
29960
29934
30005
30023
29956
30115
30083
29939
30015
29970
30007
30149
30026
30048
29999
30174
30063
30042
30168
30116
29958
30044
30074
30093
29846
29998
29960
30055
30014
30075
29865
30005
30011
30104
30062
30036
30041
30059
29913
30002
29947
30059
30095
30119
30087
29856
30101
30092
30044
29911
29907
30052
30090
30111
29949
29947
30141
29921
29949
30006
30086
30135
30105
30119
29909
29939
30108
30071
29966
29924
30073
30099
29950
29994
29886
29985
29932
29969
29971
30100
30021
29982
29999
30045
29973
30127
30042
29998
29926
30040
29992
29966
30104
30083
29973
29946
29959
29996
30037
30087
29943
29939
30012
29926
30069
30061
29921
30009
29852
29974
30054
30072
30117
29922
30027
29938
29913
30127
29945
30052
29930
29984
30069
30096
30126
30022
29948
30137
30083
30040
29888
30083
30147
30044
29958
29914
29911
30152
30219
30065
29924
29954
30130
30241
30100
29992
29894
30186
30017
30007
29963
29906
30104
30127
30136
30022
29961
30175
30127
30089
29881
29957
30053
30039
30175
30026
29871
29976
29984
30140
30073
30014
30015
30064
30104
30061
29965
29955
30024
29994
30054
29916
29957
30001
30096
30092
29891
30044
30025
30144
30126
29812
30008
30043
30056
30137
30024
30031
29993
30148
30145
29931
30049
29934
30066
30083
29940
29992
29981
30135
30091
29923
30093
30038
30196
30149
29910
30063
30015
30165
29990
29804
29988
29866
30078
29888
29843
30055
29902
30097
30059
30036
30109
30096
30146
30023
29919
30127
30058
30074
30012
30042
30065
29959
30103
30088
29958
30073
30005
30088
30051
30064
30024
29971
30030
29958
29968
29967
29939
30070
30274
30101
29918
29929
30055
30232
30113
29931
29852
30000
30036
29921
29870
29896
29886
30148
30023
29973
30005
29981
30179
30051
29961
30004
29962
30098
29984
29939
30027
30010
29995
30082
29936
30077
30101
30119
30008
30049
30023
30011
30064
30090
29980
30008
30035
30086
29960
30099
29971
29976
30112
29985
30154
30024
30070
30073
29882
30036
30030
30027
30105
29951
30008
29979
30110
30111
30053
29960
30090
29974
30012
30047
29971
29989
30096
30125
30021
29887
30043
30011
30076
30138
29981
29920
30044
30046
30057
29899
30019
29968
30099
30033
29864
30076
29979
30101
29945
29879
29992
30052
30080
30006
29927
30110
29948
30093
30038
29951
30001
30000
30096
30113
30052
30024
29936
30084
30097
30021
30053
29995
30163
30058
30123
30028
29998
30158
30136
29945
30001
30033
30007
30219
30038
29914
30030
30008
30092
29941
30116
30080
30054
30030
29996
30010
29974
29871
29893
29800
29979
29905
29910
29982
29911
29866
29941
29957
29895
30070
30112
30089
29999
29910
30073
30071
30010
29999
29976
30157
30000
29932
29902
29905
30076
29888
29929
29840
29955
30131
29998
30057
30033
30020
30113
30061
29996
30053
30076
29982
29888
29995
30106
29981
30047
30015
29890
29972
29953
30077
30108
30023
30110
30018
29901
29989
29956
30104
30054
29886
29916
29966
30016
29969
30083
29952
29948
30006
30094
29962
30052
29949
30147
30026
29928
29914
29948
30032
30080
30013
29942
30015
30087
29964
29929
30000
29998
30034
30132
29981
29929
29949
29988
29999
30077
29972
29859
29948
30110
30091
29936
29951
30100
29983
29964
30025
30004
29975
29964
30010
29946
29891
30063
29934
30019
29961
29957
30048
29978
30018
30001
30111
30090
29918
30052
30050
30068
30123
29979
30003
30172
30106
30059
29962
30036
30040
29988
29932
29879
29908
30061
30044
29942
29904
29973
30019
30078
30032
29959
30051
30191
30041
29975
29931
30056
30048
29935
29971
29857
29951
29949
29853
30009
29975
30072
29984
29904
29996
29966
30174
30025
29810
29928
29938
30149
30052
29906
30005
29876
30076
30063
29875
29828
29843
30016
30064
29871
30051
29936
29951
29979
29928
30042
30089
29984
30114
29914
29878
29913
29942
30011
29987
29930
30023
29909
29964
29934
30108
29980
29888
30057
29969
30084
30025
29850
30081
29907
30064
30008
29905
29900
29915
30100
30090
30015
30034
29957
30027
30000
29976
29965
29939
30155
30090
30036
29912
29895
30067
30079
29997
29971
29886
30160
30052
29999
29970
29776
30175
30225
30028
29945
29804
30176
30223
30039
29889
29880
30202
30046
29938
29875
29952
30133
30106
30047
29909
29968
30177
30191
29991
29860
29993
30123
29995
29944
29970
29996
30219
30001
29864
30029
29976
30194
30130
30054
30021
29928
30064
30084
30042
29971
29946
30079
30099
30033
30009
29964
30169
30154
29974
29909
30079
30111
30164
30143
29928
30024
29991
30115
30117
30017
30052
30148
30190
30119
29899
30017
30008
30050
29999
29977
30035
29961
29977
30040
29991
30134
30018
30051
30177
29969
30035
30090
30145
30020
30015
29854
29931
29910
29964
29953
29955
29996
29949
29934
30010
29876
30026
30068
30234
29958
29841
30023
29943
30023
30043
30002
29986
29952
29973
29888
29966
30064
30104
29977
30041
30060
30000
30078
29937
29987
29928
29986
29903
29808
30060
30008
29927
29925
29862
30043
30186
30054
30131
30002
30038
30060
29956
30001
29966
30091
29944
29871
29967
29893
29970
29973
29998
30019
29970
30094
29945
30032
30033
29956
29878
29886
30149
29944
30015
29984
29900
30050
29982
30121
29991
29965
30093
29849
30189
30061
30065
29878
29940
29945
30012
30132
30060
29875
30088
29994
30151
30106
30130
30117
30151
30231
30018
30010
30089
30084
30003
29944
30040
29997
30092
30073
30001
30106
30129
30196
30174
30033
30107
30093
30119
29998
29919
30023
30023
30079
30061
29993
30001
30106
30148
30152
30183
30086
30077
30094
30108
30089
29906
30021
29983
29977
30071
29998
30049
29888
30110
30175
30105
30118
29988
30085
30149
30071
30052
29885
30028
30041
30084
29999
29867
29952
30069
30034
30014
30030
29965
30012
30014
29974
29984
30010
30008
30076
29904
30056
30000
30053
29915
29970
30097
30061
30109
30025
29929
30177
30019
29962
29968
30091
30141
29997
30023
29826
30030
30016
29964
29921
29844
30120
29974
29929
30000
29887
30061
29956
30023
30078
29919
30151
29891
29898
30065
29929
30134
29993
29921
30056
29998
30034
29737
29809
30014
29854
30012
29934
29882
30098
29858
29994
30105
30116
30153
30032
30057
30049
29968
30054
29915
30111
30050
30116
30079
29958
29999
30200
30083
30045
29998
29994
30034
30146
30188
30067
30021
30051
30040
30034
30172
30122
29991
30124
30129
30109
30002
30086
30117
30000
30057
29919
30050
30045
29995
30019
29905
30036
29909
30038
30060
29993
30076
30098
30141
30052
30031
30089
29944
29974
29961
30000
30014
30006
30040
30059
30123
29891
29981
30028
30138
30066
30001
30063
30074
30018
30027
29955
30009
29968
30151
29970
29836
29919
30067
30219
29971
29991
29945
30016
30013
29964
30044
30056
29978
29994
29902
30029
30026
30024
30096
29985
30008
29977
30040
30083
30080
30063
30007
29994
30071
30011
30137
30039
30081
30069
29996
29953
29981
29979
30057
30096
30088
29971
30041
30015
30044
29912
30034
29956
30173
30010
30019
29877
30052
29886
29953
29888
29943
29845
29939
29855
29851
29882
29913
30085
30071
29965
30003
30028
30053
29963
29980
30059
30045
30037
29988
30048
29982
30133
30065
29965
30080
29992
30074
30150
29963
30017
29978
30050
29959
29892
29981
30037
30005
30101
30083
30031
30013
30063
30078
30109
30082
30093
30023
30149
29970
29838
29950
29956
29882
30028
29881
29885
29977
29974
30068
30024
30130
30056
30107
30186
30061
29975
29973
29940
30080
30022
30026
29800
29897
29975
29825
30033
29988
29885
30044
29900
29953
29922
29907
29945
29820
29832
29824
29813
29893
29846
30050
30012
29919
29922
30023
30046
30015
29992
29969
30006
29970
29941
30050
29917
29996
30078
29871
30047
29931
29968
30074
29868
30087
29936
29972
29933
29803
30134
30111
30140
30018
29898
30128
30006
29962
29985
29896
30117
30030
30007
29939
29958
30033
29941
29956
29989
30015
29943
29922
29969
29975
30105
29970
29893
29846
30073
30068
30043
29857
30045
30120
30094
29992
29929
29928
30076
29986
29910
29846
30020
29930
30150
30010
29941
30052
29996
30081
30079
30033
30035
30054
30044
29984
30008
30066
29811
29948
29838
29946
29978
29915
30044
30051
29928
30097
29890
30080
30016
30048
30142
29962
30034
30024
29891
30037
29949
30098
29961
30018
29885
30127
30038
29993
30005
29932
30007
30100
30015
29932
29813
29991
30069
30051
30045
29989
30024
30163
30119
30042
30019
30114
30076
30102
29995
30053
29921
30032
30127
30084
30028
29946
30061
30136
30028
30059
30068
30133
30069
30149
30062
29960
30113
30119
30063
30090
29894
29982
30059
29942
30133
30058
30101
30030
29915
30179
30116
30125
29966
29983
30002
29993
30002
29994
29863
30026
30010
29956
30075
30023
29970
30136
29954
30091
30026
30095
30102
29973
30031
29954
29946
30025
30000
30075
30006
30052
30072
29985
30108
30099
30001
30022
29953
29897
30040
30022
30107
29981
29916
29961
30019
30162
30192
30040
30065
30019
30047
30131
30010
29960
30013
30021
30001
30047
30033
30104
30080
30149
30065
29957
30081
30088
29953
29946
29842
29883
29989
29982
29960
29950
29928
30057
30051
29996
30073
30042
30033
30065
29875
29868
30023
30069
30047
29941
30016
30036
29925
29963
30003
29997
30018
29886
29839
30018
30132
30024
29996
29862
30016
30007
30097
30099
29884
30011
30067
29989
30091
29851
30136
30026
29911
29990
29885
29992
29953
30127
30017
29878
30030
29876
30005
30020
30003
30016
29903
30132
29968
29956
30025
29971
30106
30021
29869
30025
30077
30165
29962
29952
29969
30053
29965
30020
29838
29955
30054
29999
29893
29941
29840
29986
30181
30090
30067
30038
30020
30093
30057
29981
29876
29981
30058
30007
29949
29999
29976
30038
30066
29952
29948
29982
30017
30148
30053
30107
29944
29986
30045
29935
30017
29931
29997
30026
29873
29951
29951
30055
30065
29948
29951
29832
29998
30130
29969
29869
29810
29918
30109
29906
29959
29926
30052
30090
29893
29997
29958
30066
30165
29936
29891
29943
29936
30117
30024
29941
29917
29973
30006
30052
29966
30079
29937
30068
29977
29913
30111
30026
30038
29986
29929
30049
29992
30022
29931
29924
29947
30066
30011
29880
30067
29935
30047
30031
29933
29924
29987
30083
30014
29926
29900
30026
30103
30039
30044
29859
30044
30160
30122
30016
29929
30124
29973
30049
29952
29934
30153
30070
29897
29890
30028
30105
30215
30116
29968
30150
30027
30107
30107
29913
30105
30078
30098
29936
29839
30117
29990
30178
30001
29999
30067
30097
30126
30025
29952
30054
30001
30028
30087
30049
30082
30231
30055
29876
30113
30111
30107
30102
30116
30101
29990
30080
30100
30005
30210
29964
30007
30062
30021
30028
30057
30045
30111
30100
30079
29988
30057
30071
30167
29984
29921
29990
30124
30129
30077
30013
30185
29962
30032
30015
30031
30058
30006
30155
30129
30079
30160
29849
30095
30028
30142
30051
29897
30063
30114
30061
30102
29857
30056
30140
30161
30144
29979
29987
30203
30052
30176
29917
29985
29986
30051
30103
30013
29836
29907
29879
30042
30030
30026
29941
30065
30039
30016
30003
30035
30087
30158
30015
29973
29884
30084
30065
30118
30022
29904
30034
29815
29925
29942
29992
30077
30042
30145
29981
29950
30140
29953
30052
29943
29966
30088
29973
29989
30023
29928
30012
29897
29955
30054
30098
30016
30043
29891
29994
30176
30028
29963
29921
30141
29987
29853
30073
29776
30048
29882
29916
30030
29958
30065
30025
29829
29976
30044
30108
30182
30055
30024
29947
29901
29963
30001
30009
30006
29863
29892
29991
29997
30069
29933
29840
30064
30038
30021
30000
29922
30092
30024
29953
29941
30001
30115
30007
30007
29891
29934
30137
30061
29895
29856
30012
29961
29934
29947
30019
30090
30049
30095
30027
29956
29989
30025
30050
30091
29993
29897
29946
29851
29940
29849
29896
29945
29969
30142
30044
29914
29900
30156
30156
30030
29869
29947
29902
30032
30053
29938
30016
30027
30081
30097
30033
30056
30037
30220
30092
30049
30048
30002
30163
30139
30081
29963
30064
30095
30085
30082
30036
30068
30109
30138
30032
29935
30079
30064
30152
30111
29900
29994
30075
30103
30089
29849
30142
30138
29990
30068
29909
29979
30077
30076
30138
29889
30046
30000
29902
30069
29985
30028
30048
29997
30089
29919
30163
30082
29992
29957
29906
30009
30058
30018
30059
29934
29947
30030
30065
29997
29938
29986
29932
29991
29863
29932
29987
29944
29875
29874
30008
29908
29862
29971
29818
29868
29895
29932
29971
29915
29903
29995
29929
29951
29888
29950
30039
29876
29926
29833
29811
29864
29822
29999
29909
30008
29885
29812
29927
29997
30074
29971
30017
30091
29941
29951
29967
30020
29967
29980
29932
30028
30048
29972
29923
29959
30068
29993
30078
30111
29916
29973
30084
30176
30076
29947
30107
30018
30052
29985
29918
30164
30020
30065
29971
29955
30108
30056
30184
29983
29899
29930
29961
29953
29854
29884
29928
29968
29967
29822
29933
30086
29967
29934
29952
30028
30050
29999
29962
29837
29783
29825
29861
29839
29897
29850
29902
29943
29906
30004
29889
29936
30007
29944
29996
29918
29963
29983
29832
29925
30064
30036
29940
29850
29824
30025
30048
30153
29935
29929
30064
29842
30041
30046
29840
29987
29796
29966
29907
29889
29956
29843
29970
29971
30003
29998
29981
30132
30131
30032
29945
29906
30065
30181
30075
29837
29971
29902
30003
30099
29927
30002
29997
30019
30069
30002
30126
30023
30005
30070
29950
30089
30027
30031
29981
29766
29998
29876
29991
29959
29906
30053
29903
29857
29967
29911
30016
29926
29907
29917
29952
29850
29982
30097
29972
29960
29922
30016
30042
29967
29999
29812
30040
30109
29971
29893
29883
30096
30184
30000
30029
29941
30195
30040
30028
29908
29914
29991
30072
29968
29955
29937
29979
30133
30012
29963
30084
30096
30171
30143
30001
29998
29913
30137
30056
29929
30000
29928
29882
30036
29951
29967
29892
30028
30082
29980
29894
29917
29964
30071
30000
29969
29853
29962
30084
30052
30020
29832
29908
29992
29906
29961
29846
29939
29971
29975
29915
30013
30103
30106
29928
29951
29937
29914
30078
30051
29921
29986
29902
29994
29981
30013
30064
29936
29978
29959
29888
30128
29970
30052
29793
29980
29966
29984
30066
29992
29973
30097
29867
30074
29968
30078
29980
30051
29976
30061
29954
30111
29968
30122
30043
29975
30050
30083
29962
30063
29989
30082
30054
30044
30119
29873
30038
29997
30016
30146
30019
29881
30011
29820
29986
30058
30007
30037
29980
29976
30063
29912
30083
30052
29902
30084
29948
29927
29975
29828
30109
29910
29924
30003
29886
30127
29895
29916
30070
29874
30106
29929
29932
29936
29919
30015
29956
29908
29879
30072
29955
30020
29978
30022
30030
29948
29956
29975
29879
30081
29900
30017
29964
29966
30037
29987
30027
30045
30052
29943
29911
29956
30044
30077
29954
29910
29862
29977
30113
30037
29998
30056
30007
30044
30053
30071
29953
29884
29928
30004
29964
30043
29944
30000
30025
30089
30038
30089
29948
30150
30122
30005
29932
29982
30054
29968
29902
29952
29895
30072
30042
30125
30007
30101
30059
30073
30000
30060
29953
30003
29958
30000
30005
30019
30009
29984
29817
29980
29999
29925
30086
29960
30166
30115
29960
29995
30039
30166
30028
29842
30017
29975
30162
30191
29990
29973
29986
30031
30083
30083
30033
30104
30140
30047
30018
30010
30087
30211
30056
29946
29986
30076
30154
30119
29981
29905
30065
30118
30009
30060
29951
30168
30131
29926
29989
29977
30101
30074
30014
30058
29969
30138
30147
30057
29998
29985
30132
30085
29994
29994
29984
30093
30029
30067
29858
29820
29842
29923
30075
29914
29985
30071
29966
29958
29912
30043
30204
30011
30043
30012
30014
30043
29915
29919
29931
30000
30021
29939
29895
30071
30073
29997
30053
29974
30079
30054
29968
29968
29954
30020
29995
29895
30013
29916
29978
30038
29982
29963
30063
30063
30017
29998
29989
30047
29924
29937
29937
29924
30134
29852
29871
29902
29879
30098
30052
30089
29891
29879
30080
30000
29978
29900
29924
30084
29872
29892
29899
29956
30015
29954
29923
29920
29942
30077
30067
29948
29935
30041
30147
29992
29815
29946
29987
29949
30080
29916
30017
29888
29945
30058
30033
30113
29959
30036
30176
29977
30046
29910
30050
30064
29999
29969
29844
30031
30122
29837
30030
30019
30048
30185
30065
30027
29984
29962
30067
30015
29974
29997
29858
30017
29961
29985
30179
29971
29963
30082
29958
30116
30026
30109
30016
30156
29933
29966
30145
30070
29978
30129
29983
30117
29959
30105
29949
29975
30072
30039
30125
30052
29965
30090
29857
30075
29984
30025
30123
29932
30144
30104
29983
30143
29863
29993
29853
29989
30066
29818
30013
30011
29984
30101
30002
29999
30046
30110
30011
29862
30016
30054
30104
30017
29983
29908
30044
30012
29897
29940
30018
30135
30025
29936
30087
29879
30075
29969
30039
30031
29998
30102
29908
29989
30117
29960
30089
29927
30052
30032
29988
30009
29866
30201
30045
29902
30017
29895
30010
30129
29946
29958
29802
30053
30066
30028
30097
29994
30018
30097
30077
29975
29845
30110
29991
30050
29847
30017
30055
30037
30029
29974
30008
30063
29924
30109
29989
30001
30024
29933
29964
30117
30048
29988
29937
29981
30059
30129
30094
29997
30013
30086
30007
30050
30107
30071
30018
30032
29990
30035
30046
29828
29932
29887
29816
29930
29886
29842
29908
30008
30094
30034
29956
29919
30010
30060
29952
29858
29945
29869
30025
29992
29998
30066
30047
30099
30094
29937
30014
29923
29978
29936
29960
29972
29947
29932
30052
30026
30009
30122
30105
30151
30157
30087
30051
29948
30123
30102
29950
29985
30013
30072
30079
30092
30079
30012
30068
30049
30064
30095
30055
30022
30035
30036
30020
29954
30090
30087
30009
30124
30110
29928
30022
30094
30143
30074
29821
29992
29970
29915
30008
29980
30129
30121
30009
29994
30044
30160
30073
30036
29995
29992
30096
30086
30010
30019
30070
30031
29984
30110
30053
30132
30129
29948
29991
30003
30092
30148
29853
29977
30039
29929
30099
29890
29931
30170
29986
30096
30003
30032
30041
30032
30105
29936
29819
30033
29963
30031
29949
29900
29985
30099
30078
30073
30044
29987
30171
30156
30021
30060
29951
30069
30048
30025
30066
29920
30029
30033
30007
30107
30017
29989
30124
29917
29900
30057
30095
30039
29928
29925
29985
30002
30130
30012
29854
29970
30010
30094
29989
29995
30159
30106
30035
29860
29922
30101
30179
30144
29933
29876
30039
30033
30020
29943
29908
30001
30112
30097
30097
29896
30107
30114
29945
30017
29980
30041
30180
29986
30063
30038
30056
30023
30004
29995
29956
29995
30019
30006
30004
29932
29951
30068
29923
29937
30026
29931
30064
30055
29968
30070
29821
29908
30009
30094
30151
29879
30019
30105
29957
30029
29978
30101
30131
30074
30073
29929
29968
30118
29970
30044
30049
29941
30029
30057
30046
30112
30100
30138
30001
30112
30170
30112
30057
30097
30103
30071
30078
30021
29984
30043
29956
30049
30084
30152
29976
29986
30144
30175
30158
30048
30030
30185
30228
30087
29966
30027
30123
30162
29962
29938
30127
30152
29978
29890
30002
30073
30037
30028
29950
30014
29919
29978
29970
30002
30068
30098
30018
29953
30010
29991
30173
30069
30021
30035
29942
29954
29934
30013
30086
29982
30056
29915
30044
29951
30096
30008
30108
30052
30149
29914
30112
29898
30039
29929
30023
30056
30046
29965
29977
29819
30111
30097
30070
30083
29955
30058
29967
30140
30077
29946
30054
30068
30070
29988
29943
30106
29990
30010
30006
29954
29950
30028
30210
30026
29933
30005
29964
30024
30092
29948
30015
29956
30107
30010
29908
30167
30100
29972
29981
30056
30133
29992
30113
30027
30090
30158
30080
29887
30087
30221
30141
29902
29998
30057
30161
30140
30005
29851
30186
30158
30067
29988
29910
30096
30217
30184
30064
29895
30167
30104
30033
30012
29931
30110
29998
29991
29952
29944
30088
30017
30011
29833
29973
29983
30068
30183
30063
30052
30017
30019
30003
30106
30037
29954
29927
29947
29982
29913
30017
30007
29992
30133
30018
30041
29969
30017
30209
30070
30118
30016
29958
29999
29980
30022
29932
29996
29964
29913
30066
29983
30182
30129
29919
30088
30015
30108
30073
29937
30109
30058
30080
29963
29948
30131
29920
30026
30051
29896
30026
29947
30176
29987
30004
30071
29982
29957
30050
30006
30009
29961
30061
29994
30005
29984
30016
29958
30043
30032
29970
30003
29927
30027
30052
29971
30043
29995
29943
30025
30015
29941
29918
29970
29977
29983
29996
29955
29829
30005
30013
30055
30024
29993
30020
30106
30027
29993
29881
29977
30023
30062
30024
29892
30016
29978
29882
29983
29988
30083
30089
29993
29904
29808
29998
30061
29997
29967
29870
29816
29900
30052
30087
30055
30085
29951
29940
30002
30131
29939
30035
30076
30040
30030
30030
29951
30007
30042
29921
30009
30070
30102
29942
29909
30052
30098
30100
30029
29918
30095
30179
30103
29971
29895
29996
30102
29963
29889
29994
29996
30033
29988
30015
29973
29926
29931
29877
29965
30004
30049
29977
29920
29989
30123
30104
30002
30024
30015
30062
29963
29953
29950
30013
29989
29925
29898
29960
29960
30117
30012
29870
29999
30055
29902
29970
30038
29993
29990
29845
29891
29956
29934
30022
29953
29978
29971
30007
30040
29897
29882
29987
29989
29972
29941
29941
29970
30050
29951
29971
30000
29964
30139
30096
29957
30021
29992
30216
30129
29997
29880
30029
30147
30013
29964
30061
30130
30080
29951
29988
30075
30047
30169
30011
30031
30025
29970
30063
30159
30025
30007
29885
30070
30095
30037
30128
30128
30021
30113
29989
30074
29944
30100
30076
30059
30039
29983
29872
30034
30021
30100
30044
30102
29957
30136
30081
29975
29866
29918
30052
30075
29846
29857
29882
30119
29966
30039
30006
30113
30216
30125
29947
29888
29964
30080
29935
29857
29805
30021
30035
29847
29951
29916
30075
30031
29971
30061
29934
30076
29960
29788
29999
29897
30057
30012
29817
29998
30067
29927
29947
29877
30014
30156
29859
29888
29767
30033
29908
29872
29895
29784
29940
29992
29898
29973
29813
30061
29991
29934
29997
29873
30061
29918
29829
30044
29826
30099
29966
29870
30024
29922
30073
29970
29884
30048
29789
30106
30041
29981
30087
29907
30011
29941
30059
30008
29846
29961
30036
30004
29968
29975
29932
29918
29987
30007
30016
30045
30079
30084
29930
29945
29967
29947
30052
30030
30011
29939
29959
30109
29981
29946
29947
29844
30054
30020
30109
30025
29996
30092
29956
30098
30122
30072
30057
30112
30136
29985
29967
30009
29991
30137
29947
29962
29949
30048
30009
29951
30045
29908
29966
29984
29855
29971
29890
30078
29969
29956
29960
29978
30107
30066
30027
30002
29946
29953
29837
29892
29887
29960
29981
29928
29947
29877
29959
30081
30014
30123
30057
30025
30146
30074
30000
30030
29966
30000
29938
30051
30079
29993
30124
29922
29888
30076
30090
30119
29977
30043
30059
30006
30008
29965
30068
29999
30073
29855
29858
30107
29978
30096
30030
29931
30119
30045
30109
29974
29884
30200
29987
29870
29878
29912
30117
29907
29947
30026
29947
30180
30023
29922
30154
30011
30121
29975
29935
30084
30013
30075
29885
29915
30124
29990
30002
29874
29943
30023
30108
30121
29924
29974
30144
29952
29973
29987
30132
30072
29913
29936
29959
30092
30011
29996
30010
29959
29928
30014
30140
29970
30005
30067
29963
29931
30033
30188
30165
30073
29979
29919
30022
30100
30016
30003
29951
30021
29915
29981
30041
29949
30109
30059
29892
29991
30010
30024
30053
29980
29892
29940
29904
29995
30071
30007
29869
29854
29926
30162
30093
30061
29996
29986
30031
29914
29946
30001
29949
30103
29972
29887
29968
29920
30003
30001
29912
30020
29939
30051
30028
29875
30001
29973
30035
29992
29975
29929
29939
30060
30170
29954
29941
29831
29867
30044
29949
29926
29975
30026
30016
30007
30067
30098
30116
30024
30005
29995
30020
29925
29974
29993
30047
29995
30008
30069
29897
30045
29992
29934
30109
29946
29948
29905
29755
29991
29943
30026
29979
29696
29951
29956
29912
30060
29911
30061
30068
29856
29905
29962
30066
30010
29999
29930
29864
29879
29944
30028
30116
29927
29921
29859
29985
30063
30073
30061
29905
30084
30017
30023
29964
29867
30103
30061
29996
29967
29901
30118
30020
29994
29992
29929
30001
30117
30071
30077
29952
30032
29987
29883
30014
29851
29985
29976
30004
30045
29868
29968
30173
29982
30020
29973
29977
29970
29948
30035
30001
29946
29985
29893
29874
29989
29944
30047
30154
29976
30030
29920
29948
30079
30072
30055
30006
29936
30068
29985
29991
29976
29994
30036
30070
30002
30045
30116
30172
30012
30094
30129
30048
30070
30138
30110
29992
30103
30063
30007
30169
30111
30003
29997
30047
30123
30043
30136
29940
29993
30155
29994
30028
30083
29969
30219
29934
30003
29867
29961
30200
30118
29907
29878
29949
30052
29983
30007
29888
30122
30035
30032
29899
29997
30042
30213
30001
29960
29958
30046
30126
29995
29913
30025
30024
29968
29940
29928
30109
30043
30025
29865
29903
30115
29968
30033
29906
29811
30158
29905
29961
29854
29835
30216
30015
29978
29866
29845
30181
30017
29970
29953
29757
29946
29845
29828
29901
29834
30044
29994
29829
30010
29967
30122
30018
29902
30064
30078
29957
30076
29873
30059
30006
29907
30065
29946
29907
29995
29852
30088
29987
30025
30199
29911
30050
29994
29937
30090
29928
30007
30074
29962
30097
29976
29907
29998
29948
30027
29939
29971
30047
30027
29867
29956
29823
29948
29911
29837
29959
29943
30030
30033
29904
29950
29987
30049
30156
29983
29994
29948
30048
30044
29998
29871
29995
30000
30003
29944
29871
30011
29985
30015
29915
29874
30014
30087
30128
30014
29906
30031
30093
29950
30056
30019
29988
29970
30005
30035
30057
29944
29936
30027
30064
29975
29954
29967
29951
29991
29990
30004
30015
30104
30235
29980
29982
29920
30121
30075
29928
29880
29923
30071
30021
29913
30035
29922
30023
30080
30053
30033
30018
30024
30143
29970
30032
29833
30015
29930
30009
29924
29905
30034
30040
29857
30001
29894
29979
29949
29995
30006
29877
29999
30014
29973
29979
29905
29975
30026
29979
30036
29983
30094
29912
29947
30020
30041
29909
29970
30060
29988
29791
29894
29940
30047
30018
29910
29924
30153
30062
30043
30019
30140
30188
30023
29929
29986
29993
30073
30057
29949
29956
29963
30018
30065
30003
30102
30098
30125
30095
29896
30064
30016
29955
29891
29979
30048
30060
30087
30022
29843
30017
29998
30132
30119
29960
29991
29986
30087
29975
30030
30119
29964
30024
30011
30013
30020
29995
30132
30028
30039
30016
30016
29987
29996
30000
30073
30089
30024
29905
30052
30036
30023
30024
30054
30023
30150
30094
30134
30064
30053
30159
30120
29928
30062
30022
30064
30050
30023
29989
30044
30097
30029
29967
30053
30082
30120
30137
30141
30032
30054
30119
30015
30023
30118
29872
29841
29868
30092
30036
29901
30046
29998
29966
29991
30044
30019
29929
29988
30022
29876
30002
29807
29991
30036
29903
29945
30020
30059
30105
30004
30054
29888
29952
30097
29908
29796
29824
30048
30004
29811
29944
29905
30134
29936
29932
30077
30055
30134
29934
29900
30061
29842
30032
29998
29994
30081
29924
29904
29819
29960
30049
30074
29937
29822
29936
29991
29969
30042
30007
30207
29953
29932
29983
30113
30188
30031
29987
29941
29989
30008
29906
30027
30036
30105
30139
29960
30051
29924
30124
30071
30025
29975
29924
30003
29988
30044
29999
29871
29998
29834
30075
29939
30147
30063
29959
30077
30033
30005
30109
29948
30072
29900
29934
30003
30052
29926
29834
29781
29931
29991
29953
29893
29902
29925
29981
29903
29993
29947
30075
30022
29731
29885
29974
29910
30127
29829
29890
29893
29762
30061
29980
30053
29916
29781
30095
30019
30030
30099
29864
30052
29960
30021
29981
29905
29958
29836
29890
29850
29951
30008
29974
29889
29853
29957
29979
30168
30059
30078
29977
29856
30054
30094
30017
30085
29911
30012
30020
29994
29903
29942
29972
29929
29928
29953
30027
30009
30008
29969
29957
30065
30001
30033
30051
30021
30028
29957
29906
29969
29987
30102
30060
29978
29897
30054
29971
30018
30041
30088
30033
29974
29912
30012
29943
30034
29948
30002
29908
29994
30120
30200
29960
30069
30089
29998
30142
30057
30049
30105
29950
29950
29964
29982
30093
29916
30036
29978
29885
30145
30117
30020
29920
29942
30020
30005
30022
30015
29916
29933
30145
29946
29904
29951
29963
30110
30017
29950
29960
29802
30005
29982
29922
30049
29894
30064
30015
29862
29932
29959
30287
30132
29906
29966
29884
30017
30147
30022
29981
29937
29975
29932
29913
30009
30009
30048
30027
29919
30001
30160
30058
30051
29840
29911
30023
30152
30056
29964
29956
30087
30036
29887
29885
29982
30028
30031
29949
29912
29877
29967
30087
30058
29973
29965
30020
30054
30134
30017
29963
29976
29973
30072
30042
29867
29957
29956
30046
29890
29789
29981
30021
30024
29914
29894
30105
29982
30047
30064
29992
30215
30119
29984
29955
29919
30098
30071
30008
29862
29890
30044
29934
30087
29976
30013
30111
29993
30116
30038
29965
30019
30061
30178
30010
29956
29982
30029
30067
29952
29988
30046
30051
30114
29996
29955
30015
30042
30045
29933
29917
30110
30121
29948
30090
29951
30214
30105
30047
30015
30019
30190
30076
29809
29966
29954
29981
30016
29919
29887
29993
29940
30066
29992
29961
29945
30071
30022
29907
29961
30015
29819
30005
29896
29917
29954
29861
29939
30012
29956
30019
29980
30066
30002
29948
30007
29978
29900
30006
29906
30105
29956
29824
29918
30002
30179
30075
29928
30041
30035
30040
29979
29953
30019
30037
30083
29995
30005
30073
30015
30148
30009
29900
29994
30086
30050
30023
29872
29963
30037
30062
30068
30060
29886
30069
30080
30036
29952
29986
29961
29975
29833
29894
30039
30039
29971
29997
29990
30055
29974
30099
30129
30057
30054
29973
29806
29856
29862
29975
29827
29797
29824
29799
29816
29812
29887
30062
29913
30021
30047
29980
29980
29933
30150
30123
29998
29950
29873
29965
30000
30076
29922
29903
29998
30046
30025
29875
29948
29965
30171
30034
29975
30115
30026
30165
29907
29988
29978
29944
30139
29956
29974
29946
29960
30061
29991
30163
30010
30058
30147
29874
30074
29956
30143
30004
29913
29889
29907
29928
30003
29923
30110
29969
30005
30052
30025
30001
30084
30149
30055
29928
29969
30095
29968
30084
29869
29907
30110
29966
29975
29996
29896
29911
29912
30135
30144
30055
30121
30085
30101
30044
30049
30089
30058
30048
29901
29886
29917
29932
30059
30028
29916
29905
29977
30131
30088
30071
30036
29967
30074
29945
29972
30066
29951
29973
29920
29977
29940
29886
30101
29963
30016
29858
29900
30186
30090
29915
29929
29843
30203
30069
29989
29919
29946
29984
29951
29976
30077
29944
30138
30046
29961
29916
29981
30126
30052
29893
29828
29945
30034
30036
29914
29916
30046
29938
30037
30121
30134
30014
30099
30083
29882
29954
30037
30072
30045
29999
30057
29964
30065
29957
29843
30062
29968
30030
29978
30013
30090
30045
30047
30127
30029
30055
30005
30123
29999
30004
29977
30040
30002
30022
30054
29931
29851
30149
29873
29991
29895
29984
30094
29982
29954
29969
29906
29991
29901
30043
29985
30016
29905
29855
29924
29836
29914
29936
29862
30027
30043
29973
29947
29942
30060
29993
29966
29928
29859
30208
29967
29940
29902
29954
30127
30075
29986
29955
29980
30139
30047
30031
30030
30088
30045
29969
29912
30073
30017
30078
29983
30005
30008
30152
30048
30069
29916
30144
30012
29934
29921
29944
30157
30009
29887
29977
29964
30028
30013
29901
30079
29977
30130
30010
29915
30054
29968
29906
29896
29879
29894
29960
30030
29875
30025
30015
30024
29968
29991
30058
30031
30064
29939
29818
29993
29889
30073
30004
29879
29928
29960
30070
30060
30004
29876
30101
30025
29928
29987
29862
29900
30059
29980
30090
29943
29987
30052
29929
30067
30017
30075
30007
29969
30097
29980
29844
30008
29985
30108
30061
29962
29926
30072
30161
30160
30073
29918
30058
30095
30180
30058
29803
30090
30053
29993
29968
30042
30093
30081
30114
30036
29959
29957
30055
30172
30041
29966
29912
30026
30068
29932
30004
29909
30006
29936
29912
29980
29939
30077
30008
30078
29993
29936
30036
30054
30118
29935
29966
29937
29943
30009
29950
30060
30022
30068
29829
30027
30124
30053
29983
30022
30013
30071
29995
30146
30022
30024
29999
30019
30126
30059
30033
30001
30067
30008
29933
29901
29966
29875
30048
30097
29917
29995
29993
30007
29986
29932
30062
30047
29961
30026
29878
29910
29857
30030
30104
30014
29814
29772
29926
30027
30007
29953
29884
29964
30012
30001
29990
30012
30045
30102
29927
29889
29967
29858
30039
30078
29903
30031
29936
29922
30010
30097
30183
29917
30036
30076
29861
29967
30010
30030
30050
29986
29954
29918
29960
30055
30054
29986
29966
30077
30062
30011
29963
29898
29962
29856
29863
29963
30001
29951
29983
29828
29900
30018
30029
30149
29937
29940
30066
30008
30016
30029
30027
29963
30032
30050
29979
29999
30128
30021
30064
30008
30090
30114
30128
30048
30089
30102
30042
30106
30112
30073
30106
29966
30057
30067
30030
30039
30107
30108
30042
29984
30031
30000
29948
30053
30057
29960
30035
29924
29972
30003
29886
29966
30115
30030
29922
29944
30142
30052
29890
29946
29947
30023
30114
29942
29938
29972
29919
30020
29939
29950
30021
29936
30133
29952
29826
30022
30042
30147
29972
29741
29901
29824
29998
30106
29941
29838
29863
29796
29898
29981
30062
30023
30025
29960
29983
29862
29991
29893
29981
29963
29885
29896
29941
29888
30040
29958
29991
29962
30046
30118
29875
29965
29938
30010
30060
29970
30051
29879
29923
29995
29925
29963
29936
29852
29965
29883
29857
29924
29967
29990
30008
30039
30033
29983
29970
30082
30011
29972
30037
29948
29988
30020
30052
30052
29970
30038
29958
30039
30165
29941
30041
29975
30092
30019
29874
29950
29848
30101
30031
29964
29956
29880
30005
29972
30057
29913
29968
29978
29928
30006
29972
30025
29890
29825
30003
29889
30043
29847
29934
30061
29897
30010
29978
29999
30006
29932
29957
29936
29917
30039
29955
29971
29881
29932
29975
29860
29911
29811
29811
29985
29989
29878
29814
29900
29851
29929
29817
29860
30009
30012
29971
29774
29730
29890
29857
29925
29824
29848
29839
29715
29801
29778
29820
29872
29822
29922
29891
29891
29934
29933
29974
29972
29871
29916
29934
29907
30035
29936
30061
29987
29864
29990
30014
30052
29959
29770
29968
30010
30058
30001
29946
30053
30078
30091
30029
29996
29988
30186
30190
29997
29968
30006
30116
30004
30034
30052
30087
30129
30091
30065
29937
30027
30030
29933
30082
30017
30042
30064
29994
30103
29995
30127
30106
30075
30051
30009
29943
29974
30017
30058
29897
29944
29914
29940
30016
30072
30103
30007
30128
30000
30011
30091
30009
30068
30010
29908
30110
29964
29983
29841
30011
30030
30018
30148
30058
29871
30042
29968
30058
29963
30052
30045
30031
29972
29963
29876
30021
29957
30021
30020
30010
29880
29952
30115
29971
29888
29942
29980
29986
29999
29936
29920
30018
30061
30060
30001
29987
29995
29897
30003
29907
29911
30094
30015
29997
30078
29958
30043
29889
30033
30077
30032
30083
30044
30136
30090
29926
30024
30031
30108
30131
29898
29874
29901
30014
29953
30067
30078
30085
29978
29925
30074
30149
30217
30105
29895
29966
30008
30137
29996
29843
30022
30022
30043
29890
29985
29963
30109
30116
29914
29901
30036
30030
30197
29901
29941
29830
30039
30049
29927
29938
29978
29904
30137
29791
29994
29884
29983
30086
29899
29933
29957
29808
30104
29963
30163
29959
29795
30101
29876
29995
29986
29819
30124
30017
30070
29894
29829
30098
29996
30095
29905
29792
30110
30028
30165
30011
29801
30026
29954
30011
29936
29848
29988
29984
29952
29859
29940
30083
29914
30083
30017
29970
30080
30132
30114
29957
29960
30050
30009
30031
29991
30009
30054
29931
29976
29953
30041
29964
30084
30083
30041
29987
30042
30217
30038
30011
30077
29955
30000
30007
30075
30072
29900
29927
29925
29971
29972
29918
30021
30067
30171
29978
29842
30053
29899
30162
29996
29945
30028
29975
29950
29886
29879
30123
29896
30060
29891
29929
30042
29930
30115
30157
30012
30069
29905
30098
30000
29970
30008
29933
30000
29898
30000
29907
29974
30096
30191
30006
29941
29997
30097
30071
30020
29824
29875
30030
29849
29943
29976
29941
29920
29978
30001
30016
30001
30116
30146
29949
30027
29872
29990
29984
29882
30037
29904
29989
30030
29856
29963
29897
29894
30038
30001
29913
30020
29938
29851
29871
29810
29989
30024
29851
29984
29838
29979
29927
29915
30142
30034
30102
29981
29902
30082
29996
30077
30040
29881
30088
30073
29952
29935
29907
30147
30095
29923
29978
29892
30116
30051
29991
30058
29937
30094
29998
29936
30066
30058
30041
30061
29956
29987
29958
30073
30070
29905
29933
29918
30002
30114
29890
30036
29993
29893
29989
29925
29991
30055
30054
30053
29824
30022
29969
30140
30040
29957
30110
30051
30023
29921
29825
30095
30070
30122
29986
29951
30035
29976
30070
30002
29823
30081
30021
29908
29919
29953
30070
29999
30085
29929
29898
30083
30117
30194
29997
29926
29971
29913
29911
29761
29950
29966
30021
29996
29819
30039
29956
30020
30139
30018
30114
29974
29959
30130
29884
30098
29844
29977
30037
30055
30092
29938
30017
30181
29932
30045
29912
30038
30079
30078
29947
29933
29995
30018
29993
30055
30090
30143
30099
30020
30026
30132
30214
29992
30012
29971
30016
30002
29944
29962
30087
30124
30117
30050
29972
30163
30183
30107
30020
30002
30043
30086
30094
30111
29935
30049
30078
30013
30095
29994
29931
30197
29985
30005
30013
29920
30061
30079
30226
30113
29977
30152
30140
30144
30072
29985
30113
30107
30077
30083
29946
30076
30054
30176
30161
30047
30059
30094
30069
30074
29978
30043
29994
30015
30101
30033
30076
30171
30164
30033
30006
30076
30115
30072
30114
29947
30039
30008
30024
30039
30036
30028
29991
30158
30099
29973
30109
30091
30221
30095
29948
30142
30111
30183
29951
30031
30096
30174
30169
30066
30004
30017
29958
30029
30095
30108
30073
30026
30109
30102
30064
30010
30123
30049
30100
30051
29990
29904
30093
30184
30069
29968
29853
30012
30091
30051
30122
29893
30096
29954
29993
30070
30047
30117
30043
29964
30003
29943
30011
29948
29990
29989
29901
29761
29827
29981
29982
29927
29907
29859
30118
29933
30011
30019
30027
30118
29984
29933
30045
29875
30114
29956
29971
29964
29940
29972
30028
29978
30131
29869
30146
30076
29958
29967
29870
29976
30037
29907
29922
29846
30070
30076
29947
30074
29953
30084
30141
30009
29928
29893
30122
30052
29974
29995
29895
30057
29872
29958
30030
30077
30148
29928
30069
30138
30009
30153
29980
30041
29995
30064
30052
29857
30109
30032
30033
29935
30012
30125
30042
30028
29929
29915
30097
29994
30002
29995
30049
29921
29932
29949
30003
30063
30073
29955
29928
30003
30011
30078
30090
29951
30006
29985
29913
29887
29892
30027
30041
29885
29878
29983
29816
29937
29969
29880
30102
29897
29831
29921
29998
30080
29975
29830
30059
29921
30067
29945
29875
29954
29982
29959
29994
29931
30079
29981
30119
30073
30062
29976
30162
29996
30093
29940
29990
30027
30105
30163
30066
29949
29957
30025
30140
30108
30018
29884
30070
30078
30032
29861
29916
29987
30014
30162
29918
29962
30067
29994
30079
30011
30099
30010
30049
30028
29813
30000
30048
29951
30016
29839
29991
30027
30017
30055
29909
30040
30086
30008
30080
29880
29968
29961
29899
30134
29953
30028
30024
29800
30046
29880
30033
29925
29823
30187
29871
30038
30019
29842
30001
29878
30152
30026
29890
30007
29778
30021
30081
30066
30026
29918
30032
30011
30032
30052
29978
30066
30177
30007
29865
30006
30066
30041
30105
29916
29844
30087
30004
30108
29982
29973
30185
30020
30009
30067
29859
30113
30033
29973
29876
29853
30033
30081
29930
30024
29954
29971
29955
30013
29999
30050
30044
30149
30052
29894
30075
30065
30111
29911
29944
29915
29968
29997
29903
29842
29928
29887
29902
29863
29990
30051
30110
30019
30056
30053
30056
30028
29989
30041
30065
29966
29991
29909
30007
29938
30019
30103
29930
30030
29923
30012
30028
29965
29958
29846
29857
29903
30053
29965
29854
30030
29987
30027
29901
30007
30151
29921
29958
29824
29885
30067
29794
30046
29888
30027
30038
30037
30041
29979
30116
30130
29896
30031
29854
30040
29998
29967
30100
29933
30073
29986
29992
30152
30097
30176
30100
29994
30039
29985
30097
29970
29976
29962
30079
29946
29938
30024
30005
30006
30086
29950
29981
29904
30018
30162
30059
29941
29965
30029
29892
30013
30011
29877
29970
29887
29963
29883
29922
29903
29868
29959
29962
29881
29949
29998
30051
30061
29971
29881
29932
29997
29999
30038
30097
30029
29924
29991
30038
29963
29947
29896
30052
30132
30029
29926
29836
30025
30117
30128
29915
29869
30027
30045
30017
29907
29795
30021
30007
30005
29901
29865
29782
29924
29974
29853
29913
29919
29811
30042
29946
29944
29926
30032
30121
29977
30034
29972
29863
29946
29975
30082
29943
29992
29988
29839
29922
29832
29910
30037
29940
30034
29994
29991
29992
30073
30057
29908
29886
29850
30059
29958
30020
29991
29957
30012
30043
30018
29970
29928
30015
30079
29966
30028
29900
30009
30042
29969
29942
29877
30059
30057
30157
30060
29936
30073
30104
30083
29956
30045
30097
30084
30104
30003
29942
30108
29947
30010
30054
29958
29879
29940
29986
29940
29978
29921
29870
30012
30018
30058
30065
30081
30062
30097
30126
30117
29931
30003
29995
29994
30103
29890
29861
29938
30028
30076
29798
29870
29761
29935
29977
29936
30006
29908
29940
30060
29876
30040
29905
30047
30101
29914
30060
29976
29874
30113
29881
30015
29882
29999
30010
30008
29982
29933
29958
29969
30030
30060
29925
29957
29952
30095
30107
30139
29987
30050
30038
30008
29969
29980
29978
30100
30000
30074
29985
30037
30146
30077
29951
30011
30172
30148
30002
30107
29961
30112
30089
30069
29949
29979
30086
30074
30008
30091
29949
30017
30035
30045
30051
30185
30097
29939
30004
30001
30140
30066
30011
30036
30052
29961
29943
29949
30121
29919
30110
29933
29886
30095
30029
30092
30035
29906
30046
30078
30025
30009
29834
30090
30009
29945
29911
29889
30042
29938
29944
30056
29960
30190
29997
30001
30028
30083
30114
29950
29964
30068
29927
30148
29920
29815
29908
29881
30048
29998
29879
29981
29926
30046
30053
29965
30107
30047
30008
30103
29952
30074
29920
30086
30134
29918
29926
29960
29945
30163
29996
29912
29984
30100
30048
29997
29981
30063
30011
30088
30019
29964
30124
30013
29902
30035
29889
30016
30013
29984
30006
29839
30096
30111
30079
29976
29851
29893
29927
30032
30102
29823
29927
29865
29897
30057
29992
29939
30038
29968
30049
29967
30111
29939
29974
30132
29889
29993
30022
29955
30024
29987
29973
30023
29978
30134
30009
29973
29991
30030
30087
29922
29787
29813
29900
30046
30007
29977
29980
29822
30033
30099
30057
30010
30066
30187
29995
29978
29881
29934
30074
29944
29958
29937
30071
30052
29866
29917
29912
29996
30078
29977
29889
29943
30054
30138
29909
29927
30018
30018
30077
29850
29991
30044
29914
30057
29982
29992
29937
29761
30010
29868
30032
29837
29826
29970
29871
29912
29933
29980
30058
30079
30106
29983
29928
30010
30097
30109
30011
30078
29991
29951
30053
30038
30068
30067
30007
30046
30056
30107
30031
29996
30111
30163
29942
29897
30017
29959
30089
29979
29921
30129
30086
30113
29995
29915
30112
30196
30157
29893
29901
30151
29992
30059
29850
29837
29970
30023
30025
29780
29908
30016
30048
30034
29964
30081
30118
30139
30213
30040
29996
30074
29966
30058
30005
30002
29953
29942
29987
29956
29830
30055
30071
29952
30134
29883
29906
29994
29971
30216
29968
29914
30051
29861
30107
29992
29974
30053
29866
30069
29912
29941
29879
29844
30158
29986
29892
29832
29901
30190
29979
30061
29984
29907
29974
29863
29918
29910
29905
29986
29868
29950
29907
30006
30007
29976
30105
30043
30018
29944
29856
30078
30043
30037
29929
29935
29910
29968
30098
30088
29960
29984
29946
30009
30104
30106
29999
30003
30027
30004
29945
29921
30132
30113
30184
30028
29933
30065
30022
30193
30143
29963
29998
30034
30090
30029
29953
30050
30078
30045
30071
29929
29972
30140
30081
30129
30100
29945
30041
30033
30072
29970
29936
30048
30052
29956
29922
29965
30027
29923
30114
30028
30036
30082
29946
30072
30076
29924
29958
29954
29984
29934
29908
30070
29983
30020
29951
29797
30011
30127
30093
30069
30059
30079
30020
29941
29953
29980
30140
30175
30019
29891
29956
30030
30022
29915
29926
30027
30139
30076
30085
30003
30108
30122
30003
30060
29944
30041
30087
30132
29992
29998
30141
30105
29922
29981
30021
30192
29995
30063
29921
30022
30075
29974
29902
29987
29988
30184
29945
29991
29991
30025
30134
29965
29910
29906
30080
30054
29971
30035
30015
30091
29980
30069
30084
30162
30039
30005
30004
30119
30056
30123
30033
30087
29975
30078
30093
30055
29982
30067
30105
30151
30096
30057
30047
30161
30010
30001
30056
30064
30019
30057
30030
30106
29963
30069
30003
29912
29999
30077
29903
30008
29943
30119
30138
29835
29949
29818
29993
30098
29991
29990
30003
30031
30132
30053
30094
30033
30015
30032
29959
30005
30088
29985
30128
30046
29968
30043
30098
30026
30106
30078
30131
30107
30022
30096
30079
30103
30168
30042
30017
30204
30037
30029
30069
29958
29894
29940
30127
30088
29943
29939
29799
29949
29917
30116
29988
29884
30112
29989
30007
30090
29951
30182
30110
30099
29859
29826
29970
29943
30169
29937
29911
29945
29966
29950
29930
30038
29973
30108
30052
29902
29994
29904
30074
30012
30091
30043
29864
30048
29982
29968
30097
29898
30033
30000
29987
30036
29927
30089
29890
30077
30040
30008
30090
30082
30002
30113
30026
30070
29945
30086
30161
29982
30039
30115
30014
30118
29993
30048
29956
30137
29977
30036
30085
30131
29980
29922
30047
30083
30147
30050
29954
29994
30054
30113
30048
29816
29970
30003
29946
29973
29930
29961
30102
29883
29983
30015
30008
29972
29974
29977
29920
29996
29947
29875
30098
29933
29865
29887
29875
29980
30042
29959
29828
29953
29968
29985
30082
30003
29991
30027
29949
30040
29895
30017
29968
29929
29896
29843
29903
29934
29819
30038
29940
29914
30005
30019
30049
30070
30020
30131
29898
29904
29986
29906
30111
29992
29944
29965
29876
29921
29947
29982
30047
30050
29955
30043
29964
30099
30207
30005
30013
30051
30083
30070
29931
30092
29975
30011
30054
30055
30048
30091
30092
30037
30028
30132
30038
30002
30078
30034
30053
29985
30083
30067
30050
30036
30038
29988
30046
30015
29973
30196
30054
30013
30003
30068
30069
29983
30052
29967
30001
30048
29978
30032
30021
30073
29980
29940
30073
29809
30014
29935
29952
30106
29975
30089
29978
30012
30061
29940
29999
29895
30008
30037
29929
29859
29839
29965
29974
29954
29981
29884
30033
29992
30024
29848
29807
30065
29955
29891
29902
29898
30063
29861
30008
29894
30037
30016
29919
29997
29866
29962
30030
29843
29968
29904
29945
29941
29922
29945
29867
30095
30111
29909
29853
29996
30128
30053
29882
29911
29916
30028
29955
30004
29867
29952
29973
29978
30005
30037
29966
30070
30017
30026
30055
30189
30057
29958
30160
30043
29900
29950
30059
30064
29984
30030
30014
29975
29970
29947
29948
30046
30055
29972
30025
30023
29901
29940
30007
30050
30050
29964
30009
29816
29932
30083
30095
29996
29819
29855
30037
29945
29833
29940
30010
30087
29947
29951
30096
30057
30183
30028
29951
30078
29912
30178
30076
30009
30055
30063
29992
30035
30080
30094
30054
29983
29918
29999
30126
30113
30035
30154
30005
29924
30060
30057
30077
29986
29941
30068
29967
29948
29984
29959
30129
30115
29949
29939
29914
29987
30059
30028
30058
30059
29988
30000
29906
29928
30069
30174
30084
29882
29980
30037
30012
30006
29956
29984
30206
30098
29944
29905
30113
30122
30114
30044
29966
30110
30209
30127
30030
30023
30217
30040
30041
29905
30016
30170
30164
30134
29984
29992
30135
30119
30073
30068
30025
30075
30000
29986
30110
29978
30187
30022
29859
30035
29994
30152
30195
29871
29972
29880
30225
30133
29862
30062
29909
30035
29965
29906
30059
29799
29976
29927
29858
29946
29873
30168
30061
29906
29978
30046
30121
30080
29942
30054
30010
29926
29852
29969
30140
30006
29915
29906
30008
30066
29965
30051
29984
30129
30150
30102
29960
29946
30055
30108
30025
29860
29955
30192
29991
30044
29871
30013
30125
29929
29986
30020
30057
29975
29796
30027
30018
30037
30075
29896
29887
29945
29997
30140
29963
30115
30131
29913
29937
29826
29926
30137
30008
30017
29841
29938
29929
29937
30173
29939
29965
30066
29860
30113
30009
30169
29966
29772
29980
29923
29869
29936
29780
29989
30037
30015
30010
29908
30045
30113
30114
30023
29981
30025
30139
30137
30103
29956
29973
30068
30077
29930
30048
30000
30081
30048
30032
30027
30126
30124
30101
30040
30134
30171
30162
30056
30115
30031
30053
29896
29958
29926
30046
30091
30116
29968
29935
30090
30089
30084
30177
30067
30101
30016
30089
30001
29907
30065
30012
29901
30042
30025
29975
29919
30012
30179
30105
30091
30056
29924
30168
30071
29996
29992
29954
30001
30024
30047
30015
29906
30135
30128
29928
29983
29969
30067
30082
30102
29919
30000
29988
30166
29996
30040
29964
29932
29991
30001
29942
30025
29981
30036
29901
29968
29987
29899
30107
29993
29985
29861
30057
30120
29892
30094
30030
29984
30111
30029
30055
29897
30107
30004
29838
30002
29926
29991
30077
29933
29955
29947
30077
30085
30021
30034
30149
29973
30114
30103
30089
30030
30040
29945
30000
30012
30096
29856
29958
29915
29978
30147
29997
29929
30158
30043
30104
30087
30077
29986
29978
30152
30129
29980
30061
29912
29966
30103
30039
29958
30062
30025
30099
30030
30005
30026
29948
30173
30020
29881
29950
30045
29926
30038
29997
29872
29973
29927
29974
30024
30004
30132
29800
29786
29935
29811
30029
29803
29894
30055
29835
29919
29865
30000
30064
29999
30032
29895
29891
29980
30033
30005
29867
29841
29843
30049
29954
30060
29905
29936
30119
30040
30019
30028
29863
30166
29973
29987
29912
29903
30067
29997
29923
29962
29856
30064
29853
29997
30037
30065
30016
30035
30003
30012
29971
30151
29978
30019
30044
29944
30005
30087
30076
30021
30057
30102
29933
30032
29978
30048
30118
29995
29935
29858
29990
30078
29882
30008
29904
29959
29991
29960
30014
30014
30054
30073
29820
29915
30046
30114
30130
29925
29889
30103
30024
29995
29879
29846
30021
29981
29925
29939
29844
30061
29977
29796
29861
29857
29970
30039
29946
29946
29898
30080
30089
29961
30017
30012
30119
30014
29899
29956
30002
30075
29963
30071
29957
30086
30124
29926
29922
29975
30070
30177
30001
29950
29889
30037
29980
30049
29995
30121
30098
30010
30037
29937
29889
30073
30123
30195
29932
29964
30011
29977
30156
30004
29875
29990
30008
29997
30024
29962
30017
29989
29989
30016
29935
29942
30095
30033
30025
29809
30051
30110
29943
30034
29834
29942
30122
29885
30118
29848
29969
30011
29988
30193
30008
29906
30017
29903
29987
30036
30021
30021
29988
29969
30020
29901
29915
30055
30122
30083
29889
29984
30031
30124
29995
29822
29836
29958
29925
30065
30039
30032
29916
29947
30032
30067
29996
30041
30048
29984
29899
30003
30099
30050
29953
30038
30000
30012
29990
30093
30089
30115
30054
29836
30001
30033
29957
30018
29777
29985
29942
30003
29961
29912
29997
30063
29988
30079
30014
30058
30011
29948
29837
29964
29874
29969
29969
29911
30031
29994
29948
29927
29971
30186
30033
30035
30062
30049
29994
30046
30029
30043
29883
29896
30097
30054
30038
29909
29947
30210
29973
29902
29984
29927
30106
30063
29998
29955
29908
30029
30005
29943
30007
30091
30111
29913
29847
29992
30180
30093
30018
30012
29952
30037
29908
29955
30010
29996
30037
29920
29975
30106
30002
30054
29909
29954
30204
30150
29966
29905
29980
30067
30022
29934
29939
30036
30082
30055
29989
29919
30073
30110
30041
29993
29781
30027
30121
30002
29908
29794
30058
29927
29995
29956
29949
30051
30049
30070
30060
29991
30038
29931
29983
29880
29996
30094
30040
29922
29955
29971
29980
29918
30011
29983
30053
30090
29961
30045
30166
30020
29890
29900
29983
30085
29964
30033
29771
29990
30011
29926
30002
29998
29826
30166
30011
30127
29949
29979
30195
29999
29987
29997
29891
30014
30076
30052
29938
29981
29985
29851
29982
29908
29957
30060
29936
30108
29959
29872
29950
29956
30195
30051
29894
29940
29988
29960
30015
30075
30121
29949
30010
30122
29952
30016
30016
30055
30068
30016
29960
29895
30009
30081
30043
29949
29996
29975
30072
30074
30080
30036
29985
30001
30067
30151
30072
29967
29972
29976
30060
29993
30031
30054
30155
30051
29890
30035
30062
30005
30079
29873
30014
29961
30006
30038
29898
30038
29985
29997
30070
29941
30026
30023
29987
30064
29989
29981
30072
29938
30068
29930
30006
30057
29909
30127
30001
30010
29957
29816
30031
30023
29938
29931
29955
29945
29896
29993
30123
30061
29990
30001
30006
30080
29973
30037
30029
29986
30078
30037
30011
29987
29974
30019
30029
30106
30081
30008
30041
29947
30041
30129
30062
30092
30110
30115
30100
29992
30106
29980
30125
30010
29964
30030
30097
30117
29925
29854
30002
29941
30107
29941
29915
30064
29920
29930
29953
30042
30072
30117
30187
29992
29920
30076
30116
30087
30016
29976
29916
29877
29874
29907
29869
29915
29899
29913
30033
30049
30065
30055
29957
30024
30059
30138
30019
29962
29998
30054
30054
30011
29950
29970
30039
30035
29933
29911
29962
30081
30057
29875
29853
29902
29990
30195
30007
29888
30019
30076
30110
30018
30023
30116
29972
30045
29913
29848
30044
29983
30189
30008
29821
30015
29913
30071
30008
29949
29986
30029
29950
29933
29942
30017
29946
30010
30066
30007
29916
30007
30043
30184
30064
29882
29903
29858
30114
30139
29900
30026
29861
30043
30020
29870
29994
29986
30138
30037
30011
29924
29957
30098
30026
29938
29993
29983
30002
29962
29981
29991
30023
29931
29975
29961
29970
30078
30057
29959
30074
29971
29953
30067
30113
29989
29948
30011
30015
30073
30083
29966
29958
29996
29827
29961
29963
30136
30099
29831
29946
29976
30200
30225
30026
30083
29997
30073
30086
30037
30017
29980
30064
29900
29865
29855
29855
30066
29966
29993
29965
29905
30053
30144
30035
30015
30070
30145
29952
30073
30082
29983
30017
29926
29928
30001
30099
30022
29834
30022
30017
30067
30054
30019
30045
30019
30080
29870
29842
30013
29956
30065
29974
29931
29977
30019
30155
30016
29960
30080
29970
29982
29909
30022
30049
29948
30043
29892
29857
29899
29985
30022
30091
29951
29972
29882
29994
30006
30009
30017
30048
30011
30020
29855
30009
30139
30157
29857
29939
29907
29965
29959
29984
29916
30044
29854
29998
29881
29907
30028
30069
29951
29835
29808
30015
30040
30130
29899
29784
29986
29841
29988
30082
30029
30047
29919
30084
29989
30053
29946
29990
30072
30025
29939
29995
30093
30168
29980
29992
29914
30121
30076
30070
29894
30023
30028
29971
29959
29967
29987
30017
30134
30036
29877
29983
30083
30110
29956
29845
29992
30001
30019
29950
30012
29943
29949
29981
30036
29935
29999
29932
29888
29966
29880
29904
30114
29927
30044
29896
30063
29947
30064
30085
30004
29868
29898
29879
29974
29958
30053
29941
30046
29852
29945
29974
30167
30176
30017
29986
29932
29993
30163
30020
29997
29918
29991
29964
29943
29973
30025
29969
30070
29928
29881
30073
30011
30163
29897
29905
30055
30103
30112
30059
29978
30060
29860
30027
29996
30106
30131
29904
29924
30004
29979
30065
30001
30004
30056
30123
30121
29962
30030
30126
29997
30143
29962
30003
30073
30080
30102
29923
29995
30027
29951
30155
30069
30014
30076
30043
30118
30075
30107
30000
30015
30138
30088
30172
30116
30052
30067
30043
30085
30009
30105
30093
30141
30115
30000
30026
30130
30111
30148
30090
30088
29962
30016
30035
30127
30018
29905
29989
30012
29986
30046
29967
30217
30046
29900
30028
29967
29927
30022
29964
29978
29932
29960
30012
29876
29873
29992
30050
30157
29863
29871
30040
29931
29972
29877
29908
30157
29955
29949
29897
30019
30037
30147
30021
29975
30061
30168
29905
30009
30076
30116
30032
30043
29915
30012
29937
29998
29979
29991
30118
30006
29979
30111
29931
30098
30021
30099
30022
30042
30131
29958
29999
30021
30025
30060
30010
30045
29866
30016
30074
30037
29938
29947
30034
29998
30082
30032
29947
30132
30123
30145
30083
30002
30058
30030
29967
29968
29984
30029
30060
29861
29838
30066
29988
30088
30051
29976
30097
30122
30149
30060
29874
30125
29994
29966
30059
29863
29934
29888
30004
30067
29879
30014
29859
29973
30066
30029
30119
30022
30078
30118
29824
30038
29974
30038
30159
29830
29914
29840
29956
30039
29931
29998
30073
30013
30125
30083
30091
29971
30150
30098
29958
29883
29946
29909
30024
29975
29914
29944
29991
29942
30042
30011
30067
30101
30066
30101
29944
30034
30087
30018
30039
29970
29910
30037
30015
29965
29996
30024
30082
30065
30017
30033
29807
29993
29992
29985
30034
29919
30008
30161
29949
30117
30091
30053
30131
30053
30058
29959
29962
30069
29876
30008
29901
29966
29946
29865
30111
30034
30170
29989
29930
30168
30019
30095
29970
29990
30108
29898
29940
29954
30092
30014
29981
30041
29927
29902
29999
29956
30021
30033
30035
29973
29999
29961
30062
29987
30014
30053
29874
29982
29877
29992
30132
29991
30029
29947
30062
30116
30003
30035
29900
30037
30136
29978
29872
29884
30007
30061
30006
29956
29985
30061
30050
29988
29910
30104
30023
30101
30007
29887
30097
29922
30103
29991
29910
30176
30033
30084
29890
29925
30002
29974
30171
29969
29799
29942
29815
29990
29972
29920
29910
29921
29994
29937
29981
29995
29998
30082
30033
29981
29899
29915
30087
29991
29968
29803
29757
29930
29893
30070
29947
29806
30012
29876
29974
30047
29996
30170
30055
30036
30013
29909
30007
30013
29968
30084
29960
29941
29984
29875
29998
30039
29996
30100
29914
30073
30063
30018
30146
29982
29943
29916
29904
30046
29948
30150
30105
29985
30038
29971
29957
30065
30020
30017
30042
29978
30006
29919
29999
30120
29992
30098
29917
30008
30061
30075
30004
29954
29953
30059
29923
29972
29981
29971
30087
29980
29966
29928
30007
30073
29933
29868
29884
29949
30030
29822
29951
29972
29992
29986
30003
30071
30087
29981
30047
29852
29988
29999
29937
30062
29971
30083
30065
29913
30129
30072
30040
30048
29966
30070
30150
30129
30084
29934
30070
29979
29962
30113
30112
30071
29996
29983
30015
29973
30171
30025
29969
29984
30047
30097
30133
30162
30051
30040
30018
29926
30146
30118
30013
30095
30023
29973
30090
30115
30126
29953
30083
30103
30033
30163
30023
29914
29948
29819
29930
29967
29906
29939
29913
30061
30063
30041
30122
30035
30154
30104
30054
29974
29896
30109
30094
30126
30049
29953
30007
30058
30028
29981
30104
30014
30075
30018
30066
30112
30049
30133
30022
30191
30158
30053
30088
29956
30249
30041
29950
30007
29964
30039
30021
30001
30055
29858
30002
29945
30010
29958
30098
29933
29988
29908
29966
29977
30138
29947
30014
29863
30001
29954
29981
30101
30041
29997
30020
29887
30095
29931
30136
30066
29965
30025
30013
30074
29974
30087
30174
29977
30000
29943
29957
30133
30040
29946
29893
30108
30152
30001
29943
30023
30034
30159
30095
30065
29881
30074
30142
30103
30012
29983
30076
30086
30115
29935
30016
30292
30128
29915
29947
30021
30140
30070
30043
29987
30025
30109
30058
30067
30009
30017
30180
30055
30037
30035
29957
30040
29955
30081
29999
30084
30022
29834
29939
30049
30154
30038
29934
30005
29964
30000
29989
29983
29876
29869
29920
29869
30018
29886
29865
30115
29827
29987
29915
30015
30129
29984
30067
29898
29866
30000
29797
29889
29849
29849
29877
29894
29892
29880
29938
30046
30005
29889
