28728
28703
28682
28759
28645
28652
28634
28634
28671
28730
28666
28734
28566
28592
28701
28786
28767
28592
28689
28562
28819
28756
28522
28677
28706
28983
28968
28631
28562
28617
28736
28809
28792
28671
28693
28717
28726
28713
28599
28681
28725
28684
28834
28578
28627
28535
28601
28928
28723
28707
28575
28675
28910
28589
28617
28486
28761
29010
28654
28581
28571
28843
28982
28644
28668
28650
28753
28801
28715
28694
28756
28740
28732
28703
28775
28668
28591
28740
28823
28979
28733
28495
28673
28693
28894
28724
28613
28666
28686
28972
28720
28596
28711
28614
28880
28755
28563
28673
28642
28778
28680
28677
28695
28715
28826
28685
28674
28764
28613
28801
28544
28717
28761
28830
28876
28588
28687
28851
28776
28574
28652
28727
28895
28714
28625
28809
28871
28843
28616
28719
28848
28928
28828
28753
28595
28811
28735
28759
28757
28747
28808
28733
28758
28819
28815
28829
28730
28814
28836
28731
28725
28561
28708
28805
28735
28790
28671
28804
28713
28666
28743
28788
28836
28754
28551
28598
28644
28687
28716
28693
28667
28838
28747
28704
28748
28645
28762
28857
28690
28847
28587
28643
28631
28701
28901
28682
28836
28723
28641
28745
28614
28731
28699
28745
28775
28728
28627
28537
28745
28667
28768
28682
28674
28817
28737
28651
28649
28729
28848
28671
28682
28690
28702
28711
28685
28690
28680
28939
28869
28609
28786
28781
28787
28829
28720
28666
28794
28745
28699
28745
28630
28746
28727
28695
28724
28646
28740
28689
28646
28824
28713
28850
28683
28595
28661
28737
28868
28779
28634
28683
28762
28781
28676
28740
28672
28799
28838
28700
28625
28727
28700
28830
28768
28697
28731
28686
28742
28721
28738
28686
28750
28670
28821
28667
28641
28667
28683
28927
28792
28743
28650
28627
28828
28751
28848
28687
28718
28867
28687
28821
28670
28814
28899
28763
28835
28669
28812
28868
28673
28845
28847
28927
28779
28614
28921
28790
28915
28710
28588
28834
28931
28722
28651
28690
28924
29075
28744
28645
28818
28788
28951
28778
28597
28776
28757
28898
28742
28545
28779
28712
28876
28814
28690
28754
28650
28796
28633
28714
28804
28638
28867
28715
28565
28718
28628
28807
28763
28817
28812
28627
28704
28737
28702
28766
28667
28789
28772
28745
28754
28647
28843
28630
28844
28757
28798
29035
28728
28593
28656
28635
28884
28750
28717
28781
28659
28754
28606
28782
28807
28658
28732
28700
28684
28747
28543
28794
28739
28868
28816
28666
28765
28672
28752
28564
28655
28818
28714
28656
28572
28722
28774
28770
28634
28802
28772
28611
28580
28696
28831
28902
28717
28731
28719
28840
28876
28734
28644
28774
28840
28806
28704
28571
28718
28735
28939
28814
28616
28686
28779
28828
28743
28741
28636
28616
28714
28753
28755
28777
28660
28692
28717
28629
28696
28781
28746
28693
28755
28781
28833
28789
28519
28689
28967
28833
28755
28625
28667
28921
28658
28778
28734
28828
28949
28588
28657
28708
28839
28756
28561
28699
28818
28779
28725
28534
28770
28872
28638
28667
28707
28720
28797
28628
28641
28753
28815
28771
28676
28800
28768
28849
28749
28661
28880
28800
28612
28798
28747
28809
28861
28788
28884
28772
28805
28717
28790
28867
28818
28744
28768
28730
28839
28652
28664
28660
28796
28811
28801
28599
28698
28767
28698
28819
28648
28693
28650
28707
28797
28549
28779
28725
28709
28758
28664
28889
28825
28824
28781
28637
28760
28776
28804
28656
28653
28922
28851
28789
28583
28805
28993
28791
28686
28529
28794
28955
28586
28726
28750
28754
28830
28706
28769
28687
28807
28750
28603
28710
28731
28741
28657
28696
28719
28769
28836
28746
28772
28741
28674
28654
28730
28716
28707
28869
28837
28824
28725
28774
28989
28702
28653
28646
28645
28877
28730
28644
28763
28562
28795
28703
28664
28893
28615
28686
28634
28648
28841
28660
28780
28744
28703
28754
28760
28845
28587
28700
28827
28797
28788
28618
28626
28869
29086
28828
28518
28653
28911
29037
28714
28520
28644
28857
28948
28904
28661
28601
28899
28846
28878
28593
28653
28805
28788
28935
28694
28569
28861
28872
29002
28662
28689
28725
28710
28876
28680
28601
28678
28673
28881
28935
28679
28672
28771
28913
28928
28665
28665
28689
28816
28938
28648
28766
28735
28757
28872
28545
28752
28733
28852
28946
28645
28666
28588
28799
28913
28664
28738
28812
28854
28903
28706
28718
28650
28867
28781
28750
28833
28745
28859
28791
28596
28839
28725
28905
28846
28606
28790
28615
28881
28717
28552
28758
28704
28913
28743
28612
28788
28646
28811
28686
28601
28821
28756
28723
28674
28617
28817
28772
28725
28648
28751
28865
28814
28881
28789
28832
28801
28665
28751
28768
28819
28785
28665
28935
28863
28765
28635
28667
28808
28898
28782
28495
28562
28726
28910
28854
28591
28547
28708
28976
28831
28562
28540
28638
28949
28902
28603
28633
28673
28903
28833
28642
28656
28670
28726
28731
28681
28759
28687
28713
28786
28775
28858
28769
28788
28769
28798
28730
28710
28725
28674
28748
28683
28835
28841
28838
28906
28567
28821
28942
28737
28818
28694
28748
28800
28563
28751
28811
28852
28834
28663
28742
28691
28875
28731
28705
28801
28776
28765
28759
28698
28703
28763
28757
28884
28888
28544
28653
28722
28870
28918
28642
28644
28769
28874
28719
28616
28687
28699
28907
28875
28515
28752
28716
28868
28754
28579
28767
28727
28800
28630
28632
28752
28701
28881
28773
28633
28731
28644
28769
28757
28712
28650
28632
28903
28928
28918
28650
28611
28872
28922
28796
28636
28693
28832
28972
28778
28706
28725
28767
28892
28730
28736
28859
28744
28837
28743
28767
28785
28824
28784
28694
28761
28745
28819
28658
28564
28694
28684
28694
28648
28685
28721
28678
28647
28555
28753
28837
28672
28604
28556
28755
28796
28635
28649
28749
28878
28906
28738
28555
28723
28951
28807
28730
28698
28632
28858
28718
28735
28724
28743
28768
28773
28728
28722
28744
28619
28633
28698
28818
28767
28683
28822
28782
28957
28792
28671
28917
28703
28858
28700
28638
28791
28653
28818
28906
28740
28651
28647
28759
28788
28738
28720
28618
28858
28812
28520
28708
28675
28896
28841
28700
28628
28627
28749
28735
28846
28766
28635
28756
28818
28749
28669
28648
28782
28846
28750
28592
28683
28648
28839
28791
28659
28630
28704
28812
28650
28604
28619
28700
28774
28787
28639
28718
28832
28764
28784
28697
28646
28804
28611
28741
28793
28778
28819
28645
28784
28728
28738
28888
28743
28780
28735
28818
28748
28671
28761
28739
28939
28918
28655
28647
28815
28876
28831
28592
28693
28841
28776
28720
28676
28697
28794
28807
28645
28739
28792
28709
28762
28668
28599
28760
28724
28750
28732
28606
28750
28760
28648
28747
28669
28839
28708
28573
28804
28681
28931
28728
28580
28633
28572
28848
28781
28517
28637
28705
28954
28878
28580
28578
28632
28725
28708
28700
28690
28687
28670
28762
28602
28717
28849
28665
28697
28733
28720
28804
28596
28631
28848
28831
28801
28755
28762
28693
28799
28745
28774
28780
28581
28793
28728
28530
28773
28619
28940
28840
28638
28734
28643
28848
28808
28711
28655
28686
28858
28843
28614
28669
28632
28802
28836
28773
28613
28593
28779
28888
28894
28579
28559
28833
28924
28785
28521
28457
28864
28996
28825
28525
28478
28870
28978
28769
28581
28538
28928
28935
28754
28541
28604
28966
28927
28751
28607
28696
29018
28827
28718
28743
28672
28900
28721
28706
28744
28650
28970
28894
28634
28754
28668
28990
28964
28723
28727
28660
28824
28869
28719
28688
28684
28789
28860
28835
28671
28761
28891
28890
28830
28704
28754
28802
29053
28750
28644
28779
28809
28978
28785
28694
28807
28811
28846
28854
28651
28816
28774
28849
28800
28684
28788
28679
28731
28767
28734
28825
28721
28740
28799
28761
28711
28695
28763
28788
28906
28789
28708
28629
28684
28751
28630
28844
28824
28718
28691
28478
28746
28752
28845
28708
28606
28685
28588
28833
28686
28570
28807
28817
28764
28655
28693
28784
28856
28653
28665
28725
28782
28871
28611
28808
28763
28786
28738
28483
28798
28850
28777
28636
28610
28748
28970
28706
28592
28630
28772
28861
28640
28759
28749
28696
28730
28772
28816
28802
28720
28715
28726
28762
28741
28656
28745
28824
28621
28692
28730
28682
28819
28624
28646
28634
28629
28720
28731
28820
28695
28767
28810
28560
28852
28660
28860
28753
28679
28718
28774
28880
28771
28661
28741
28694
28879
28798
28723
28788
28864
28892
28719
28723
28766
28767
28796
28736
28815
28864
28739
28794
28637
28857
28853
28842
28891
28787
28860
28865
28781
28670
28660
28651
28707
28907
28811
28749
28645
28751
28869
28899
28864
28767
28873
28780
28784
28730
28651
28726
28644
28827
28923
28794
28775
28676
28829
28902
28848
28794
28661
28795
28846
28823
28765
28472
28756
28771
28938
28860
28622
28713
28822
28907
28728
28605
28673
28824
28901
28647
28714
28751
28675
28679
28632
28851
28753
28746
28707
28699
28909
28741
28668
28589
28780
28948
28797
28755
28595
28772
28815
28769
28786
28691
28790
28778
28796
28674
28533
28836
28738
28846
28663
28606
28827
28647
28713
28714
28595
28774
28644
28585
28776
28625
28801
28504
28718
28848
28796
28902
28582
28560
28734
28609
28804
28702
28664
28796
28735
28722
28654
28783
28850
28648
28763
28795
28748
28795
28554
28707
28886
28890
28870
28739
28803
28853
28838
28842
28691
28694
28772
28856
28820
28810
28751
28742
28800
28802
28836
28778
28791
28763
28818
28768
28751
28786
28778
28860
28808
28683
28683
28740
28809
28741
28593
28837
28789
28863
28721
28692
28784
28738
28814
28697
28756
28711
28802
28697
28694
28668
28650
28729
28756
28854
29054
28664
28695
28750
28926
28932
28608
28711
28755
28909
28751
28579
28667
28896
28967
28577
28609
28736
28875
28798
28674
28729
28630
28747
28711
28742
28767
28789
28703
28792
28574
28741
28634
28784
28809
28832
28786
28609
28705
28802
28682
28846
28812
28777
28866
28700
28711
28732
28785
28900
28870
28843
28740
28637
28788
28750
28777
28664
28763
28775
28845
28660
28700
28701
28870
28776
28681
28650
28683
28822
28662
28560
28603
28730
28800
28597
28571
28578
28652
28747
28731
28753
28700
28675
28708
28761
28687
28598
28768
28850
28667
28796
28678
28844
28945
28807
28897
28764
28833
28941
28665
28797
28771
28808
28760
28615
28728
28669
28748
28908
28730
28727
28743
28716
28816
28793
28617
28693
28724
28713
28840
28645
28697
28718
28784
28841
28696
28764
28736
28704
28755
28733
28804
28784
28767
28751
28804
28785
28638
28693
28773
28680
28920
28670
28672
28828
28665
28860
28718
28644
28759
28643
28643
28657
28682
28586
28597
28681
28702
28529
28549
28565
28671
28763
28612
28649
28709
28717
28804
28672
28520
28747
28851
28756
28732
28627
28816
28948
28689
28843
28770
28662
28786
28618
28992
28766
28750
28691
28473
28876
28809
28736
28591
28561
28834
28818
28728
28542
28596
28883
28705
28711
28757
28724
28756
28787
28798
28895
28753
28697
28612
28611
28786
28830
28599
28640
28669
28825
28794
28689
28558
28683
28781
28786
28703
28648
28640
28818
28951
28725
28508
28709
28700
28882
28801
28663
28722
28724
28875
28641
28753
28830
28678
28861
28649
28750
28819
28588
28852
28777
28718
28741
28644
28781
28737
28726
28745
28609
28748
28717
28736
28702
28663
28695
28673
28643
28666
28693
28842
28762
28912
28662
28826
28798
28681
28839
28620
28769
28866
28750
28658
28571
28769
28838
28801
28736
28681
28702
28786
28758
28680
28751
28685
28858
28883
28637
28635
28611
28806
28889
28890
29009
28703
28733
28832
28847
28883
28673
28900
28874
28827
28806
28681
28820
28886
28878
28887
28681
28730
28756
28720
28851
28695
28908
28721
28593
28793
28769
29025
28631
28619
28761
28821
28889
28589
28616
28748
28756
28733
28708
28642
28815
28823
28635
28780
28751
28884
28658
28694
28971
28731
28705
28737
28664
28855
28707
28665
28856
28808
28875
28817
28812
28812
28777
28655
28696
28798
28825
28784
28681
28780
28704
28794
28887
28786
28688
28753
28754
28776
28711
28638
28712
28805
28974
28828
28605
28776
28870
28922
28692
28638
28735
28860
28801
28636
28656
28702
28781
28809
28692
28665
28737
28695
28751
28700
28658
28726
28758
28762
28538
28678
28767
28676
28803
28705
28711
28835
28715
28682
28724
28802
28725
28755
28595
28666
28851
28813
28797
28565
28845
28706
28828
28848
28483
28768
28746
28688
28799
28564
28701
28708
28888
28866
28621
28674
28692
28830
28739
28560
28715
28505
28853
28775
28636
28825
28681
28842
28647
28638
28667
28705
28823
28779
28730
28744
28646
28887
28839
28633
28803
28902
28766
28823
28631
28611
28874
28871
28720
28570
28621
28722
28857
28771
28596
28692
28667
28782
28794
28677
28596
28738
28801
28864
28745
28697
28625
28877
28992
28748
28819
28632
28773
28862
28686
28934
28635
28714
28810
28703
28897
28647
28775
28782
28648
28723
28519
28767
28872
28615
28604
28542
28771
28902
28663
28559
28630
28688
28799
28702
28610
28619
28697
28987
28605
28529
28572
28760
29015
28707
28684
28652
28627
28945
28776
28677
28805
28656
28814
28760
28600
28922
28674
28728
28747
28696
28920
28750
28812
28680
28611
28739
28766
28721
28634
28673
28683
28781
28737
28590
28677
28642
28926
28942
28648
28586
28697
28842
28800
28576
28514
28712
28882
28965
28668
28597
28784
28803
28857
28732
28640
28827
28750
28758
28752
28677
28919
28809
28754
28684
28739
28828
28950
28808
28645
28854
28757
28979
28733
28669
28809
28688
28923
28770
28579
28805
28781
28993
28813
28626
28812
28917
28978
28700
28738
28723
28756
28824
28650
28770
28895
28919
28818
28719
28864
28858
28868
28860
28716
28817
28715
28771
28763
28813
29026
28713
28738
28752
28842
28940
28714
28808
28897
28800
28789
28784
28754
28908
28924
28715
28777
28797
28747
28863
28709
28649
28849
28721
28991
28744
28799
28811
28683
28861
28779
28842
28952
28644
28846
28793
28849
28864
28609
28803
28853
28880
28822
28577
28818
28871
28890
28812
28567
28784
28921
28787
28903
28631
28633
28782
28723
28961
28881
28684
28652
28632
28813
28782
28726
28715
28738
28826
28781
28720
28634
28745
28828
28850
28732
28645
28772
28662
28839
28740
28765
29001
28640
28814
28684
28636
28872
28757
28862
28587
28678
28787
28718
28844
28623
28683
28868
28681
28645
28721
28732
28764
28784
28744
28887
28906
28720
28691
28561
28834
28865
28704
28802
28630
28909
28751
28690
28820
28608
28873
28704
28606
28750
28692
28896
28690
28633
28709
28644
28751
28763
28697
28665
28629
28665
28807
28619
28799
28794
28631
28718
28774
28734
28769
28675
28585
28823
28789
28800
28567
28651
28794
28776
28714
28558
28644
28839
28827
28653
28599
28657
28870
28714
28707
28763
28771
28725
28673
28691
28635
28877
28800
28757
28751
28725
28860
28679
28747
28862
28629
28686
28689
28718
28894
28663
28600
28702
28728
28883
28657
28548
28606
28711
28855
28842
28551
28572
28623
28788
28870
28580
28621
28741
28902
28896
28724
28647
28811
28890
28831
28770
28733
28719
28858
28831
28935
28786
28685
28825
28864
28832
28783
28837
28922
28889
28877
28643
28873
28812
28852
28865
28541
28818
28811
28720
28818
28573
28782
28741
28818
28949
28551
28732
28777
28815
28909
28579
28694
28672
28776
28893
28606
28874
28776
28686
28723
28582
28914
28872
28787
28714
28635
28740
28869
28728
28664
28790
28802
28797
28642
28714
28812
28714
28638
28749
28682
28735
28701
28684
28697
28640
28720
28722
28690
28633
28544
28616
28664
28594
28645
28601
28715
28737
28724
28699
28652
28643
28629
28671
28725
28637
28541
28636
28524
28753
28762
28772
28695
28558
28667
28624
28786
28605
28590
28667
28788
28833
28652
28646
28655
28741
28725
28767
28886
28684
28707
28656
28885
28935
28755
28690
28633
28830
28850
28766
28804
28620
28810
28694
28949
28935
28609
28870
28775
28880
28775
28636
28749
28946
28853
28736
28716
28792
28938
28760
28657
28648
28794
28717
28655
28563
28742
28822
28727
28700
28634
28652
28794
28740
28527
28635
28586
28681
28630
28668
28682
28585
28758
28708
28703
28737
28475
28686
28788
28630
28675
28652
28678
28594
28642
28696
28735
28900
28813
28705
28647
28741
28701
28747
28704
28630
28820
28673
28803
28647
28677
28758
28510
28784
28674
28750
28640
28634
28754
28729
28718
28576
28692
28730
28767
28831
28689
28655
28708
28775
28888
28740
28704
28684
28922
28902
28695
28747
28769
28775
28843
28657
28806
28789
28701
28802
28644
28769
28738
28683
28655
28688
28900
28653
28679
28718
28614
28776
28605
28577
28691
28680
28621
28728
28768
28668
28555
28536
28595
28759
28729
28594
28617
28811
28854
28653
28633
28503
28829
28953
28691
28724
28646
28764
28869
28834
28730
28641
28884
28871
28889
28653
28729
28751
28766
28712
28667
28670
28751
28880
28806
28670
28845
28794
28814
28873
28678
28762
28703
28742
28715
28748
28800
28763
28799
28861
28744
28613
28697
28753
28741
28764
28568
28617
28739
28809
28750
28632
28536
28732
28892
28733
28730
28558
28604
28682
28666
28812
28534
28711
28852
28790
28720
28580
28655
28843
28780
28650
28572
28599
28794
28774
28618
28727
28723
28827
28760
28755
28829
28645
28709
28620
28605
28867
28661
28754
28656
28785
28814
28720
28723
28644
28719
28774
28576
28753
28615
28724
28722
28758
28802
28860
28664
28822
28743
28762
28875
28642
28869
28750
28707
28794
28661
28804
28819
28727
28950
28735
28758
28769
28701
28899
28827
28722
28682
28599
28730
28770
28682
28679
28655
28635
28790
28637
28683
28579
28606
28942
28691
28796
28670
28493
28842
28674
28828
28741
28577
28909
28696
28630
28665
28617
28878
28693
28641
28791
28646
28713
28632
28657
28576
28732
28718
28815
28599
28601
28821
28657
28732
28543
28648
28773
28639
28670
28719
28681
28688
28796
28861
28851
28741
28711
28657
28646
28805
28805
28585
28671
28739
28829
28795
28668
28656
28715
28620
28737
28764
28839
28747
28614
28713
28782
28794
28751
28586
28706
28989
28886
28727
28741
28671
28944
28903
28684
28731
28669
28735
28757
28785
28759
28724
28816
28736
28751
28689
28738
28781
28787
28728
28730
28738
28696
28688
28584
28835
28749
28709
28871
28671
28872
28704
28649
28767
28666
28798
28694
28690
28783
28734
28854
28826
28669
28658
28627
28814
28870
28716
28625
28888
28897
28956
28791
28682
28762
28897
28822
28820
28631
28876
28980
28804
28610
28677
28859
28978
28878
28803
28635
28890
28898
28789
28748
28680
28907
28951
28684
28746
28662
28776
28882
28734
28789
28751
28821
28706
28739
28691
28774
28803
28852
28782
28615
28678
28783
28921
28861
28542
28750
28821
28751
28727
28633
28718
28831
28669
28660
28673
28679
28960
28721
28648
28698
28695
28850
28659
28578
28719
28793
28698
28837
28686
28782
28873
28806
28788
28628
28914
28857
28666
28751
28609
28718
28672
28612
28674
28721
28768
28771
28661
28776
28805
28632
28712
28700
28718
28805
28626
28634
28666
28637
28897
28690
28665
28580
28621
28891
28666
28723
28561
28616
28834
28739
28728
28591
28684
28814
28732
28742
28552
28685
28774
28724
28676
28670
28662
28691
28707
28593
28790
28698
28638
28765
28688
28705
28568
28748
28776
28686
28713
28710
28761
28852
28739
28781
28699
28805
28825
28732
28815
28555
28783
28842
28691
28906
28631
28736
28877
28662
28772
28619
28756
28978
28679
28664
28611
28695
28821
28645
28784
28764
28593
28761
28715
28768
28775
28688
28807
28798
28697
28870
28678
28867
28795
28758
28795
28748
28841
28717
28855
28744
28709
28875
28684
28875
28732
28724
28813
28654
28897
28754
28686
28856
28608
28859
28702
28742
28930
28642
28782
28564
28707
28935
28579
28761
28670
28702
28816
28597
28691
28694
28785
28797
28682
28824
28840
28775
28704
28621
28674
28817
28763
28650
28654
28715
29027
28828
28649
28696
28727
28821
28695
28623
28670
28756
28771
28641
28754
28804
28818
28740
28492
28774
28795
28639
28732
28677
28835
28833
28666
28851
28632
28818
28825
28748
28830
28595
28812
28873
28655
28724
28560
28713
28838
28782
28704
28649
28708
28803
28743
28566
28564
28816
28691
28939
28625
28719
28780
28698
28934
28699
28746
28812
28671
28729
28699
28804
28649
28638
28721
28808
28850
28741
28648
28660
28788
28782
28797
28716
28676
28882
28716
28651
28748
28811
28781
28829
28756
28760
28858
28691
28647
28709
28774
28779
28654
28686
28671
28741
28773
28658
28647
28653
28660
28768
28700
28594
28638
28605
28679
28713
28664
28821
28793
28799
28914
28666
28785
28776
28622
28651
28752
28705
28813
28763
28820
28740
28678
28691
28755
28892
28846
28758
28791
28633
28803
28704
28677
28729
28720
28853
28987
28754
28732
28811
28902
28933
28785
28867
28753
28756
28720
28693
28778
28674
28668
28793
28810
28877
28736
28569
28748
28783
28805
28752
28699
28747
28703
28703
28796
28583
28890
28831
28766
28736
28662
28887
28811
28761
28673
28713
28846
28788
28706
28628
28884
28967
28802
28756
28701
28911
28955
28625
28706
28718
28795
28948
28595
28780
28803
28678
28900
28571
28677
28836
28686
28813
28567
28683
28725
28723
28810
28648
28657
28665
28679
28753
28704
28643
28648
29004
28904
28741
28643
28751
28977
28860
28818
28658
28568
28804
28810
28816
28812
28741
28749
28835
28669
28833
28771
28753
28913
28698
28767
28674
28800
28896
28596
28588
28619
28751
28846
28636
28607
28763
28705
28881
28716
28507
28805
28800
28927
28644
28597
28711
28881
28775
28656
28694
28940
28904
28868
28745
28514
28844
28866
28797
28782
28607
28772
28831
28714
28841
28645
28716
28935
28727
28773
28632
28777
28833
28759
28778
28658
28745
28762
28608
28807
28834
28679
28822
28797
28715
28762
28633
28800
28755
28752
28740
28533
28695
28680
28734
28902
28563
28682
28809
28731
28848
28507
28695
28882
28846
28833
28732
28711
28799
28765
28826
28820
28698
28760
28748
28768
28904
28784
28731
28761
28773
28919
28773
28752
28860
28886
28757
28797
28777
28717
28739
28662
28809
28891
28840
28693
28680
28888
29024
28955
28679
28760
28906
28966
28817
28663
28650
28906
28938
28750
28702
28845
28865
28864
28596
28623
28860
28806
28789
28648
28812
28740
28645
28584
28625
28846
28759
28657
28664
28658
28645
28763
28693
28804
28774
28778
28729
28703
28653
28735
28653
28876
28772
28883
28715
28759
28806
28719
28818
28787
28734
28822
28680
28707
28727
28599
28814
28759
28763
28703
28542
28790
28859
28816
28731
28632
28668
28740
28777
28674
28647
28664
28670
28809
28792
28695
28691
28651
28909
28871
28643
28607
28732
28817
28869
28616
28705
28597
28787
28886
28699
28854
28723
28718
28605
28645
28877
28763
28719
28678
28757
28898
28743
28717
28647
28870
28912
28818
28700
28737
28895
28922
28710
28594
28741
28959
28891
28668
28570
28881
28984
28912
28564
28581
28838
28976
28961
28626
28565
28913
28858
28879
28683
28618
28895
28752
28807
28691
28632
28895
28829
28836
28679
28619
28656
28724
28905
28754
28704
28704
28624
28750
28829
28661
28660
28777
28739
28784
28722
28662
28658
28654
28924
28835
28771
28620
28662
28896
28807
28790
28598
28667
28814
28852
28796
28775
28764
28667
28670
28782
28639
28901
28867
28638
28883
28656
28892
28780
28614
28877
28744
28811
28770
28619
28706
28725
28837
28833
28699
28725
28642
28826
28751
28756
28798
28651
28819
28727
28609
28725
28670
28734
28794
28738
28691
28653
28568
28787
28909
28704
28766
28647
28626
28789
28685
28680
28739
28720
28843
28705
28756
28702
28602
28606
28707
28749
28763
28524
28707
28750
28821
28671
28580
28742
28793
28934
28631
28520
28680
28758
28846
28758
28703
28795
28631
28686
28775
28658
28790
28768
28742
28697
28560
28662
28623
28805
28785
28724
28622
28640
28685
28710
28760
28680
28689
28750
28691
28735
28680
28615
28778
28868
28829
28744
28718
28784
28740
28778
28738
28793
28845
28686
28582
28721
28875
28856
28696
28618
28696
28967
28788
28540
28566
28724
28896
28780
28672
28635
28735
28698
28645
28780
28830
28769
28662
28576
28663
28789
28799
28583
28571
28715
28887
28942
28604
28575
28771
28795
28781
28647
28704
28725
28804
28770
28632
28845
28765
28661
28846
28754
28704
28793
28638
28695
28726
28693
28667
28625
28648
28635
28632
28685
28538
28796
28737
28546
28693
28662
28745
28641
28786
28760
28663
28675
28578
28945
28779
28595
28674
28723
28985
28783
28618
28581
28659
28909
28800
28696
28706
28828
28862
28784
28756
28706
28778
28913
28760
28811
28765
28836
28949
28768
28697
28739
28690
28822
28799
28866
28848
28651
28764
28723
28743
28769
28676
28790
28900
28683
28807
28590
28786
28805
28775
28904
28733
28675
28693
28781
28802
28742
28797
28653
28877
28868
28723
28654
28658
28763
28787
28717
28682
28659
28824
28742
28584
28619
28767
28920
28846
28612
28499
28714
28841
28713
28641
28552
28803
28890
28717
28695
28619
28866
28713
28638
28817
28679
28864
28591
28492
28709
28690
28766
28635
28594
28780
28907
28713
28602
28532
28747
28883
28618
28664
28504
28736
28800
28697
28689
28508
28698
28721
28568
28606
28522
28746
28672
28700
28758
28599
28717
28592
28602
28780
28567
28820
28617
28638
28849
28656
28823
28690
28636
28730
28523
28779
28732
28741
28778
28674
28813
28779
28838
28688
28651
28694
28616
28755
28693
28750
28641
28687
28766
28691
28759
28701
28719
28700
28741
28741
28556
28711
28732
28746
28727
28771
28746
28805
28693
28752
28759
28609
28748
28645
28812
28743
28608
28808
28755
28863
28782
28686
28808
28777
28887
28641
28678
28630
28748
28854
28796
28712
28711
28838
28795
28743
28783
28699
28766
28772
28599
28667
28607
28763
28651
28701
28745
28630
28836
28688
28578
28626
28718
28743
28654
28706
28568
28737
28810
28689
28722
28696
28671
28875
28797
28690
28768
28672
28892
28736
28695
28740
28617
28775
28775
28748
28829
28753
28859
28722
28673
28799
28863
28901
28734
28675
28758
28744
28765
28608
28763
28800
28767
28693
28514
28827
28732
28725
28682
28610
28947
28739
28602
28579
28602
28953
28653
28706
28593
28581
28891
28731
28653
28772
28660
29039
28745
28510
28769
28708
28887
28630
28688
28831
28812
28693
28627
28658
28904
28956
28763
28604
28653
28875
28859
28765
28600
28691
28801
28702
28814
28642
28723
28889
28690
28732
28573
28786
28823
28705
28761
28671
28789
28721
28636
28720
28818
28769
28796
28682
28587
28790
28904
28804
28663
28758
28845
28839
28781
28721
28589
28783
28760
28757
28799
28700
28791
28793
28621
28724
28750
28716
28833
28768
28718
28560
28622
28679
28795
28756
28667
28603
28619
28869
28748
28566
28604
28667
28885
28728
28580
28578
28750
28822
28706
28774
28766
28679
28784
28869
28683
28747
28701
28677
28696
28580
28732
28570
28837
28801
28554
28624
28587
28818
28851
28624
28631
28738
28667
28730
28723
28726
28771
28757
28817
28643
28655
28826
28758
28789
28745
28785
28710
28627
28691
28607
28809
28865
28676
28903
28761
28743
28729
28651
28850
28728
28665
28609
28532
28803
28681
28668
28733
28510
28706
28743
28576
28629
28633
28700
28711
28668
28614
28617
28678
28779
28776
28827
28622
28563
28572
28696
28834
28769
28683
28632
28775
28782
28780
28674
28577
28751
28837
28847
28687
28553
28831
28681
28813
28777
28523
28828
28751
28840
28817
28711
28798
28688
28762
28709
28653
28748
28659
28704
28896
28661
28746
28788
28715
28699
28594
28761
28791
28802
28714
28696
28729
28801
28672
28595
28721
28703
28896
28764
28632
28660
28676
28647
28832
28847
28676
28669
28600
28806
28869
28725
28607
28735
28889
28876
28789
28738
28748
28885
28732
28677
28723
28858
28862
28813
28892
28793
28885
28831
28795
28891
28796
28770
28716
28792
28905
28822
28747
28787
28776
28930
28820
28806
28777
28745
28880
28677
28764
28763
28665
28959
28714
28675
28576
28645
28936
28879
28716
28669
28727
28799
28839
28652
28575
28870
28909
28825
28626
28626
28795
28986
28815
28663
28702
28759
28770
28772
28676
28738
28864
28733
28604
28633
28920
28836
28714
28608
28606
28921
28727
28615
28523
28592
28911
28771
28600
28454
28549
28874
28717
28665
28512
28519
28879
28868
28719
28587
28525
28832
28807
28587
28657
28608
28794
28821
28629
28767
28669
28786
28826
28574
28733
28776
28611
28862
28597
28677
28731
28643
28956
28722
28791
28845
28491
28814
28650
28632
28937
28620
28808
28756
28658
28942
28583
28747
28694
28642
28802
28660
28585
28896
28774
28794
28789
28696
28803
28725
28671
28731
28643
28693
28711
28540
28679
28620
28753
28706
28588
28682
28708
28701
28759
28666
28590
28627
28743
28865
28662
28730
28729
28815
28903
28653
28616
28710
28911
28925
28661
28564
28784
28875
28759
28667
28597
28657
28887
28726
28648
28658
28676
28775
28742
28743
28832
28543
28640
28668
28929
28959
28586
28661
28800
28829
28762
28616
28614
28846
28885
28676
28676
28705
28975
28771
28772
28733
28584
28837
28726
28716
28661
28708
28853
28743
28730
28715
28706
28821
28742
28686
28858
28557
28817
28831
28667
28791
28601
28752
28712
28677
28779
28591
28758
28714
28624
28657
28584
28715
28626
28577
28706
28718
28600
28598
28764
28938
28653
28652
28668
28815
28928
28631
28724
28794
28778
28812
28701
28623
28758
28816
28796
28725
28674
28860
28726
28650
28715
28776
28872
28726
28641
28642
28715
28888
28781
28585
28852
28897
28928
28721
28641
28858
28794
28838
28791
28732
28870
28760
28733
28788
28583
28813
28683
28834
28817
28597
28676
28678
28905
28835
28636
28711
28651
28871
28679
28582
28714
28647
28931
28787
28734
28766
28648
28726
28695
28920
28827
28685
28732
28751
28794
28741
28785
28724
28621
28746
28757
28856
28807
28741
28662
28877
28832
28754
28686
28750
28985
28835
28774
28746
28682
28787
28786
28684
28790
28864
28808
28788
28749
28811
28924
28842
28868
28980
28800
28707
28795
28724
28864
28790
28718
28749
28657
28751
28698
28677
28889
28791
28782
28725
28627
28806
28733
28698
28633
28625
28642
28577
28652
28735
28675
28715
28730
28846
28953
28666
28629
28540
28776
28880
28568
28672
28613
28833
28845
28674
28724
28675
28900
28673
28623
28762
28765
28867
28593
28582
28780
28629
28702
28543
28743
29036
28769
28622
28542
28710
28900
28701
28701
28638
28694
28625
28731
28800
28721
28801
28679
28596
28676
28786
28803
28759
28803
28667
28825
28823
28646
28681
28700
28919
29036
28746
28657
28680
28989
28841
28758
28851
28572
28795
28665
28761
28749
28622
28789
28657
28916
28730
28682
28729
28658
28849
28616
28573
28704
28732
28775
28582
28690
28750
28881
28686
28608
28718
28757
28803
28662
28624
28661
28666
28683
28588
28754
28696
28700
28716
28555
28591
28608
28620
28728
28641
28640
28632
28558
28796
28668
28637
28623
28577
28847
28789
28682
28561
28557
28754
28833
28744
28700
28782
28718
28717
28718
28667
28715
28760
28780
28753
28656
28617
28583
28814
28802
28641
28619
28545
28728
28798
28642
28596
28706
28836
28947
28689
28760
28737
28661
28785
28741
28700
28809
28708
28751
28747
28680
28875
28671
28661
28736
28755
28827
28569
28581
28584
28728
28725
28821
28748
28633
28768
28715
28786
28635
28711
28747
28788
28729
28798
28765
28739
28708
28748
28708
28718
28781
28844
28761
28749
28775
28720
28892
28676
28764
28880
28677
28931
28788
28616
28917
28741
28721
28710
28600
28883
28849
28782
28720
28585
28688
28743
28728
28675
28560
28649
28866
28723
28546
28577
28610
28860
28911
28765
28719
28553
28768
28693
28587
28688
28644
28742
28813
28568
28763
28628
28790
28918
28676
28661
28584
28770
28872
28740
28713
28711
28810
28821
28736
28599
28827
28802
28738
28614
28622
28896
28850
28692
28583
28670
28808
28792
28729
28666
28658
28764
28795
28740
28634
28626
28738
28883
28747
28637
28541
28665
28765
28931
28771
28605
28648
28739
28958
28673
28552
28684
28663
28975
28811
28642
28788
28684
28801
28764
28575
28736
28722
28818
28785
28595
28806
28662
28703
28754
28692
28836
28812
28690
28550
28656
28782
28854
28810
28741
28750
28900
28735
28842
28698
28763
28813
28748
28876
28616
28701
28732
28676
28914
28814
28677
28616
28738
28936
28858
28625
28688
28871
28857
28701
28628
28805
28814
28817
28673
28633
28871
28908
28676
28679
28605
28950
28886
28629
28702
28680
28889
28842
28581
28612
28728
28751
28972
28753
28647
28778
28759
28798
28606
28650
28765
28633
28803
28672
28578
28632
28549
28833
28688
28552
28676
28707
28731
28591
28651
28851
28662
28618
28657
28796
28869
28593
28588
28745
28740
28863
28690
28588
28819
28763
28770
28840
28640
28742
28793
28815
28791
28684
28737
28630
28968
28773
28689
28638
28770
29003
28754
28727
28624
28795
28797
28663
28625
28710
28831
28831
28688
28703
28736
28891
28769
28683
28724
28760
28705
28635
28667
28648
28773
28752
28702
28702
28617
28810
28658
28630
28691
28797
28860
28679
28676
28747
28700
28692
28756
28704
28723
28649
28657
28652
28618
28755
28694
28761
28733
28654
28599
28569
28745
28842
28729
28606
28617
28705
28891
28769
28608
28735
28757
28892
28817
28678
28642
28714
28860
28782
28775
28745
28629
28907
28664
28804
28621
28698
28884
28628
28697
28636
28699
28760
28706
28807
28720
28773
28852
28624
28804
28620
28852
28833
28722
28755
28736
28647
28726
28711
28701
28682
28706
28805
28627
28758
28765
28630
28732
28732
28788
28784
28721
28720
28684
28673
28678
28812
28867
28777
28643
28711
28619
28775
28845
28777
28694
28692
28808
28754
28741
28687
28819
28867
28714
28599
28687
28737
28885
28706
28773
28710
28681
28807
28735
28768
28717
28619
28744
28819
28739
28586
28629
28757
28804
28811
28620
28683
28770
28720
28690
28601
28627
28813
28796
28822
28643
28543
28813
28795
28743
28595
28605
28844
28840
28689
28561
28705
28839
28787
28612
28729
28744
28838
28901
28656
28587
28720
28774
28800
28698
28681
28749
28782
28709
28649
28783
28846
28862
28678
28694
28755
28702
28764
28771
28711
28945
28655
28819
28860
28602
28807
28758
28820
28777
28663
28788
28691
28842
28832
28619
28829
28754
28848
28811
28699
28631
28723
28760
28744
28865
28683
28726
28912
28610
28820
28579
28642
28806
28729
28846
28660
28724
28643
28657
28720
28579
28781
28621
28607
28712
28717
28645
28545
28638
28861
28905
28667
28511
28558
28821
28753
28620
28539
28608
28867
28840
28727
28621
28631
28862
28909
28809
28703
28687
28912
28704
28663
28705
28755
28828
28768
28688
28849
28831
28871
28718
28615
28842
28870
28710
28714
28635
28841
28865
28546
28693
28712
28840
28802
28689
28756
28606
28888
28727
28545
28759
28698
28931
28693
28534
28684
28743
28791
28538
28718
28678
28682
28780
28644
28671
28682
28746
28698
28772
28721
28725
28913
28596
28536
28680
28643
28844
28783
28702
28734
28768
28772
28730
28668
28574
28772
28797
28808
28591
28546
28688
28768
28724
28818
28684
28631
28746
28596
28884
28723
28718
28768
28774
28897
28771
28670
28657
28695
28935
28851
28691
28595
28853
28871
28895
28794
28622
28800
28822
28829
28744
28556
28796
28765
28925
28758
28573
28789
28945
28916
28658
28676
28648
28843
28787
28693
28878
28655
28765
28775
28729
28817
28693
28770
28793
28654
28723
28592
28865
28781
28696
28590
28633
28806
28757
28726
28634
28703
28679
28643
28738
28730
28801
28684
28756
28662
28796
28815
28681
28842
28652
28687
28751
28677
28819
28778
28766
28893
28811
28822
28776
28710
28701
28761
28931
28878
28550
28770
28708
28851
28798
28660
28779
28736
28610
28748
28715
28627
28702
28661
28800
28592
28684
28654
28610
28807
28797
28675
28538
28629
28751
28817
28737
28639
28794
28735
28594
28699
28710
28685
28838
28776
28578
28696
28591
28729
28739
28768
28859
28639
28674
28708
28738
28759
28601
28779
28847
28633
28726
28630
28739
28843
28758
28793
28683
28895
28868
28667
28800
28764
28860
28713
28790
28786
28574
28755
28653
28647
28647
28708
28770
28728
28551
28592
28727
28670
28736
28642
28610
28702
28795
28788
28567
28709
28853
28885
28743
28762
28749
28740
28759
28793
28755
28811
28803
28905
28846
28736
28838
28758
28838
28856
28844
28821
28678
28817
28765
28827
28804
28675
28814
28877
28784
28711
28737
28646
28868
28769
28555
28913
28760
28734
28677
28594
28796
28801
28731
28773
28573
28683
28737
28709
28770
28529
28781
28924
28696
28661
28666
28629
28788
28693
28641
28778
28702
28820
28601
28493
28727
28666
28827
28831
28609
28664
28545
28693
28657
28710
28644
28669
28669
28615
28656
28699
28673
28619
28717
28704
28608
28713
28559
28656
28752
28695
28754
28689
28648
28702
28639
28821
28808
28741
28771
28642
28626
28581
28621
28783
28737
28820
28724
28723
28772
28574
28748
28658
28590
28714
28713
28635
28610
28666
28673
28770
28806
28768
28781
28624
28687
28661
28662
28760
28648
28719
28655
28735
28859
28754
28860
28698
28831
28846
28624
28645
28633
28858
28816
28733
28760
28627
28762
28840
28696
28658
28592
28739
28664
28856
28736
28524
28647
28594
28750
28656
28631
28457
28668
28811
28670
28777
28551
28608
28784
28618
28873
28710
28585
28749
28796
28763
28615
28652
28624
28663
28630
28724
28645
28859
28729
28563
28565
28545
28786
28689
28540
28569
28763
28674
28604
28616
28565
28717
28754
28722
28570
28488
28618
28539
28718
28634
28610
28636
28606
28687
28586
28584
28574
28616
28692
28642
28669
28718
28607
28658
28687
28553
28700
28689
28633
28713
28664
28753
28692
28542
28769
28776
28846
28804
28647
28695
28771
28833
28671
28521
28736
28981
28940
28696
28644
28746
28904
28838
28798
28748
28725
28822
28875
28800
28740
28893
28923
28769
28886
28704
28782
28857
28681
28796
28769
28808
28729
28666
28756
28760
28890
28675
28678
28860
28656
28732
28579
28679
28816
28812
28734
28698
28850
28674
28795
28782
28604
28837
28725
28721
28692
28708
28723
28605
28644
28853
28840
28800
28587
28715
28880
28808
28781
28561
28687
28860
28785
28631
28716
28764
28746
28776
28807
28795
28669
28689
28725
28845
28767
28667
28535
28675
28729
28805
28667
28497
28683
28819
28844
28562
28585
28739
28667
28780
28744
28658
28772
28668
28720
28757
28630
28594
28599
28794
28939
28808
28773
28589
28782
28885
28630
28728
28656
28777
28897
28594
28741
28756
28860
28958
28744
28662
28715
28782
28727
28634
28820
28773
28668
28587
28680
28798
28977
28742
28538
28779
28726
28921
28678
28586
28689
28892
28981
28754
28603
28725
28890
28952
28643
28607
28713
28793
28942
28642
28759
28572
28802
28887
28606
28758
28673
28633
28862
28528
28687
28579
28676
28893
28674
28666
28551
28535
28804
28553
28842
28770
28502
28822
28637
28792
28632
28543
28827
28806
28871
28617
28534
28775
28787
28937
28654
28543
28814
28729
28927
28672
28474
28795
28721
28896
28617
28656
28784
28680
28692
28666
28618
28773
28694
28723
28617
28718
28744
28642
28720
28623
28844
28740
28810
28847
28638
28642
28783
28807
28871
28663
28881
28803
28737
28773
28718
28760
28785
28816
28828
28891
28816
28668
28800
28727
28821
28813
28633
28786
28796
28784
28657
28560
28796
28713
28925
28743
28502
28740
28601
28937
28670
28666
28777
28648
28836
28606
28575
28776
28673
28915
28715
28680
28754
28569
28805
28743
28745
28707
28615
28736
28705
28744
28726
28631
28850
28830
28836
28605
28705
28845
28716
28745
28530
28778
28806
28743
28825
28677
28563
28742
28743
28752
28661
28710
28772
28680
28642
28679
28644
28714
28712
28788
28856
28447
28731
28785
28635
28717
28665
28768
28930
28642
28665
28767
28734
28807
28671
28701
28864
28749
28564
28597
28517
28772
28646
28606
28769
28599
28718
28577
28581
28746
28733
28759
28605
28542
28785
28744
28727
28753
28670
28938
28870
28685
28742
28578
28873
28851
28805
28810
28607
28875
28804
28710
28815
28647
28766
28791
28710
28664
28644
28746
28845
28649
28606
28627
28710
28875
28609
28699
28684
28746
28960
28646
28694
28730
28731
28811
28526
28626
28791
28847
28821
28590
28749
28646
28752
28802
28694
28753
28804
28680
28560
28585
28822
28745
28909
28767
28663
28858
28715
28834
28673
28634
28740
28813
28775
28620
28570
28776
28868
28829
28630
28514
28798
28888
28760
28650
28737
28752
28776
28806
28552
28652
28731
28711
28812
28631
28804
28673
28706
28770
28678
28761
28596
28630
28771
28681
28793
28600
28720
28834
28839
28860
28603
28762
28835
28727
28808
28575
28730
28888
28769
28732
28789
28867
28770
28733
28685
28826
28937
28749
28712
28690
28740
28918
28782
28725
28735
28785
28803
28721
28690
28816
28863
28790
28595
28690
28950
28915
28862
28750
28600
28832
28831
28780
28701
28723
28714
28898
28794
28780
28700
28681
28897
28831
28939
28656
28583
28815
28745
28788
28744
28584
28862
28812
28812
28834
28715
28793
28789
28899
28872
28713
28710
28718
28961
28868
28741
28856
28822
28870
28932
28754
28760
28762
28771
28704
28705
28838
28726
28736
28743
28702
28809
28703
28785
28839
28659
28625
28753
28914
28913
28666
28873
28789
28909
28849
28682
28743
28792
28926
28763
28672
28848
28856
28950
28702
28724
28768
28825
28894
28643
28717
28720
28797
28822
28737
28958
28859
28726
28760
28775
28811
28794
28719
28822
28984
28694
28651
28612
28854
28996
28781
28778
28586
28801
28785
28717
28731
28719
28752
28698
28665
28754
28809
28793
28670
28768
28923
28742
28545
28740
28791
28762
28778
28633
28667
28679
28708
28709
28630
28605
28735
28616
28693
28634
28691
28842
28606
28649
28826
28573
28892
28705
28709
28813
28663
28830
28801
28719
28956
28616
28765
28749
28756
28902
28562
28769
28760
28614
28696
28566
28814
28788
28672
28712
28643
28819
28812
28658
28596
28612
28774
28652
28810
28751
28694
28920
28642
28810
28741
28731
28978
28543
28679
28636
28757
28935
28629
28793
28831
28772
28723
28677
28791
28700
28872
28719
28674
28772
28776
28926
28662
28632
28840
28690
28778
28648
28796
28672
28599
28599
28733
28834
28687
28584
28603
28661
28772
28674
28604
28649
28894
28903
28556
28749
28667
28664
28768
28732
28693
28787
28595
28662
28672
28658
28808
28550
28595
28634
28660
28784
28625
28576
28715
28613
28795
28658
28547
28653
28786
28830
28760
28588
28694
28698
28689
28858
28796
28746
28762
28723
28811
28677
28606
28663
28782
28906
28910
28767
28698
28820
28951
28807
28744
28732
28727
28874
28782
28640
28565
28725
28784
28905
28689
28521
28733
28719
28785
28616
28723
28737
28845
28893
28552
28749
28685
28754
28735
28614
28883
28883
28711
28733
28611
28760
28814
28741
28851
28630
28670
28718
28579
28767
28649
28683
28699
28655
28948
28654
28709
28653
28523
28883
28571
28759
28602
28542
28764
28637
28796
28760
28697
28683
28447
28714
28838
28793
28690
28721
28806
28839
28825
28647
28613
28819
28812
28874
28641
28629
28834
28805
28784
28766
28660
28877
28771
28731
28657
28664
28944
28676
28739
28660
28507
28877
28739
28748
28740
28633
28726
28863
28693
28701
28672
28654
28792
28683
28606
28729
28758
28764
28643
28624
28833
28801
28831
28863
28682
28669
28763
28743
28635
28676
28786
28774
28725
28565
28708
28817
28832
28698
28649
28665
28722
28710
28566
28670
28774
28705
28723
28596
28750
28790
28761
28871
28783
28753
28659
28673
28817
28766
28693
28626
28757
28755
28665
28644
28582
28738
28731
28751
28593
28623
28840
28634
28756
28553
28594
28721
28585
28722
28623
28773
28775
28725
28771
28742
28829
28736
28757
28681
28478
28716
28750
28828
28822
28803
28847
28696
28697
28841
28703
28869
28763
28702
28879
28665
28784
28758
28759
28631
28902
28840
28629
28770
28704
28816
28886
28694
28616
28686
28819
28793
28781
28714
28688
28674
28751
28774
28605
28706
28646
28574
28719
28628
28749
28693
28661
28775
28704
28607
28591
28690
28662
28687
28740
28647
28611
28625
28610
28745
28835
28790
28701
28724
28752
28735
28652
28593
28696
28969
28867
28703
28608
28682
28944
28923
28623
28551
28776
28854
28815
28580
28496
28674
28791
28904
28569
28548
28629
28652
28759
28655
28536
28522
28576
28727
28727
28622
28516
28633
28839
28819
28731
28573
28570
28742
28753
28731
28735
28715
28806
28723
28842
28736
28552
28766
28760
28879
28680
28593
28625
28801
28756
28663
28647
28561
28744
28711
28700
28690
28586
28778
28906
28820
28744
28592
28728
28820
28686
28593
28564
28723
28935
28755
28726
28661
28803
28822
28680
28620
28643
28849
28719
28775
28744
28672
28816
28766
28833
28801
28825
28746
28759
28905
28720
28774
28708
28671
28824
28761
28700
28719
28674
28780
28733
28758
28740
28685
28654
28753
28784
28776
28635
28673
28622
28803
28832
28668
28677
28726
28880
28999
28671
28627
28647
28751
28783
28650
28631
28593
28723
28739
28593
28643
28547
28693
28697
28686
28788
28670
28651
28734
28593
28754
28687
28795
28764
28880
28797
28724
28699
28639
28825
28717
28677
28764
28716
28783
28782
28718
28721
28711
28878
28898
28656
28748
28752
28745
28784
28745
28582
28769
28880
28919
28738
28675
28878
28856
28818
28759
28664
28877
28773
28762
28815
28590
28826
28784
28756
28818
28733
28772
28767
28717
28739
28738
28830
28698
28675
28658
28812
28800
28751
28695
28702
28842
28781
28644
28686
28730
28762
28752
28500
28811
28805
28677
28743
28686
28890
28821
28761
28621
28604
28824
28688
28770
28733
28638
28837
28730
28578
28646
28583
28903
28704
28658
28636
28755
28963
28564
28616
28669
28707
28970
28713
28603
28773
28672
28857
28772
28587
28730
28672
28747
28784
28629
28706
28626
28753
28928
28620
28604
28572
28748
28910
28702
28731
28680
28737
28871
28753
28669
28719
28722
28844
28828
28694
28786
28688
28775
28770
28619
28864
28706
28635
28841
28708
28918
28695
28686
28647
28603
28793
28614
28834
28733
28584
28716
28709
28775
28838
28628
28648
28742
28749
28780
28676
28659
28681
28763
28794
28601
28726
28547
28702
28904
28620
28835
28602
28562
28783
28814
28837
28764
28712
28716
28755
28604
28710
28727
28849
28807
28613
28635
28526
28767
28768
28625
28657
28641
28750
28704
28703
28630
28656
28780
28787
28842
28510
28675
28788
28704
28692
28650
28863
28925
28584
28629
28700
28857
28870
28635
28703
28642
28855
28727
28536
28689
28748
28676
28810
28633
28714
28665
28629
28907
28644
28823
28582
28473
28673
28584
28846
28628
28608
28789
28647
28638
28581
28627
28770
28741
28686
28601
28676
28669
28682
28722
28731
28950
28776
28667
28780
28787
28870
28742
28787
28813
28855
28753
28745
28718
28877
28969
28728
28667
28727
28742
28923
28685
28622
28778
28835
28875
28541
28579
28790
28845
28923
28550
28570
28725
28785
28914
28552
28610
28748
28874
28864
28600
28628
28824
28843
28753
28662
28753
28887
28745
28809
28677
28736
28869
28602
28749
28793
28646
28853
28787
28770
28868
28624
28698
28714
28789
28891
28572
28633
28679
28598
28763
28624
28583
28642
28525
28814
28750
28634
28656
28681
28990
28809
28518
28577
28635
28955
28826
28632
28660
28648
28941
28692
28668
28610
28692
28854
28658
28605
28594
28619
28746
28588
28775
28695
28741
28692
28672
28826
28729
28677
28553
28497
28750
28712
28801
28672
28661
28671
28728
28842
28812
28737
28629
28593
28659
28812
28834
28624
28699
28808
28870
28728
28551
28690
28826
28834
28811
28610
28753
28780
28883
28789
28844
28833
28684
28735
28722
28673
28753
28781
28953
28834
28725
28683
28863
28838
28849
28775
28570
28815
28809
28771
28629
28648
28727
28667
28873
28722
28627
28708
28639
28857
28738
28693
28637
28624
28855
28615
28735
28795
28640
28811
28641
28542
28711
28799
28864
28693
28641
28693
28858
28821
28593
28619
28722
28793
28715
28593
28604
28875
28788
28787
28692
28805
28932
28711
28802
28689
28714
28829
28783
28687
28617
28860
28903
28837
28772
28698
28787
28847
28761
28734
28593
28820
28824
28776
28690
28630
28971
28816
28742
28593
28730
28961
28710
28568
28629
28810
28972
28639
28566
28632
28845
28928
28638
28677
28632
28745
28727
28699
28715
28638
28699
28705
28825
28742
28768
28827
28637
28770
28655
28738
28807
28739
28739
28807
28918
28861
28779
28862
28769
28845
28916
28756
28712
28799
28909
28845
28830
28745
28803
28911
28776
28577
28862
28750
28760
28734
28713
28908
28773
28603
28731
28605
28858
28793
28561
28698
28573
28788
28763
28670
28666
28627
28695
28766
28737
28708
28771
28730
28859
28745
28609
28776
28760
28771
28930
28715
28869
28890
28809
28884
28794
28803
28817
28742
28815
28762
28875
28811
28723
28763
28854
28751
28832
28811
28639
28775
28640
28784
28877
28728
28794
28614
28769
28729
28719
28721
28603
28810
28674
28726
28624
28558
28805
28737
28931
28663
28548
28586
28683
28812
28745
28657
28822
28874
28824
28672
28597
28736
28843
28768
28576
28664
28511
28813
28741
28739
28875
28641
28774
28539
28774
28808
28522
28799
28704
28774
28850
28608
28852
28780
28746
28842
28766
28833
28749
28756
28846
28729
28831
28656
28777
28843
28717
28753
28737
28773
28932
28684
28743
28747
28770
28748
28660
28755
28843
28726
28567
28672
28804
29014
28712
28578
28767
28784
28940
28744
28598
28698
28826
28709
28849
28674
28657
28869
28734
28751
28636
28745
28784
28616
28765
28638
28662
28636
28483
28792
28789
28650
28483
28611
28757
28732
28758
28613
28702
28715
28619
28722
28731
28709
28679
28742
28805
28661
28774
28651
28626
28839
28749
28639
28651
28658
28809
28697
28600
28667
28701
28674
28687
28723
28824
28653
28615
28740
28585
28817
28733
28679
28863
28744
28783
28683
28715
28918
28706
28643
28655
28623
28831
28777
28619
28807
28712
28732
28815
28689
28773
28769
28835
28832
28805
28706
28702
28789
28735
28852
28811
28731
28904
28815
28668
28801
28789
28773
28793
28764
28877
28791
28753
28767
28583
28764
28776
28685
28808
28636
28695
28841
28785
28860
28786
28829
28725
28718
28733
28657
28854
28705
28695
28848
28627
28880
28738
28645
28815
28739
28888
28578
28674
28714
28643
28762
28599
28697
28733
28619
28678
28600
28701
28694
28720
28715
28740
28838
28659
28672
28564
28615
28710
28622
28632
28704
28703
28711
28650
28730
28545
28768
28886
28611
28716
28573
28660
28680
28549
28714
28643
28786
28795
28637
28672
28576
28810
28710
28503
28598
28722
28774
28790
28660
28677
28637
28840
28808
28649
28714
28696
28789
28693
28751
28813
28640
28680
28614
28784
28779
28749
28714
28740
28849
28779
28711
28682
28678
28786
28900
28756
28765
28804
28806
28737
28628
28794
28824
28718
28740
28723
28627
28615
28587
28727
28880
28687
28666
28601
28565
28830
28751
28567
28642
28652
28874
28723
28650
28607
28648
28790
28641
28671
28748
28718
28937
28690
28610
28751
28695
28871
28646
28799
28919
28842
28773
28834
28700
28904
28884
28699
28749
28783
28783
28845
28772
28858
28713
28715
28754
28744
28836
28804
28644
28751
28694
28635
28656
28628
28747
28950
28715
28667
28632
28643
28698
28723
28735
28780
28846
28699
28524
28578
28754
28873
28795
28678
28708
28856
28746
28716
28524
28741
28957
28900
28644
28572
28791
28925
28853
28707
28714
28864
28811
28838
28711
28669
28959
28819
28848
28719
28701
28808
28902
28779
28631
28731
28916
28950
28863
28780
28684
28862
28827
28730
28706
28750
28905
28834
28608
28760
28696
28860
28894
28613
28812
28562
28821
28812
28580
28783
28607
28896
28867
28655
28684
28608
28816
28708
28486
28607
28653
28768
28695
28650
28750
28665
28767
28777
28663
28762
28747
28641
28649
28615
28802
28844
28666
28757
28821
28967
28741
28618
28703
28825
29004
28709
28486
28712
28822
28876
28712
28534
28695
28929
28640
28928
28660
28718
28862
28568
28875
28698
28806
28824
28506
28617
28611
28777
28868
28535
28666
28762
28650
28861
28579
28642
28742
28706
28804
28513
28634
28801
28660
28781
28678
28693
28779
28687
28814
28702
28703
28817
28522
28819
28677
28706
28715
28619
28868
28767
28650
28642
28508
28720
28696
28820
28759
28565
28706
28828
28848
28725
28549
28657
28826
28789
28758
28730
28739
28897
28947
28805
28822
28793
28792
28830
28743
28783
28848
28839
28790
28785
28789
28778
28881
28828
28801
28856
28868
28739
28704
28607
28687
28854
28821
28787
28645
28806
28791
28831
28903
28709
28785
28790
28727
28706
28648
28716
28712
28777
28875
28844
28727
28685
28700
28753
28770
28837
28744
28586
28884
28760
28881
28718
28613
28888
28850
28726
28720
28588
28867
28879
28715
28773
28664
28777
28849
28808
28565
28688
28732
28866
28803
28699
28687
28636
28878
28623
28630
28734
28668
28857
28693
28665
28574
28769
28898
28578
28787
28624
28786
28792
28614
28730
28518
28728
28816
28763
28717
28607
28856
28789
28642
28721
28655
28812
28802
28700
28739
28711
28796
28796
28738
28732
28899
28710
28750
28642
28765
28949
28617
28773
28749
28700
28883
28623
28628
28752
28741
28902
28784
28588
28824
28771
28886
28785
28674
28753
28757
28760
28759
28787
28651
28641
28697
28986
28931
28680
28786
28652
28885
28848
28592
28682
28732
28772
28899
28650
28551
28770
28702
28783
28788
28738
28700
28558
28666
28695
28711
28687
28418
28653
28807
28526
28664
28560
28645
28792
28606
28675
28635
28704
28772
28748
28747
28480
28634
28644
28671
28718
28599
28649
28626
28864
28769
28685
28585
28609
28939
28766
28680
28600
28552
28878
28689
28823
28606
28608
28780
28787
28748
28727
28696
28664
28682
28734
28648
28731
28752
28717
28701
28705
28638
28700
28668
28703
28835
28728
28728
28708
28793
28746
28818
28933
28843
28851
28617
28730
28885
28690
28819
28575
28757
28837
28670
28824
28702
28784
28708
28612
28662
28720
28782
28603
28518
28554
28708
28730
28650
28497
28672
28901
28787
28831
28658
28507
28824
28882
28745
28684
28674
28782
28871
28646
28642
28538
28767
28799
28602
28688
28533
28759
28707
28530
28664
28756
28812
28746
28697
28606
28769
28858
28759
28758
28757
28921
28952
28732
28643
28659
28775
28883
28784
28811
28665
28831
28668
28720
28710
28700
28810
28724
28773
28471
28639
28784
28647
28842
28658
28662
28780
28621
28895
28812
28643
28662
28752
28868
28885
28629
28759
28749
28828
28876
28511
28714
28907
28729
28828
28532
28665
28883
28670
28763
28501
28733
28878
28580
28671
28537
28656
28746
28581
28745
28839
28627
28707
28663
28841
28848
28627
28750
28775
28882
28890
28512
28637
28788
28789
28947
28540
28590
28759
28828
28909
28596
28655
28624
28683
28785
28614
28703
28605
28638
28747
28795
28650
28672
28732
28598
28753
28736
28695
28782
28752
28809
28868
28862
28666
28724
28750
28838
28869
28652
28683
28710
28817
28754
28521
28791
28715
28859
28641
28614
28790
28733
28682
28628
28702
28694
28705
28661
28628
28726
28588
28671
28706
28771
28819
28715
28745
28730
28707
28680
28699
28802
28769
28678
28720
28823
28826
28740
28723
28704
28856
28846
28656
28604
28649
28982
28929
28699
28559
28640
28928
28926
28594
28596
28690
28724
28725
28615
28670
28828
28821
28696
28584
28616
28837
28795
28748
28785
28757
28796
28681
28615
28733
28708
28713
28675
28717
28981
28786
28675
28544
28638
28936
28842
28618
28584
28701
28803
28894
28702
28489
28824
28858
28914
28707
28566
28843
28805
28824
28733
28589
28708
28737
28803
28692
28454
28792
28810
28893
28629
28599
28852
28672
28812
28649
28577
28761
28710
28732
28684
28717
28684
28666
28784
28698
28789
28807
28665
28774
28698
28730
28711
28618
28748
28710
28848
28726
28586
28676
28806
28705
28693
28555
28671
28904
28723
28656
28595
28580
28878
28769
28665
28582
28690
28885
28705
28824
28681
28596
28767
28715
28882
28779
28660
28785
28725
28851
28710
28634
28813
28725
28855
28661
28546
28688
28609
28758
28774
28706
28703
28641
28632
28749
28756
28780
28715
28790
28817
28728
28714
28679
28741
28898
28818
28749
28712
28683
28832
28834
28712
28624
28666
28788
28830
28759
28719
28698
28746
28789
28672
28789
28737
28675
28776
28859
28644
28791
28714
28732
28937
28682
28860
28737
28769
28897
28641
28690
28650
28781
28797
28499
28904
28871
28641
28738
28573
28837
28760
28641
28785
28774
28703
28666
28657
28913
28751
28743
28741
28619
28862
28760
28654
28748
28612
28763
28662
28783
28918
28635
28620
28589
28628
28838
28690
28602
28637
28703
28906
28675
28592
28670
28777
28963
28694
28840
28792
28651
28745
28781
28880
28903
28750
28773
28758
28886
28937
28655
28884
28816
28811
28836
28655
28785
28860
28871
28721
28790
28739
28753
28846
28769
28729
28678
28657
28753
28704
28701
28757
28671
28761
28644
28656
28878
28756
28710
28591
28666
28815
28736
28820
28669
28682
28759
28820
28808
28713
28737
28726
28703
28652
28740
28747
28811
28731
28662
28698
28728
28807
28723
28701
28631
28679
28752
28727
28726
28686
28899
28899
28612
28590
28668
28866
28905
28706
28658
28689
28776
28810
28646
28557
28701
28706
28921
28683
28561
28762
28685
29005
28613
28607
28656
28606
28894
28799
28574
28821
28651
28919
28810
28665
28757
28727
28671
28659
28668
28662
28675
28738
28774
28675
28572
28592
28661
28871
28943
28658
28617
28526
28800
28843
28584
28605
28678
28880
28935
28611
28540
28767
28915
28758
28638
28672
28722
28848
28640
28722
28870
28666
28682
28675
28757
28882
28752
28725
28710
28790
28805
28567
28746
28789
28697
28585
28684
28840
28881
28640
28569
28845
28881
28756
28715
28718
28804
28849
28654
28641
28710
28880
28839
28583
28776
28678
28846
28923
28649
28660
28732
28801
28839
28762
28651
28618
28927
28810
28845
28642
28619
28802
28823
28757
28570
28597
28847
28787
28871
28737
28595
28821
28721
28752
28604
28752
28709
28647
28645
28780
28903
28885
28606
28670
28771
28867
28792
28633
28711
28782
28872
28628
28507
28719
28753
28862
28728
28743
28747
28671
28829
28605
28711
28780
28604
28729
28716
28633
28754
28673
28865
28793
28809
28733
28562
28770
28735
28720
28643
28638
28706
28789
28734
28651
28785
28692
28671
28584
28615
28714
28932
28656
28746
28745
28816
28908
28587
28641
28814
28768
28702
28552
28592
28833
28826
28707
28568
28495
28751
28669
28785
28704
28508
28716
28598
28750
28632
28620
28654
28812
28835
28667
28773
28570
28766
28838
28762
28744
28705
28706
28874
28899
28766
28744
28867
28766
28864
28720
28681
28840
28796
28758
28551
28806
28849
28787
28660
28491
28778
28766
28808
28662
28582
28650
28605
28914
28775
28589
28794
28771
28733
28652
28676
28787
28673
28627
28702
28633
28639
28775
28654
28806
28658
28720
28748
28737
28789
28729
28701
28571
28618
28583
28668
28736
28727
28885
28682
28692
28644
28815
28904
28695
28641
28558
28686
28859
28768
28612
28727
28805
28883
28769
28558
28799
28757
28740
28658
28644
28831
28767
28818
28707
28632
28825
28703
28710
28738
28681
28808
28725
28731
28655
28843
28826
28708
28856
28817
28775
28867
28677
28776
28775
28707
28823
28668
28680
28817
28805
28923
28706
28707
28787
28769
28922
28669
28720
28752
28756
28841
28678
28702
28773
28688
28848
28840
28885
28754
28669
28769
28836
28829
28752
28732
28804
28899
28899
28787
28801
28781
28781
28828
28742
28857
28753
28894
28886
28741
28764
28704
28815
28835
28810
28896
28710
28716
28796
28652
28781
28712
28791
28824
28702
28748
28622
28674
28804
28612
28592
28678
28842
28870
28489
28550
28725
28816
28899
28594
28642
28772
28696
28762
28548
28597
28927
28868
28779
28610
28661
28836
28862
28676
28719
28801
28759
28692
28625
28684
28834
28901
28818
28778
28934
28617
28774
28653
28605
28938
28755
28694
28695
28652
28830
28783
28756
28687
28787
28766
28687
28741
28680
28827
28763
28916
28865
28702
28740
28695
28721
28736
28603
28853
28805
28798
28759
28565
28781
28825
28914
28738
28687
28795
28743
28699
28588
28696
28766
28742
28754
28681
28902
28742
28738
28752
28654
28911
28777
28687
28661
28673
28857
28569
28807
28783
28585
28683
28644
28798
28941
28646
28782
28710
28717
28831
28637
28788
28705
28799
28811
28507
28719
28580
28717
28961
28674
28783
28693
28722
28813
28614
28688
28604
28820
28739
28537
28670
28723
28879
28781
28780
28624
28674
28640
28699
28745
28728
28749
28768
28768
28733
28658
28867
28884
28727
28827
28696
28634
28863
28685
28716
28736
28703
28940
28764
28719
28756
28668
28724
28753
28752
28865
28635
28737
28791
28732
28707
28656
28713
28952
28740
28698
28671
28856
28993
28704
28792
28613
28669
28803
28627
28836
28759
28681
28685
28626
28872
28805
28782
28570
28701
28915
28646
28779
28520
28726
28887
28590
28793
28752
28778
28841
28706
28767
28680
28781
28719
28598
28779
28761
28721
28661
28685
28640
28755
28693
28755
28854
28651
28607
28578
28632
28816
28654
28726
28681
28819
28950
28644
28583
28602
28779
28933
28716
28673
28702
28716
28882
28784
28577
28722
28824
28898
28675
28591
28763
28691
28839
28697
28652
28839
28649
28924
28743
28607
28890
28651
28909
28637
28597
28636
28697
28877
28814
28642
28697
28645
28787
28722
28702
28665
28679
28724
28662
28648
28618
28614
28741
28776
28791
28618
28496
28670
28740
28833
28573
28554
28687
28655
28775
28757
28617
28758
28660
28645
28745
28654
28712
28699
28765
28832
28631
28718
28708
28697
28937
28702
28709
28816
28599
28862
28790
28708
28958
28617
28702
28661
28753
28988
28645
28733
28752
28561
28810
28631
28651
28856
28702
28771
28670
28645
28885
28639
28698
28757
28746
28773
28605
28628
28929
28857
28885
28635
28724
28928
28804
28737
28683
28731
28774
28664
28655
28656
28751
28849
28708
28694
28680
28775
28760
28568
28674
28636
28576
28648
28649
28759
28643
28641
28692
28632
28774
28714
28784
28798
28575
28758
28753
28564
28783
28744
28815
28923
28701
28961
28771
28842
28893
28673
28792
28836
28777
28702
28680
28852
28838
28759
28739
28794
28976
28686
28570
28643
28770
28936
28736
28814
28737
28749
28775
28739
28829
28857
28735
28744
28667
28738
28851
28714
28789
28836
28860
28859
28701
28898
28803
28745
28777
28694
28877
28804
28663
28819
28770
28855
28693
28667
28759
28707
28803
28682
28706
28771
28636
28845
28829
28772
28670
28557
28686
28790
28822
28739
28754
28839
28867
28866
28826
28772
28795
28807
28671
28822
28855
28734
28801
28647
28856
28938
28730
28794
28703
28943
28785
28829
28803
28650
28807
28706
28709
28799
28635
28776
28684
28683
28719
28819
28742
28685
28622
28562
28712
28785
28706
28572
28629
28671
28622
28596
28659
28655
28790
28775
28636
28813
28679
28805
28606
28785
28962
28794
28722
28612
28781
28898
28782
28758
28657
28711
28929
28744
28735
28649
28810
28908
28755
28625
28657
28808
28941
28801
28668
28575
28841
28828
28661
28698
28591
28863
28861
28794
28704
28667
28864
28864
28837
28674
28675
28899
28809
28739
28663
28795
28982
28878
28673
28749
28814
28986
28701
28739
28784
28711
28761
28622
28806
28755
28743
28842
28603
28774
28745
28742
28846
28624
28711
28680
28797
28748
28612
28653
28646
28844
28644
28625
28600
28627
28782
28613
28726
28496
28637
28791
28734
28828
28644
28554
28670
28654
28719
28527
28654
28800
28727
28671
28682
28663
28747
28689
28517
