32253
32332
32151
32325
32143
32273
32147
32263
32162
32286
32100
32238
32015
32329
32109
32368
32125
32088
32021
32247
32286
32273
32049
32247
32038
32315
32105
32106
32043
32208
32284
32215
32076
31984
32153
32250
32250
32044
32145
32290
32148
32186
32188
32064
32265
31929
32249
32198
32065
32090
31971
32175
32223
32078
32095
32070
32273
32311
32000
32015
32092
32356
32306
31932
32040
32131
32308
32315
31958
32172
32105
32178
32238
32184
32217
32026
32115
32193
32186
32230
32016
32040
32228
32088
32302
32155
32028
32091
32314
32336
32104
32055
32106
32119
32521
32058
32087
32138
32101
32153
32168
32008
32222
32126
32323
32085
32120
32075
32185
32250
31953
32181
32281
32090
32042
31987
32164
32349
32121
32110
32109
32267
32277
32054
32156
32215
32290
32199
32131
32207
32307
32291
32237
32013
32203
32417
32164
32219
32153
32171
32236
32300
32161
32219
32210
32279
32203
32346
32174
32203
32194
32182
32309
32317
32109
32159
32156
32262
32228
32077
32178
32174
32206
32083
32132
32202
32273
32222
32212
32003
32058
32177
32181
32107
32091
32107
32345
32202
32105
32209
32062
32240
32061
32320
32167
31979
32104
32101
32154
32259
32115
32197
32216
32260
32215
32168
32086
32142
32272
32170
32126
32040
32052
32204
32133
32181
32167
32179
32175
32210
32288
32202
32295
32315
32057
32135
32212
32267
32179
32185
32166
32064
32247
32101
32081
32058
32268
32106
32189
32065
32035
32217
32269
32192
32114
32201
32252
32140
32264
32165
32156
32285
32190
32086
32175
32298
32278
32260
32046
32249
32157
32275
32126
32193
32199
32333
32103
32174
32107
32225
32157
32298
32068
32102
32204
32260
32110
32317
32123
32325
32162
32140
32294
32100
32318
32141
32336
32197
32113
32156
32164
32135
32370
32130
32283
32104
32298
32228
32234
32276
32079
32308
32297
32179
32283
32129
32256
32137
32159
32422
32221
32323
32208
32133
32283
32256
32316
32180
32118
32397
32315
32095
32152
32207
32337
32393
32124
32052
32226
32233
32387
32113
32178
32222
32256
32433
32096
32093
32211
32220
32416
32130
32112
32194
32096
32325
32190
32177
32277
32151
32180
32173
32142
32250
32012
32399
32103
32112
32153
32101
32146
32217
32185
32282
32090
32334
32095
32227
32167
32220
32268
32174
32302
32101
32173
32196
32097
32214
32204
32207
32244
32106
32271
32107
32075
32355
31993
32236
32214
32143
32245
32155
32229
32296
32002
32307
32219
32257
32045
32126
32119
32272
32134
32130
32138
32238
32268
32149
32070
32247
32179
32224
32114
32146
32118
32222
32090
32144
32284
32260
32051
32118
32245
32356
32176
32047
32173
32316
32200
32341
32090
32031
32225
32360
32166
32060
32175
32265
32181
32334
32048
32115
32106
32157
32088
32239
32103
32143
32137
32218
32039
32185
32188
32281
32140
32114
32048
32269
32122
32236
31951
32304
32214
32180
32126
32100
32219
32276
32052
32252
32121
32229
32288
32096
32148
32181
32373
32181
31945
32268
32216
32163
32194
32046
32080
32237
32112
32281
32023
32135
32044
32147
32018
32222
32121
32156
32034
32260
32257
32318
32050
32060
32335
32336
32126
32288
32120
32278
32248
32335
32248
32235
32255
32156
32269
32219
32197
32292
32163
32198
32306
32116
32154
32304
32327
32202
32202
31994
32204
32216
32439
32118
32133
32113
32327
32069
32237
32085
32263
32106
32258
32078
32075
32242
32236
32192
32211
32155
32164
32302
32229
32104
32201
32347
32162
32171
31997
32246
32270
32149
32187
32112
32282
32193
32085
32139
32161
32268
32197
31945
32123
32169
32164
32216
32118
32177
32160
32215
32178
32116
32295
32189
32193
32276
32151
32077
32159
32291
32212
32126
32265
32209
32178
32198
32213
32073
32221
32066
32210
32154
32211
32284
32047
32180
32060
32069
32459
32080
32175
32182
32038
32236
32122
32142
32299
32018
32231
32061
32221
32239
32185
32190
32120
32205
32308
32259
32143
32001
32186
32410
32305
32017
31995
32186
32401
32377
32040
31927
32130
32412
32317
32264
31944
32114
32397
32293
32279
31962
32121
32288
32372
32215
32035
32131
32328
32238
32421
32080
32191
32227
32263
32315
32149
32080
32231
32192
32479
32227
32068
32114
32229
32288
32264
31999
32123
32186
32394
32167
31984
32203
32137
32309
32293
31946
32275
32118
32348
32291
31991
32197
32221
32288
32331
32051
32285
32222
32377
32260
32101
32149
32235
32417
32241
32095
32200
32142
32318
32212
32003
32283
32083
32427
32183
32168
32159
32184
32356
32171
32110
32247
32162
32321
32089
32062
32157
32104
32339
32196
32135
32251
32175
32215
32210
32120
32342
32186
32348
32048
32227
32200
32206
32228
32175
32179
32323
32118
32231
32236
32228
32193
32299
32249
32213
32184
32053
32126
32261
32337
32163
31991
32099
32137
32371
32151
32030
32091
32278
32242
32153
31929
32131
32123
32487
32114
31996
32101
32131
32435
32222
32118
32067
32230
32166
32271
32087
32118
32118
32292
32147
32134
32229
32295
32268
32227
32228
32157
32381
32153
32278
32164
32114
32207
32250
32100
32243
32026
32291
32265
32166
32127
32108
32226
32335
32017
32187
32203
32224
32123
32176
32149
32185
32317
32216
32122
32284
32257
32136
32279
32149
32165
32218
32276
32229
32180
32001
32196
32210
32380
32225
32114
32145
32220
32282
32299
32028
32289
32099
32417
32163
32019
32193
32096
32285
32222
32058
32194
32331
32191
32088
32107
32250
32205
32347
32031
32097
32239
32098
32333
32249
32073
32093
32214
32239
32214
32146
31983
32171
32390
32300
32212
32152
32195
32250
32460
32021
32204
32221
32253
32253
32191
32221
32229
32134
32309
32137
32205
32214
32226
32155
32250
32181
32188
32166
32108
32168
32156
32275
32102
32042
32164
32127
32156
32191
32000
32204
32050
32134
32198
32078
32318
32244
32102
31997
32202
32224
32171
32000
32094
32240
32422
32097
32024
32092
32189
32276
32122
32058
32149
32119
32228
32299
32131
32202
32092
32156
32157
32281
32269
32053
32164
32204
32167
32308
32109
32119
32165
32132
32357
32239
32118
32258
32106
32211
32263
32170
32233
32077
32343
32168
32113
32164
32042
32243
32301
32025
32230
32110
32293
32172
32110
32109
32314
32203
32228
32104
32093
32104
32298
32089
32157
32239
32172
32275
32266
32082
32096
32137
32310
32292
32115
32112
32091
32171
32196
32211
32044
32084
32164
32145
32169
31952
32168
32123
32174
32087
32147
32160
32288
32015
32279
32122
32225
32294
32166
32160
32190
32241
32250
32127
32233
32291
32243
32208
32223
32217
32341
32303
32313
32006
32251
32282
32272
32207
32078
32241
32329
32287
32064
32050
32140
32228
32157
32177
32103
32199
32149
32179
32081
32087
32320
32238
32081
32085
32099
32200
32076
32067
32205
32166
32251
32025
32197
32223
32135
32331
32179
31974
32144
32222
32311
32199
31975
32281
32118
32338
32147
31986
31985
32105
32189
32358
31943
32142
32058
32196
32109
32071
32179
32135
32041
32188
32163
32197
32177
32009
32244
32109
32211
32203
32049
32171
32105
32296
32144
32140
32187
32235
32158
32170
32096
32172
32093
32288
32113
32196
32093
32183
32346
32168
32107
32181
32127
32301
32161
32020
32192
32106
32305
32273
32070
32037
32220
32215
32314
32183
31959
32036
32430
32212
32195
31959
32014
32347
32445
32036
31942
32014
32381
32255
32241
31847
32036
32322
32293
32046
31870
32215
32337
32336
32008
32042
32172
32485
32200
32184
32104
32192
32338
32275
32096
32159
32140
32430
32105
32168
32070
32051
32342
32250
32123
32177
32206
32312
32355
32068
32129
32221
32387
32231
32146
32138
32225
32331
32390
32191
32079
32149
32314
32416
32179
32056
32283
32301
32397
32208
32084
32290
32268
32309
32213
32172
32334
32174
32461
32250
32126
32104
32178
32299
32379
32144
32238
32109
32210
32166
32149
32181
32198
32180
32316
32191
31951
32237
32060
32381
32110
32194
32224
32071
32140
32189
31986
32225
32215
32257
32160
32006
31993
32262
32208
32154
32112
32221
32112
32022
32184
32046
32309
32158
32195
32093
32188
32123
32175
32112
32211
32223
32288
32082
32058
32255
32298
32133
32092
32044
32275
32296
32085
32128
32095
32124
32193
32173
32205
32135
32236
32090
32128
32226
32208
32120
32184
32198
32110
32180
32152
32146
32189
32107
32373
32049
32209
32143
32216
32054
32148
32049
32247
32104
32285
32133
32307
32052
32211
32336
32200
32258
32181
32198
32171
32210
32238
32156
32069
32304
32207
32428
32112
32164
32177
32365
32279
32216
32194
32210
32291
32350
32046
32222
32186
32244
32242
32247
32288
32271
32299
32198
32210
32249
32209
32317
32172
32209
32047
32302
32266
32191
32181
32160
32239
32371
32320
32187
32168
32249
32196
32358
32304
32131
32231
32250
32363
32268
32173
32147
32125
32315
32342
32233
32130
32069
32264
32168
32255
32182
32004
32196
32294
32242
32003
32021
32117
32451
32300
32051
32059
32166
32329
32377
32038
32085
32185
32210
32145
32115
32244
32134
32111
32166
32237
32178
32144
32109
32195
32232
32391
32068
32159
32072
32314
32176
32245
32125
32083
32304
32280
32224
31998
32054
32380
32224
32211
32108
32039
32198
32204
32166
32187
32088
32312
31946
32314
32183
32063
32168
32062
32213
32250
32161
32104
31935
32140
32278
32189
32288
32042
32106
32205
32057
32337
32063
32239
32203
32100
32301
32259
32173
32273
32011
32413
32288
32254
32102
32099
32284
32435
32277
32139
32184
32178
32301
32331
32254
32197
32113
32252
32317
32231
32214
32117
32146
32261
32243
32321
32209
32236
32159
32291
32259
32110
32243
32146
32209
32113
32218
32232
32115
32221
32055
32186
32154
32296
32218
32252
32180
32236
32151
32265
32221
32197
32102
32263
32142
32288
32202
32060
32155
32191
32319
32209
31995
32106
32318
32312
32135
32000
32246
32244
32209
32121
32130
32180
32372
32139
32164
32064
32134
32184
32224
32136
32203
32109
32272
32025
32140
32282
32162
32224
32255
32104
32206
32106
32159
32269
32115
32363
32105
32212
32211
32170
32178
32199
32145
32407
32188
32189
32213
32219
32193
32170
32177
32311
32237
32329
32224
32182
32183
32152
32313
32186
32216
32062
32323
32199
32238
32001
32296
32108
32311
31935
32161
32037
32211
32119
32169
32059
32051
32117
32261
32141
32204
32075
32348
32197
32126
32265
32129
32276
32268
32153
32291
32244
32309
32233
32199
32406
32250
32324
32210
32054
32192
32245
32175
32335
32120
32107
32103
32184
32123
32248
32097
32278
32123
32309
32208
32172
32190
32253
32206
32229
32100
32195
32091
32142
32308
32214
32274
32161
32261
32190
32176
32194
32173
32274
32361
32094
32231
32006
32154
32191
32115
32151
32130
32132
32147
32090
32313
32081
32144
32245
32111
32082
32113
32074
32176
32048
32232
32098
31997
31937
32064
32185
32231
32120
32064
32379
32272
32123
32158
32092
32258
32275
32016
32198
32076
32285
32150
32047
32321
32141
32201
32121
32081
32335
32156
32208
32036
32082
32462
32118
32123
31936
32105
32160
32295
32137
32094
32112
32325
32235
32029
32241
32176
32131
32122
32251
32185
32124
32197
32155
32134
32381
32103
32065
32020
32204
32140
32352
32001
32136
32178
32294
32059
32125
31972
32284
32241
32378
31995
32112
32125
32312
32333
32068
32224
32188
32167
32371
32152
32162
32250
32125
32414
32145
32241
32225
32104
32157
32137
32170
32258
32061
32264
32156
32199
32126
32228
32236
32253
32146
32208
32200
32212
32171
32229
31997
32320
32191
32284
32110
32122
32256
32344
32163
32141
32108
32233
32374
32218
32098
32145
32123
32306
32219
32217
32124
32130
32396
32172
32131
32218
32111
32281
32377
32207
32176
32059
32300
32196
32199
32199
32128
32334
32331
32280
32192
32108
32295
32267
32295
32301
32096
32246
32150
32246
32330
32198
32266
32092
32178
32247
32076
32228
32045
32143
32326
32285
32187
32061
32022
32282
32291
32231
32147
32071
32193
32174
32163
32291
32009
32252
32078
32275
32239
32172
32059
32223
32137
32364
32127
32210
32209
32141
32204
32307
32260
32232
32147
32016
32251
32250
32339
32084
32130
32114
32306
32298
32223
32096
32140
32178
32240
32333
32165
31955
32290
32184
32246
32086
32131
32231
32182
32257
32173
32200
32133
32291
32109
32151
32115
32219
32165
32241
32102
32131
32077
32337
32099
32052
32152
32170
31993
32214
32032
32151
32178
32232
32088
32039
32095
32133
32103
32147
32184
32224
32266
32151
31981
32232
32262
32274
32114
32051
32305
32295
32247
32149
32005
32339
32200
32262
32243
32033
32155
32232
32264
32121
32149
32135
32165
32294
32104
32089
32087
32129
32287
32142
32135
32140
32100
32204
32205
32060
32217
32200
32354
32061
32035
32259
32140
32381
32108
32098
32314
32269
32211
32231
32000
32237
32304
32378
32006
32068
32025
32247
32333
32216
32018
32088
32071
32310
32294
32157
32046
32214
32211
32236
32050
32114
32080
32408
32273
32034
32177
32097
32296
32181
32128
32261
32159
32217
32242
32181
32160
32002
32231
32309
32101
32135
32082
32193
32282
32090
32266
32019
32248
32190
32024
32121
32079
32135
32362
31914
32079
32065
32279
32168
32058
32099
32080
32188
32345
32028
31996
32083
32163
32472
32107
31994
32123
32173
32340
32200
32068
32236
32069
32346
32110
32177
32204
32099
32215
32237
32176
32287
32187
32170
32172
32188
32198
32299
32114
32068
32114
32185
32330
32127
32107
32038
32200
32226
32333
31988
32072
32265
32288
32255
31883
32051
32296
32309
32329
32018
32066
32407
32227
32341
32117
32157
32282
32263
32170
32102
32229
32270
32353
32136
32149
32295
32028
32387
31993
32175
32270
32276
32171
32054
32032
32381
32277
32411
32133
32107
32152
32391
32362
32122
32135
32211
32325
32196
32148
32241
32279
32280
32256
32208
32291
32259
32254
32157
32233
32387
32205
32254
32229
32261
32346
32190
32298
32176
32250
32250
32071
32246
32319
32274
32197
32166
32224
32289
32277
32196
32224
32244
32309
32278
32177
32083
32226
32224
32388
32097
32286
32210
32120
32313
32202
32272
32334
32073
32463
32250
32250
32191
32076
32368
32407
32241
32119
31971
32314
32323
32364
32174
32037
32220
32323
32143
32324
31941
32256
32215
32298
32195
32100
32092
32240
32235
32388
32104
32049
32025
32233
32359
32272
32066
32163
32225
32259
32306
32145
32166
32325
32065
32409
32087
32157
32204
32063
32315
32159
32202
32239
32197
32196
32110
32172
32365
32143
32254
32023
32181
32219
32171
32165
32225
32147
32286
32167
31966
32310
32204
32122
32118
32170
32431
32183
32267
32111
32099
32471
32149
32138
32247
32100
32328
32245
32200
32148
32065
32211
32191
32044
32263
32144
32241
32161
32101
32157
32245
32229
32249
32052
32231
32135
32128
32077
32175
32161
32279
32117
32175
32282
32041
32161
31908
32153
32223
32337
31943
31964
32205
32330
32110
32181
32110
32164
32273
32284
32087
32037
32246
32148
32227
32048
32158
32216
32222
32182
32233
32101
32231
31977
32226
32222
32225
32130
32186
32160
32217
32086
32177
32168
32112
32260
32019
32060
32199
32196
32357
32036
31941
32110
32172
32455
32232
31965
32149
32174
32358
32247
32153
32118
32245
32426
32325
32320
32162
32259
32362
32445
32297
32211
32245
32302
32353
32267
32147
32297
32231
32270
32225
32037
32315
32238
32295
32176
32098
32353
32167
32264
32157
32061
32257
32267
32145
32143
31996
32334
32228
32314
32327
31924
32268
32269
32308
32308
32008
32223
32205
32214
32243
31959
32318
32178
32182
32219
32114
32204
32242
32094
32208
32149
32341
32175
32143
32051
32220
32184
32278
32191
32130
32168
32024
32285
32145
32168
32204
32106
32068
32245
32028
32167
32206
32146
32144
32077
32173
32062
32096
32031
32093
32125
32270
32081
32220
32089
32201
32072
32039
32294
32084
32130
32017
32012
32052
32322
32166
32092
32065
32188
32181
32156
32156
32121
32210
32195
32005
32247
32095
32136
32092
32154
32268
32188
32179
32043
32174
32302
32137
32257
32145
32059
32305
32251
32278
32178
32023
32249
32297
32277
32143
32079
32331
32309
32241
32170
32174
32300
32352
32167
32120
32212
32219
32152
32130
32057
32220
32182
32213
32063
32040
32079
32215
32145
32218
32129
32100
32182
32100
32043
32035
31980
32175
32084
32012
32075
32033
32283
32070
32145
32166
32126
32132
32302
32082
32096
32225
32165
32119
32054
32076
32274
32189
32326
31984
32229
32192
31964
32234
32077
32179
32098
32136
32201
32050
32140
32111
32127
32190
32203
32035
32152
32145
32309
32169
32290
32072
32219
32255
32396
32135
32098
32166
32179
32273
32191
31970
32257
32209
32320
32378
32004
32245
32148
32255
32128
32267
32246
32069
32130
32158
32126
32280
32099
32105
32187
32127
32107
32145
32133
32201
32153
32249
32107
31945
32141
32119
32092
32168
32209
32093
31965
31991
32181
32236
32133
32078
32056
32433
32200
32039
31991
32099
32312
32321
32094
32066
32159
32366
32400
32260
32023
32191
32248
32504
32167
32110
32140
32147
32315
32331
32128
32241
32141
32254
32147
32145
32253
32193
32166
32279
32156
32071
32170
32120
32170
32111
32224
32092
32184
32307
32212
32019
32153
32196
32263
32127
32038
31972
32405
32200
32187
32005
32080
32109
32200
32224
32167
31978
32195
32208
32092
32132
32023
32172
32309
32200
32120
32153
32187
32323
32171
32182
32083
32118
32320
32050
32149
32169
32159
32202
32124
32253
32271
32018
32260
32090
32245
32228
32141
32148
32220
32212
32258
32096
32320
32063
32185
32298
32183
32196
32251
32107
32451
32179
32382
32244
32222
32310
32322
32196
32340
32087
32363
32276
32223
32363
32158
32241
32250
32255
32215
32164
32130
32251
32085
32325
32156
32078
32192
32133
32108
32348
32043
32206
32054
32105
32232
32105
32166
32006
32060
32414
31969
32195
32093
32166
32349
32093
32140
32243
32066
32341
32119
32287
32146
32184
32230
32201
32080
32217
32246
32130
32219
32019
32224
32300
32264
32202
32094
32117
32245
32211
32263
32097
32064
32390
32239
32187
32217
32168
32013
32189
32229
32273
32125
32126
32164
32081
32220
32206
32070
32076
32076
32033
32373
32042
32205
32114
32084
32028
32239
32201
32201
32042
32306
32311
32227
32159
32093
32158
32409
32205
32331
32098
32189
32196
32285
32145
32174
32122
32299
32163
32166
32002
32225
32321
32368
32111
32186
32040
32198
32219
32209
32256
32249
32194
32201
31997
32360
32037
32149
32165
32154
32254
32132
32023
32229
32191
32383
32084
32039
32151
32312
32324
32290
32014
32201
32267
32282
32340
32068
32042
32247
32347
32278
32200
32085
32290
32330
32264
32152
32116
32309
32331
32158
32203
32120
32428
32252
32122
32059
32190
32371
32440
32139
32100
32088
32302
32273
32291
32113
32188
32240
32304
32169
32134
32211
32204
32322
32188
32085
32182
32249
32270
32266
32066
32364
32251
32207
32144
32054
32128
32225
32007
32186
32066
32196
32265
32130
31981
32292
32208
32322
32082
32181
32185
32160
32121
32087
32003
32293
32200
32221
32142
32120
32211
32316
32179
32222
32105
32318
32210
32025
32200
32147
32152
32293
32192
32085
32161
32052
32309
32067
32233
32047
32200
32072
32093
32077
32259
31972
32112
32032
32248
32284
32031
32149
32119
32154
32275
32195
32088
32066
32166
32285
32149
32080
32042
32092
32310
32138
32114
32027
32098
32036
32163
32080
32205
32010
32254
32047
32015
32151
32178
32218
32152
32044
32136
32032
32201
32324
32126
32270
32000
32393
32228
32227
32217
32011
32340
32314
32184
32119
32036
32209
32310
32024
32177
32122
32201
32283
32086
32205
32170
32162
32368
32036
32280
32150
32110
32301
32087
32229
32331
32103
32328
32184
32126
32237
32097
32307
32142
32309
32120
32267
32228
32283
32269
32223
32228
32375
32109
32332
32182
32260
32292
32190
32243
32145
32250
32316
32037
32397
32042
32239
32205
32094
32289
32148
32186
32293
32052
32302
32111
32255
32185
32047
32201
32242
32240
32270
32069
32219
32215
32290
32129
32111
32245
32376
32177
32168
32102
32163
32351
32215
32131
32098
32180
32186
32126
32103
32222
32141
32289
32002
32317
32099
32152
32042
32163
32276
32317
32058
32210
32037
32302
32149
32249
32171
32073
32306
32316
32152
32206
32087
32319
32289
32131
32221
32036
32269
32314
32183
32053
32237
32185
32190
32250
32135
32176
32186
32155
32227
31954
32248
32205
32211
32070
32107
32230
32326
32123
32272
32120
32263
32276
32160
32263
32238
32166
32274
32023
32206
32292
32186
32162
32118
32187
32175
32268
32163
32199
32126
32242
32238
32205
32166
32189
32060
32187
32261
32271
32134
32128
32100
32116
32209
32287
31995
32072
32142
32147
32308
32137
32006
32172
32080
32290
32222
32080
32187
32113
32218
32195
32200
32209
32179
32187
32284
32227
32108
32130
32128
32199
32143
32152
32161
32212
32319
32253
32202
32182
32222
32383
32309
32131
32244
32181
32336
32300
32193
32196
32229
32398
32297
32128
32153
32202
32190
32188
32135
32248
32121
32138
32405
32134
32237
31985
32107
32222
32258
32213
32157
31979
32274
32118
32304
32138
32109
32279
32249
32158
32246
32060
32300
32134
32196
32218
32244
32200
32232
32099
32250
32350
32397
32157
32157
32209
32260
32325
32082
32319
32196
32276
32210
32132
32220
32225
32136
32228
31961
32192
32268
32091
32270
32005
32161
32328
32195
32307
32047
32070
32146
32285
32259
32038
32076
32306
32305
32172
32165
32104
32086
32339
32128
32152
32142
32130
32241
32288
32097
32197
32192
32262
32252
32140
32151
32110
32198
32207
32184
32145
32158
32161
32222
32040
32236
32180
32236
32194
31937
32122
32228
32160
32411
31962
32040
32249
32262
32132
32039
32095
32243
32256
32165
32053
32049
32380
32280
32209
31975
32102
32367
32285
32206
32137
32079
32211
32328
32079
32108
32005
32245
32288
32283
32120
32148
32196
32330
32163
32284
32152
32169
32163
32137
32264
32221
32152
32316
32095
32146
32239
32042
32221
32168
32129
32068
32106
32251
32162
32291
32114
31992
32321
32171
32108
32260
31968
32240
32410
32213
32092
32063
32218
32394
32198
32277
32232
32149
32225
32089
32245
32302
32209
32223
32208
32280
32256
32246
32156
32306
32271
32343
32183
32214
32180
32176
32261
32351
32285
32258
32075
32227
32346
32385
32225
31999
32212
32370
32290
32178
32160
32232
32277
32366
32048
32205
32278
32299
32284
32092
32149
32290
32268
32092
32131
32180
32195
32190
32062
32190
32200
32334
31963
32220
32120
32265
32226
32224
32210
32157
32064
32240
32176
32224
32131
32217
32212
32159
32274
32188
32234
32201
32150
32332
32348
32117
32354
32032
32408
32178
32213
32227
32244
32184
32234
32088
32254
32288
32168
32030
32059
32295
32252
32225
32108
32074
32153
32116
32270
32091
32026
32087
32266
32242
32172
32000
32126
32218
32445
32163
32136
32081
32150
32251
32204
32092
32185
32142
32137
32139
32162
32337
32251
32145
32235
32271
32144
32162
32180
32278
32304
32366
32119
32089
32282
32379
32381
32031
32175
32271
32346
32225
32064
32076
32397
32371
32244
31883
32084
32316
32409
32265
31971
32042
32351
32244
32444
32003
32116
32282
32314
32187
32114
32157
32265
32174
32323
32097
32129
32073
32179
32307
32233
32096
32111
32185
32282
32257
32099
32278
32155
32160
32245
32066
32060
32072
32267
32352
32119
32195
32037
32195
32239
32225
32189
32059
32287
32362
32240
32064
32063
32159
32307
32115
32223
32086
32329
32178
32203
32322
31978
32270
32033
32160
32321
32313
32234
32055
32103
32285
32166
32340
32090
32123
32203
32112
32282
32075
32160
32187
32318
32192
32225
32100
32189
32177
32266
32193
32263
32008
32096
32010
32391
32148
32157
32083
32109
32091
32249
32073
32189
32098
32170
32211
32112
32110
32086
32162
32303
32131
32243
32095
31957
32261
32217
32243
32078
32029
32195
32331
32117
32008
32083
32226
32190
32353
32039
32041
32107
32209
32236
32148
32111
32156
32174
32236
32063
32077
32161
32295
32199
32176
32102
31978
32153
32216
32209
32091
32156
32123
32055
32212
32256
32139
32067
32339
32155
32190
32039
32151
32191
32259
32106
32148
32192
32241
32206
32092
32253
32295
32231
31985
32129
32238
32259
32177
32071
32114
32125
32395
32021
32106
32078
32184
32105
32225
32073
32221
32123
32140
32067
32168
32258
32150
31987
32070
32189
32282
32228
31974
32039
32163
32375
32340
32042
32135
32288
32183
32126
32075
32152
32187
32221
32292
32038
32187
32150
32042
32106
32171
32106
32148
31954
32116
32103
32157
32143
32051
32218
32016
32145
32264
32077
32152
32014
32206
32029
32126
32079
32161
32168
32139
32139
32176
32166
32322
32019
32076
32167
32276
32279
32222
31988
32156
32306
32272
32191
32123
32206
32310
32391
32095
32208
32154
32297
32283
32198
32238
32163
32211
32223
32216
32294
32138
32068
32355
32118
32210
32189
32137
32377
32247
32043
32286
32119
32335
32234
32315
32116
32099
32201
32274
32256
32323
32220
32222
32198
32345
32147
32210
32046
32172
32259
32326
31957
32101
32130
32361
32142
32110
32006
32264
32326
32193
31986
32102
32313
32291
32277
32015
32007
32287
32242
32049
32099
32065
32310
32177
32225
32108
32179
32257
32093
32088
32314
32199
32122
32116
31979
32267
32235
32120
32118
32006
32222
32248
32212
32138
31937
32353
32226
32089
31990
32050
32240
32214
32112
32173
31905
32219
32130
32151
32029
32064
32164
32132
32103
32223
31946
32355
31960
32148
32251
32098
32278
31993
32093
32195
32133
32358
32137
32176
32118
32089
32201
32172
32241
32131
32163
32199
32357
32207
32193
32102
32178
32137
32286
32264
32083
32091
32139
32387
32012
32157
32075
32177
32178
32252
32167
32058
32150
32317
32173
32225
32144
32017
32271
32229
32265
32090
32154
32164
32187
32334
32258
32195
32201
32314
32280
32323
32226
32249
32340
32389
32181
32243
32156
32299
32303
32190
32233
32143
32268
32061
32178
32150
31996
32229
32127
32071
32056
32141
32117
32247
32132
32259
32163
32320
32120
32180
32099
32198
32133
32033
32001
32055
32228
32345
32167
32206
32147
31961
32387
32237
32255
32134
32140
32275
32077
32174
32191
32141
32261
32137
32229
32208
32289
32185
32037
32197
32271
32303
32204
32076
32233
32171
32354
32056
32083
32204
32121
32162
32164
32076
32327
32002
32237
32141
32042
32270
32160
32070
32068
32112
32312
32038
32040
32244
32097
32436
32003
32076
32185
32127
32277
32077
32043
32304
32170
32186
32004
32177
32469
32226
32126
32045
32255
32282
32261
32111
32133
32097
32186
32183
32181
32060
32213
32183
32255
32070
32123
32151
32268
32094
32294
32098
32158
32143
32161
32255
32192
32201
32150
32101
32069
32288
32108
32179
32015
32185
32315
32302
32035
32009
32205
32411
32205
32231
32128
32176
32157
32287
32146
32198
32159
32190
32182
32229
32039
32212
32092
32296
32198
32208
32049
32054
32058
32383
32079
32128
32124
32238
32163
32115
31985
32182
32132
32285
32179
32004
32164
32163
32369
32027
32202
32184
32162
32148
32216
31957
32095
32216
32225
32182
32110
32098
32034
32292
32235
32047
32150
32158
32123
32305
32040
32122
32156
32243
32238
32047
32224
32158
32266
32315
32097
32136
32271
32112
32214
32095
32293
32199
32132
32204
32020
32280
32086
32032
32201
32139
32120
32150
32041
32324
32086
32197
32028
31996
32368
32080
32092
32121
32110
32081
32254
31983
32169
32095
32269
32166
32101
31936
32158
32101
32185
32260
32224
32105
32013
32053
32240
32259
32163
32035
32063
32385
32192
32231
32061
32012
32209
32219
32168
32150
32068
32215
32142
32184
32169
32087
32249
32151
32330
32258
32088
32275
32163
32291
32226
32106
32298
32143
32163
32200
32146
32159
32365
32173
32162
32115
32112
32292
32139
32249
32187
32251
32136
32051
32099
32119
32187
32046
32313
32033
32168
32023
32120
32272
32247
32129
32094
32231
32302
32145
32074
32086
32239
32352
32182
32155
32249
32304
32276
32358
32268
32208
32296
32207
32352
32364
32241
32239
32289
32230
32357
32219
32324
32228
32212
32355
32112
32197
32113
32289
32274
32217
32207
32070
32193
32374
32042
32223
32102
32204
32319
32273
31968
32094
32221
32423
32085
32049
32060
32269
32414
32148
32003
32165
32248
32380
32322
32038
32148
32319
32217
32303
32064
32240
32262
32177
32040
32119
32359
32188
32170
32099
32146
32232
32151
32136
32118
32093
32453
31968
32124
31931
32083
32296
32148
32059
31938
32017
32426
32167
32032
31989
32118
32374
32181
31979
32135
32097
32318
32101
31880
32223
32121
32213
32274
32048
32165
32206
32133
32398
32080
32355
32091
32017
32259
32097
32141
32155
32047
32303
32075
32239
32306
31959
32349
32147
32088
32329
32066
32243
32330
32180
32259
32077
32227
32338
32170
32333
32172
32142
32231
32222
32066
32288
32109
32327
32147
32113
32166
32028
32211
32154
32047
32197
32137
32112
32313
32082
32240
32146
32294
32224
32013
32089
32153
32230
32179
32015
32068
32361
32283
32245
32126
32063
32197
32311
32169
32080
32130
32180
32153
32222
32080
32127
32060
32274
31968
32245
32067
32098
32127
32217
32272
32220
32007
32120
32236
32276
32238
32026
32228
32241
32238
32194
32131
32099
32308
32185
32227
32126
32210
32242
32232
32122
32259
32132
32332
32190
32200
32112
32099
32249
32208
32180
32206
32053
32386
32079
32236
32182
32185
32136
32293
32070
32180
32061
32267
32170
32107
32210
32038
32201
32088
32176
32117
32111
32006
32186
32079
32220
31940
32240
32045
32202
32196
32127
32019
32205
32239
32291
32053
32059
32262
32250
32191
32171
32124
32229
32148
32205
32126
32220
32296
32043
32023
32286
32225
32298
32147
31976
32261
32216
32298
32101
32116
32231
32187
32289
32252
32080
32265
32126
32353
32163
32125
32242
32269
32214
32251
32111
32207
32193
32317
32150
32075
32180
32127
32327
32160
32117
32125
32186
32201
32033
32223
32045
32113
32232
32239
32254
32159
32120
32248
32202
32254
32295
32164
32213
32159
32137
32274
32241
32197
32131
32176
32283
32145
32191
32159
32189
32330
32294
32130
32213
32213
32236
32163
32179
32271
32309
32312
32272
32151
32236
32270
32255
32192
32276
32115
32265
32228
32290
32244
32099
32259
32201
32127
32302
32115
32017
32305
32150
32280
32180
32110
32160
32162
32179
32193
32160
32227
32081
32149
32165
32116
32101
32042
32238
32194
31996
32145
32173
32353
32245
32155
32060
32044
32348
32130
32002
32115
32119
32309
32223
32128
32092
32220
32289
32000
32147
32249
32150
32118
32086
32155
32243
32095
32049
32047
32269
32178
32093
32114
32084
32188
32204
32081
32190
32089
32206
32076
32184
32234
32284
32175
32146
32110
32060
32308
32214
32067
32055
32254
32315
32273
32108
32069
32155
32439
32207
32306
32048
32239
32347
32198
32206
32170
32165
32189
32227
32315
32111
32167
32060
32123
32368
32176
32126
32207
32136
32082
32172
32123
32153
32259
32118
32068
32073
32315
32150
32113
32050
32097
32117
32345
31995
32198
32110
32104
32141
32000
32270
32233
32137
32218
31982
32047
32082
32019
32325
31942
32236
31996
31961
32257
32194
32129
32047
32079
32294
32309
32139
32048
32141
32302
32153
32147
32176
32181
32142
32280
32035
32124
32192
32018
32255
32095
32098
32056
32048
32315
32317
32075
32116
32173
32173
32342
32071
32096
32197
32297
32325
32115
32119
32246
32164
32254
32138
32139
32198
32085
32136
32276
32177
32105
32042
32154
32164
32305
32206
32087
31966
32126
32221
32255
32200
32029
32164
32325
32253
32058
32157
32132
32218
32213
32232
32130
32242
32256
32395
32051
32291
32156
32157
32339
32100
32194
32287
32100
32266
32098
32115
32315
32175
32181
32187
32058
32235
32272
32196
32173
32095
32270
32262
32191
32192
32065
32257
32220
32097
32136
32031
32031
32481
32177
32090
32080
32102
32294
32292
32085
32247
32013
32315
32126
31944
32213
32099
32306
32291
31991
32037
32300
32287
32329
32115
32082
32151
32257
32274
32054
32108
32172
32205
32248
32047
32104
32259
32172
32066
32190
32170
32220
32245
32052
32166
32096
32267
32256
32079
32091
32047
32362
32151
32152
32081
32047
32110
32397
32227
31997
32036
32115
32085
32391
32143
32075
32084
32212
32295
32139
31985
32189
32176
32383
32046
32006
32205
32158
32289
32156
32058
32237
32111
32169
32221
32169
32338
32090
32092
32218
32259
32286
32239
32058
32075
32238
32258
32218
32145
32015
32247
32216
32264
32299
31990
32163
32176
32215
32422
32019
32074
32198
32292
32377
32197
31994
32329
32244
32437
32119
32132
32277
32268
32293
32171
32128
32321
32198
32076
32177
32094
32454
32209
32155
32166
32198
32247
32335
32037
32231
32179
32368
32156
31968
32205
32205
32116
32274
32015
32069
32123
32182
32285
32047
32031
32189
32012
32354
32007
32071
32162
32094
32080
32150
32020
32206
32095
32225
32048
32065
32177
32004
32155
32184
32174
32259
31937
32038
32192
32246
32297
32124
32033
32245
32168
32358
32080
32059
32056
32303
32266
32122
32113
32200
32198
32283
32312
32221
32094
32247
32223
32078
32158
32257
32318
32325
32140
32121
32164
32324
32175
32171
32079
32195
32075
32265
32019
32151
32194
32214
32037
32158
31994
32236
32030
32170
32148
32196
32059
32068
32145
32189
32162
32208
32076
32087
32232
32110
32189
32094
32132
32203
32157
32203
31997
32121
32036
32108
32277
32346
32101
31977
32127
32193
32388
32152
32019
32112
32235
32282
32142
32035
32132
32156
32408
32149
32259
32048
32181
32346
32199
32294
32096
32249
32309
32234
32122
32143
32158
32352
32210
32381
32152
32247
32110
32183
32310
32095
32285
32267
32139
32104
32094
32167
32323
32068
32305
32111
32093
32130
32148
32092
32151
32110
32284
32031
32144
32116
32205
32192
32162
32172
32264
32146
32239
32066
32242
32098
32058
32360
32295
32226
32078
32247
32184
32283
32165
32093
32200
32382
32040
32155
32151
32251
32238
32140
32105
32170
32228
32175
32061
32169
32116
32067
32364
32153
32182
31922
32222
32287
32255
32103
31978
32134
32321
32065
32232
32009
32133
32244
32251
32158
32067
31969
32359
32077
32249
31964
32162
32182
32163
32060
32174
32137
32352
32127
32235
32080
32190
32206
32275
32069
32164
32140
32199
32265
32065
32171
32232
32188
32101
32058
32229
32101
32194
32088
32156
32216
32243
32159
32218
32059
32402
32157
32294
32125
32153
32297
32262
32233
32112
32137
32319
32218
32256
32164
32199
32242
32216
32288
32123
32205
32076
32380
32184
32253
32194
32100
32238
32314
32049
32214
32027
32250
32192
32186
31998
32065
32123
32337
32094
32175
32096
32226
32102
32171
32280
32148
32036
32157
31996
32309
32081
32126
31931
32126
32252
32157
32243
31969
32176
32328
32158
32029
32032
32171
32509
32137
32149
32030
32229
32282
32269
32176
32135
32190
32342
32189
32043
32326
32172
32219
32107
32158
32349
32317
32099
32280
32115
32428
32094
32172
32196
32153
32326
32258
32111
32088
32114
32243
32192
32116
32280
32166
32257
32063
32187
32156
32264
32221
32029
32108
32136
32172
32230
32045
32109
32165
32259
32253
32255
32162
32138
32136
32298
32185
32313
32171
32252
32094
32148
32109
32225
32239
32069
32107
32103
32288
32196
32094
31955
32173
32202
32349
32008
32163
32026
32289
32140
32198
32276
32093
32169
32281
32222
32238
32111
32091
32143
32329
32397
32149
32008
32167
32420
32349
32331
32006
32106
32356
32192
32330
32171
31967
32262
32317
32246
32062
32051
32188
32248
32260
32071
32135
32078
32373
32149
32222
32144
32149
32300
32172
32216
32140
32056
32374
32171
32167
32068
32188
32234
32307
32128
32188
32093
32244
32166
32166
32136
32187
32076
32217
32097
32201
32185
32187
32138
32075
32306
32185
32216
32159
32259
32194
32367
32126
32331
32179
32338
32174
32247
32306
32136
32119
32144
32242
32415
32159
32054
32302
32152
32258
32168
31972
32108
32146
32168
32206
32071
32197
32035
32107
32071
32163
32164
32004
32146
32332
32083
32002
32029
32143
32360
32176
32047
32143
32151
32125
32227
32201
32148
32144
32279
32013
32158
32210
32017
32142
32218
32037
32168
32051
32169
32204
32191
32366
32016
32335
32135
32141
32283
32061
32288
32243
32060
32087
32207
32249
32223
32130
32115
32137
32219
32190
32106
32181
32119
32223
32198
32117
32133
32047
32177
32118
32069
32188
32139
32134
32085
32067
32039
32221
32252
32128
31993
32282
32234
32256
32052
32110
32237
32339
32286
32256
32166
32301
32261
32477
32278
32229
32208
32265
32322
32252
32263
32318
32105
32271
32153
32192
32208
32193
32256
32191
32182
32036
32191
32116
32227
32052
32118
32203
32106
32203
32110
32028
32228
32214
32250
32065
32040
32322
32115
32160
32119
32059
32328
32318
32078
32101
32078
32167
32522
32047
32247
32136
32132
32143
32182
32063
32250
32150
32325
32070
32028
32040
32160
32285
32181
32100
32164
32040
31932
32189
32035
32238
32128
32156
31941
32192
32158
32302
32012
32216
32094
32102
32206
32115
32079
32185
32127
32279
32081
32238
32046
32106
32103
32110
32154
32278
32091
32140
32093
32057
32147
32164
32210
32196
32091
32164
32177
32113
32069
31994
32211
32153
32155
32144
32146
31998
32280
32163
32267
32232
32170
32236
32004
32202
32202
32132
32217
32008
32318
32210
32156
32158
32109
32309
32360
32170
32091
32191
32288
32089
32139
31993
32104
32243
32217
32161
32038
32087
31999
32295
32266
32173
32084
32044
32204
32164
32107
32088
31961
32055
32211
32099
32116
32038
32154
32309
32034
32133
32123
32139
32185
32124
32097
32003
32071
32179
32148
32139
32038
32082
32245
32176
32051
32089
32153
32090
32159
31929
32145
32225
32132
32117
32010
32032
32179
32227
32174
31979
32074
32000
32040
32145
32075
32099
32093
32023
32036
32094
32004
32178
32086
32197
32067
32061
32228
32107
32101
32173
32084
32201
32075
32046
32224
32105
32257
32051
31995
32164
32282
32244
32091
32082
32317
32326
32219
32141
32059
32216
32301
32313
32212
32135
32256
32392
32130
32243
32184
32354
32336
32241
32304
32116
32283
32218
32221
32212
32236
32207
32037
32088
32291
32190
32323
32174
32134
32135
32215
32266
32278
32206
32261
32105
32085
32037
32265
32183
32192
32172
32114
32326
32096
32202
32146
32193
32146
32216
32086
32223
32063
32175
31965
32291
32262
32219
32097
32155
32164
32400
32059
32157
32068
32149
32243
32248
32129
32159
32131
32102
32272
32220
32222
32048
32056
32185
32161
32344
31953
32087
32270
32141
32063
32057
32113
32196
32258
32211
32029
32133
32262
32041
32304
32098
32162
32050
32133
32173
32231
32023
32130
32063
32287
32144
32099
32242
32250
32303
32228
32077
32120
32223
32296
32235
32002
32166
32283
32278
32176
32120
32223
32264
32072
32060
32232
32201
32318
32008
32153
32123
32305
32314
32066
32032
32249
32339
32227
32051
32062
32196
32341
32399
32071
32108
32089
32346
32316
32065
32200
32107
32280
32317
32065
32156
32215
32204
32364
31880
32318
32082
32174
32359
31980
32162
32087
32035
32406
31943
32376
32074
32060
32232
31999
32253
32091
32066
32381
32176
32192
31950
32130
32306
32204
32319
31920
32050
32391
32211
32300
32026
32075
32231
32231
32342
32004
32085
32217
32183
32233
32042
32070
32262
32049
32281
32088
32170
32159
32211
32188
32097
32179
32053
32215
32146
32102
32163
32263
32242
32272
32097
32342
32213
32220
32188
32148
32184
32271
32289
32269
32218
32180
32093
32236
32067
32347
32088
32170
32159
32170
32228
32066
32095
32147
32174
32439
32084
32060
32204
31957
32349
32126
32172
32211
32225
32200
31997
32171
32300
32081
32381
32027
32122
32167
32205
32249
32284
32149
32273
32041
32257
32253
32205
32037
32218
32234
32152
32106
31975
32193
32255
32380
32177
32000
32208
32152
32252
32211
32037
32198
32255
32126
32097
32085
32156
32077
32130
32176
32129
31988
32256
32127
32167
32074
31989
32393
32175
32150
32153
32031
32174
32293
32056
32176
32125
32213
32262
32262
32001
32237
32175
32299
32039
32086
32264
32021
32197
32143
31985
32342
31908
32038
32352
32145
32176
32046
32107
32447
32256
32272
32096
32065
32445
32164
32197
32135
32120
32393
32320
32151
32290
32142
32276
32195
32174
32116
32108
32243
32209
32120
32257
32190
32174
32275
32014
32354
32033
32337
32250
32049
32137
32104
32258
32307
31977
32164
32274
32267
32176
32016
32181
32185
32252
32269
31916
32171
32157
32249
32150
32104
32216
32198
32097
32150
32169
32260
32275
32205
32016
32121
32256
32066
32242
32125
32042
32289
32266
32177
32034
32086
32336
32203
32247
32051
32072
32238
32305
32239
32111
32209
32242
32278
32180
31962
32318
32141
32303
32026
31947
32222
32212
32205
32237
32089
32178
32118
32253
32350
32127
32228
31929
32268
32231
32283
32103
31994
32268
32402
32113
32228
31944
32314
32211
32277
32002
32147
32212
32286
32195
32108
32236
32285
32181
32155
32302
32303
32260
32265
32100
32226
32384
32186
32080
32268
32327
32271
32208
32029
32081
32356
32290
32137
32144
32121
32192
32312
32167
32176
32191
32253
32273
32158
32192
32053
32132
32289
32267
32239
31982
32131
32319
32285
32265
32154
32091
32369
32241
32407
32167
32158
32225
32367
32314
32172
32119
32345
32330
32436
32347
32163
32247
32345
32342
32254
32045
32237
32134
32206
32180
32156
32266
32167
32238
32189
32177
32160
32173
32187
32272
32006
32338
32130
32327
32241
32192
32229
32216
32346
32148
32094
32263
32297
32348
32196
32230
32285
32302
32321
32154
32240
32249
32378
32239
32200
32187
32388
32288
32298
32192
32265
32205
32173
32208
32181
32199
32235
32109
32308
32270
32054
32120
32049
32416
32275
32198
31976
32093
32341
32241
32145
32186
32024
32294
32107
32175
32218
32147
32117
32135
32223
32201
32118
32067
32136
32174
32335
32100
31909
32113
32253
32114
32175
32022
32042
32120
32131
32202
32109
32235
32196
32065
32294
32250
32110
32479
32041
32186
32187
32119
32194
32140
32206
32384
32004
32325
32166
32147
32161
31981
32280
32344
32082
32157
32052
32261
32307
32111
32170
32173
32302
32123
32147
32176
32163
32269
32196
32190
32119
32148
32209
31957
32317
32133
32254
32246
32098
32243
32225
32194
32277
32072
32363
32192
32247
32204
32166
32269
32291
32277
32161
32187
32231
32182
32297
32154
32176
32252
32164
32145
32060
32211
32215
32200
32099
32164
32167
32243
31916
32161
32220
32296
32053
32136
32128
32146
32086
32047
32123
32085
32168
32217
31952
32092
32244
32015
32214
32127
32035
32087
32174
32121
32165
32232
32198
31949
32178
32122
32132
32354
32049
32071
32257
32175
32050
32167
31980
32293
32158
32344
32142
32140
32171
32325
32101
32287
32198
32182
32145
32393
32289
32210
32084
32206
32280
32294
32191
32071
32080
32343
32197
32241
32019
32161
32159
32291
32234
32087
32010
32132
32121
32292
32096
32211
32102
32306
32041
32044
32240
32197
32217
32204
32019
32209
32257
32094
32165
32070
32238
32293
32244
32206
32049
32299
32125
32216
32350
31960
32168
32153
32067
32280
32054
32223
32075
32123
32215
32064
32177
32037
32103
32310
32009
32254
32036
32037
32127
32083
32289
32246
32181
32010
32074
32180
32134
32251
32097
32061
32204
32308
32200
32125
32029
32285
32206
32234
32054
32172
32218
32163
32253
32092
32134
32407
32105
32226
32133
32144
32331
32131
32134
32089
32117
32310
32234
31984
32192
32090
32312
32242
32134
32118
32146
32215
32214
32090
32164
32275
32270
32286
32095
32169
32170
32312
32199
32212
32179
32286
32125
32165
31976
32138
32187
32201
32091
32107
32013
32243
32198
32093
32213
32281
32113
32138
32066
32188
32139
32141
32081
32161
32140
32089
32273
32237
32111
32090
32169
32166
32221
32224
32050
32171
32170
32006
32310
31914
32183
32187
32196
32063
31992
32223
32264
32050
32282
32007
32211
32165
32081
32102
32101
32294
32200
32108
32174
32168
32303
32213
32228
32146
32129
32096
32144
32183
32235
32137
32257
32182
32315
32138
32175
32189
32194
32191
32235
32254
32116
32165
32209
32192
32220
32246
32089
32054
32140
32276
32213
32269
31921
32116
32315
32153
32115
32091
32168
32052
32186
32162
32071
32211
32083
32155
32231
32173
32017
32086
32184
32285
32073
32255
32061
32083
32029
32303
32150
32217
32148
32027
32051
32202
32210
32204
32016
32305
32302
32158
32046
32033
32254
32342
32326
31974
32150
32250
32257
32237
32015
32097
32173
32298
32210
31975
32069
32062
32248
32214
32059
32010
32140
31949
32341
32007
32102
31901
32205
32158
32108
32060
32025
32162
32298
32146
32142
32085
32087
32167
32125
32137
32063
32092
32138
32335
32186
32144
32030
32223
32286
32246
32197
32017
32012
32269
32303
32131
32098
32088
32231
32195
32199
32224
31973
32097
32267
32239
32204
31982
32227
32271
32096
32004
32184
32201
32072
32174
32061
32188
32304
32208
32165
32088
32152
32147
32362
32163
32130
32220
32236
32168
32271
32142
32237
32240
32194
32325
32274
32069
32124
32111
32147
32268
32201
32128
32075
32206
32188
32310
32265
32056
32143
32303
32303
32219
32045
32114
32161
32294
32249
31985
32073
32076
32311
32293
32114
32096
32067
32204
32254
32060
32187
31953
32130
32195
32075
32187
32120
32124
32224
32124
32194
32015
32129
32103
32207
32053
32189
32124
32232
32213
32210
32116
32214
32127
32315
32179
32220
32193
32244
32324
32184
32131
32212
32243
32312
32202
32072
32161
32300
32246
32328
32124
32179
32339
32208
32113
32124
32141
32514
32221
32309
32026
32190
32323
32378
32134
32242
32076
32255
32219
32289
32167
32208
32214
32278
32180
32111
32311
32094
32141
32078
32246
32248
32205
31962
32266
32114
32316
32047
32096
32199
32186
32200
32166
31941
32273
32125
32234
32154
32099
32290
32186
32221
32089
32109
32318
32099
32018
32166
32053
32275
32137
32154
32125
32208
32158
31998
32176
32220
32206
32323
31952
32033
32236
32198
32331
32071
32049
32168
32116
32389
32182
32066
32063
32054
32288
32186
32083
32226
32063
32221
32305
32113
32103
32169
32201
32451
32041
32099
32121
32188
32461
32188
32099
32260
32173
32208
32227
32135
32208
32153
32296
32095
32046
32192
32101
32198
32180
32085
32259
32177
32209
32187
32110
32217
32180
32127
32257
31978
32290
32135
32275
32119
32088
32066
32059
32353
32285
31983
32225
32052
32220
32304
32108
32169
32074
32136
32320
32088
32046
32128
32149
32324
32095
32103
32199
32149
32378
32150
32112
32115
32137
32313
32175
32033
32190
31978
32241
32116
32159
31918
32188
32143
32184
32086
31993
32273
32242
32151
32008
32027
32178
32280
31990
32148
32162
32324
32194
32117
32069
32207
32318
32267
31981
32231
32147
32153
32326
31875
32178
32099
32195
32184
32078
32209
32060
32081
32284
32003
32389
31986
32079
32227
32131
32116
32085
32095
32220
32187
32155
32160
32090
32188
32212
32310
32107
32213
31948
32157
32143
32304
32201
32189
32098
32285
32305
32257
32162
32120
32326
32320
32284
32150
32145
32234
32312
32096
32252
32206
32134
32195
31900
32106
32320
32265
32285
31817
32113
32286
32304
32313
31929
32152
32299
32315
32195
31972
32128
32206
32203
32273
32063
32236
32232
32154
32283
32154
32153
32317
32121
32372
32125
32174
32208
32118
32185
32246
32076
32236
32174
32075
32161
32049
32221
32263
32120
32332
31958
32134
32062
32051
32434
32022
32050
32134
32105
32199
32104
32113
32165
32130
32436
32093
32009
32000
32245
32344
32118
32094
32033
32165
32377
31973
32152
32103
32175
32079
32211
32073
32105
32124
32124
32115
32223
32117
32193
32151
32120
32265
32292
32133
31968
32118
32134
32244
32128
32154
32001
32200
32080
32222
32341
32154
31977
32170
32191
32198
32182
31937
32237
32216
32391
32040
32138
32183
32277
32306
32210
32139
32198
32179
32290
32265
32147
32181
32349
32231
32178
32154
32111
32333
32274
32269
32095
32249
32306
32126
32256
32057
32171
32167
32244
32012
32112
32128
32260
32084
32297
32033
32216
32106
32194
32297
32172
32086
32157
32159
32252
32126
32030
32280
32132
32267
32003
32119
32221
32302
32099
31996
32176
32271
32168
32211
32006
32107
32274
32196
32210
32073
32263
32247
32238
32105
32151
32308
32272
32180
32144
32089
32345
32398
32242
32129
32112
32313
32153
32235
32162
32213
32306
32270
32200
32065
32163
32320
32161
32185
32111
32258
32309
32221
32010
32247
32298
32388
31992
32121
32167
32316
32288
32036
32124
32143
32202
32264
32099
32122
32207
32180
32264
32337
32181
32224
32203
32285
32160
32342
32214
32287
32192
32324
32209
32387
32261
32144
32171
32133
32312
32235
32162
32159
32262
32316
32360
32213
32114
32191
32199
32245
32097
32374
32120
32226
32299
32060
32250
32289
32137
32135
32146
32301
32081
32164
32099
32034
32331
32192
32068
32196
32103
32087
32473
32098
32245
32178
32206
32124
32248
32153
32383
32178
32295
32278
32202
32317
32247
32195
32160
32160
32221
32165
32137
32295
32242
32298
32311
32196
32165
32288
32208
32393
32157
32310
32230
32093
32324
32279
32167
32221
32187
32257
32180
32234
32019
32097
32294
32104
32241
32002
32104
32250
32274
32116
32023
32119
32302
32291
32360
32050
32052
32171
32248
32249
32118
32140
32111
32331
32099
32128
32071
32005
32307
32164
32235
32093
31930
32124
32210
32257
32224
31968
32355
32044
32182
32170
32064
32313
32166
32256
32383
32211
32190
32181
32301
32359
32164
32317
32045
32299
32290
32234
32186
32247
32231
32325
32185
32278
32200
32262
32226
32282
32173
32301
32094
32161
32190
32244
32335
32037
32142
32272
32311
32263
32158
32028
32302
32287
32288
32157
31985
32285
32226
32201
32267
32010
32102
32186
32152
32251
32081
32121
32177
32073
32286
31997
32102
32062
32168
32266
32285
32027
31928
32095
32200
32246
32213
32109
32205
32254
32085
32265
32130
32186
32004
32290
32219
32138
32010
32159
32009
32311
32025
32042
32141
32098
32203
32177
32063
32176
32120
32193
32176
32179
32321
32030
32135
32124
32121
32093
32110
32105
32269
32141
32103
32137
32199
32280
32165
32174
32236
32153
32373
32218
32085
32227
32270
32236
32279
32290
32102
32175
32269
32404
32268
32274
32146
32145
32198
32171
32184
32167
32176
32202
32175
32223
32268
32109
32092
32076
32288
32211
32265
32141
32057
32296
32270
32143
32345
32084
32283
32276
32346
32190
32139
32293
32272
32240
32329
32103
32221
32079
32230
32156
32104
32201
31981
32125
32272
32203
32281
31948
32120
32243
32150
32200
32092
32189
32207
32148
32071
32100
32229
32059
32199
32069
32164
32104
32222
32050
32034
32140
32223
31886
32188
32066
32351
32090
32122
32051
32179
32186
32292
32003
32143
32064
32213
32142
32025
32155
31993
32238
32139
32128
32080
32141
32170
32257
31901
32049
32116
32335
32015
32098
32059
32230
32142
32089
32104
32141
32065
32167
32197
32298
32131
32155
32233
32203
32263
32316
32125
32112
32109
32381
32152
32094
32208
32216
32235
32238
32137
32133
32222
32058
32204
32080
32174
32150
32030
32284
32197
32095
32060
32083
32145
32335
32117
32188
32084
32028
32211
32091
32083
32051
32097
32301
32001
32050
32143
32184
32382
31918
32136
32296
32235
32302
32187
32181
32276
32253
32169
32277
32220
32317
32198
32304
32301
32207
32243
32191
32192
32225
32187
32241
32206
32196
32162
32142
32126
32177
32187
32175
32200
32096
32293
32301
32047
32122
32059
32237
32221
32252
32113
32113
32103
32035
32063
32155
32236
32211
32208
31981
32152
32163
32278
32106
32060
32222
32437
32133
32032
32083
32276
32281
32348
31992
32198
32328
32199
32336
32196
32185
32333
32284
32155
32161
32230
32280
32270
32206
32195
32235
32417
32271
32114
32043
32156
32366
32248
32075
32210
32133
32307
32288
32085
32166
32107
32382
32131
32211
32231
31982
32411
32162
32078
32078
32110
32320
32198
32049
32114
32123
32300
32139
32075
32092
32102
32247
32249
31977
32178
32049
32239
32242
32090
32144
32221
32166
32172
32123
32271
32136
32092
32095
32270
32313
32112
31991
32111
32309
32354
32162
31905
32342
32338
32173
32217
31993
32253
32306
32146
32203
32063
32231
32194
32151
32172
32152
32260
32287
31973
32258
32145
32167
32191
31946
32233
32150
32241
32205
31947
32199
32326
32041
32340
31934
32197
32189
32167
32127
31993
32198
32254
32080
32313
32087
32124
32098
32157
32349
32078
32212
32184
32019
32219
32120
32125
32089
32001
32204
32194
32190
32023
32025
32247
32274
32102
32175
32065
32237
32338
32340
32162
32117
32199
32279
32237
32080
32246
32241
32330
32181
32215
32208
32342
32297
32262
32225
32276
32191
32306
32200
32215
32331
32282
32207
32234
32049
32300
32276
32380
32151
32121
32234
32253
32212
32162
32111
32205
32151
32182
32333
32134
32081
32238
32182
32153
32139
32134
32059
32188
32352
32244
32176
32145
31969
32409
32294
32279
32014
32183
32278
32281
32166
32194
32120
32290
32261
32303
32127
32152
32182
32269
32183
32206
32158
32111
32414
32064
32277
32156
32264
32271
32197
32179
32183
32199
32365
32021
32067
32159
32163
32127
32208
32181
31970
32282
32132
32043
32109
32177
32242
32262
32124
32202
32092
32348
32197
32176
32281
32199
32258
32207
32089
32160
32173
32276
32259
32108
32225
32162
31928
32281
32179
32281
32293
32106
32210
32176
32209
32324
32042
32261
32240
32263
32327
32117
32045
32299
32238
32341
32170
32048
32154
32218
32161
32370
32057
32200
32157
32247
32326
32205
32015
32140
32201
32376
32231
32069
32215
32173
32309
32253
32088
32086
32246
32084
32250
32096
32035
32150
32013
32286
32197
32121
32230
31963
32264
32151
32075
32281
31997
32117
32161
32054
32062
32017
32210
32209
32074
32016
32185
32165
32228
32238
32224
32027
32047
32091
32279
31986
32108
32007
32201
32352
32074
32194
32063
32178
32273
32249
32137
32074
32193
32280
32193
32061
32082
32090
32364
32064
32184
32118
32172
32151
32247
32144
32251
32049
32291
32148
32270
32145
32109
32264
32224
32290
32092
32341
32231
32143
32265
32156
32341
32189
32203
32280
32211
32279
32329
32126
32112
32099
32186
32260
32135
32160
32173
32190
32128
32005
32227
32268
32161
32172
31981
32079
32259
32210
32036
31957
32134
32338
32230
32098
32065
32114
32322
32211
31998
32033
32073
32247
32179
32152
32151
31979
32270
32084
32102
32164
32186
32115
32140
32052
32187
32310
32352
32046
32093
32223
32326
32269
32102
32120
32206
32317
32211
32256
32123
32110
32221
32241
32249
31966
32286
32220
32188
32028
32088
32170
32233
32157
32303
31938
32066
32154
32099
32329
32071
32048
32320
32171
32225
32181
31976
32361
32243
32391
32201
31981
32247
32219
32235
32349
31933
32247
32222
32073
32220
31975
32212
32389
31969
32192
31997
32219
32289
32060
32302
32128
32083
32224
32138
32271
32141
31998
32281
32195
32245
32154
31948
32291
32199
32271
32321
31996
32192
32202
32243
32262
31935
32116
32261
32211
32226
32058
32111
32153
32240
32190
32264
32013
32088
32041
32286
32122
32182
32117
32188
32120
32226
32201
32285
32070
32236
32140
32379
32216
32016
32172
32230
32261
32066
32118
32235
32203
32237
32116
32102
32146
32236
32069
32235
32143
32294
32105
32163
32155
32234
32072
32284
32047
32177
32152
32119
31997
32174
32136
32364
32122
32220
32080
32166
32321
32234
32215
32160
32105
32046
32394
32146
32152
32000
32172
32391
32354
32092
32009
32187
32342
32180
32018
32109
32152
32299
32208
31974
32135
32278
32063
32198
32078
32209
32297
32290
32041
32117
32198
32238
32113
32203
32158
32140
32247
32013
32138
32296
32128
32112
32157
32144
32304
32223
32023
32092
32185
32295
32204
31968
32025
32256
32376
32216
32138
31999
32311
32220
32370
32068
32016
32295
32151
32321
31993
32064
32376
32103
32179
32046
32106
32268
32278
32184
32155
32192
32347
32068
32295
32055
32240
32107
32268
32048
32198
32213
32199
32119
32248
32033
32214
32115
32220
32192
32288
32123
32199
32102
32178
32304
32091
32281
32025
32289
32224
32111
32026
32136
32082
32471
32083
32255
31976
32143
32217
32229
32172
32023
32140
32306
32086
32227
32085
32103
32250
32192
32250
32122
32124
32203
32159
32309
32070
32064
32286
32112
32279
32254
32019
32056
32095
32299
32261
32225
32225
32039
32216
32164
32195
32237
32151
32212
32376
32163
32209
32159
32185
32292
32295
32126
32120
32108
32172
32275
32206
32183
32216
32206
32221
32268
32158
32251
32170
32259
32208
32047
32280
32070
32346
32181
32084
32198
32162
32290
32250
32050
32339
32098
32244
32179
31991
32353
32172
32155
32258
31927
32239
32134
32070
32324
32122
32197
32124
32111
32250
32189
32259
32033
32147
32319
32105
32176
32183
32081
32239
32243
32089
32114
32099
32179
32058
32240
32156
32041
32125
32137
32117
32393
32046
32121
32103
32334
32258
32108
32112
32178
32186
32355
32138
32288
32237
32106
32338
32222
32405
32234
32078
32265
32231
32376
32247
32064
32234
32158
32303
32286
32222
32111
32194
32303
32255
32145
32223
32217
32221
32123
32084
32134
32185
32202
32027
32262
32159
32179
32111
32192
32115
32293
32202
32276
32043
32169
32194
32222
32107
32171
32162
32267
32220
32098
32142
32166
32213
32117
32217
32189
32143
32231
32077
32163
32093
32340
32240
32108
32080
32018
32231
32181
32106
32091
32206
32255
32287
32045
32105
32205
32253
32203
31997
32105
32199
32106
32454
31929
32160
32226
32172
32182
32015
32087
32291
32165
32328
32010
31986
32265
32113
32374
32183
32072
32182
32147
32190
32325
32097
32254
32108
32286
32105
32080
32009
32192
32103
32412
32142
31984
31979
32086
32400
32341
32011
32099
32031
32343
32142
32070
32033
32221
32319
32107
32119
32074
32216
32273
32162
32050
32177
32100
32188
32224
32227
32223
32188
32008
32188
32134
32212
32062
32273
32185
32130
32115
32101
32235
32292
32076
32110
32257
32218
32148
32211
32174
32255
32313
31988
32231
32144
32320
32075
32099
32130
32255
32325
32220
31998
32102
32163
32375
32322
32150
32011
32260
32331
32219
32179
31975
32198
32315
32300
32133
31999
31968
32327
32202
32321
32086
32135
32131
32160
32262
32254
32219
32204
32111
32101
32152
32239
32153
32014
32211
32215
32394
32141
32153
32126
32316
32241
32120
32114
32174
32161
32374
32002
32106
32149
32166
32321
32124
32180
32065
32155
32306
32182
32204
32168
31988
32222
32178
32104
32163
32111
32277
32148
32164
32152
32118
32322
32190
32108
32203
32210
32123
32198
32217
32126
32177
32330
32020
32146
32110
32266
32216
32152
32058
32318
32210
32324
32009
32146
32248
32168
32270
31974
32111
32325
32087
32301
32084
32046
32114
32069
32222
32125
32177
32249
32171
32087
32159
32179
32166
32260
32239
32212
32058
32235
32185
32324
32171
32159
32186
32306
32272
32233
31963
32275
32263
32375
32059
32134
32203
32216
32273
32223
31981
32150
32158
32263
32127
32023
32090
32153
32170
32136
32095
32271
32124
32108
32345
32017
32287
32160
32260
32106
32081
32123
32148
32215
32189
32075
32322
32183
32262
32227
32262
32057
32291
32224
32256
32154
32216
32157
32151
32023
32249
32125
32288
32222
32040
32017
32276
32248
32442
32106
32071
32094
32292
32272
32157
32018
32192
32159
32340
32017
32101
32250
32089
32222
32202
32147
32252
32168
32178
32263
32191
32270
32128
32161
32076
32282
32241
32094
32219
32162
32153
32323
32066
32265
32314
32283
32224
32208
32136
32212
32326
32222
32102
32307
32208
32262
32389
32105
32257
32229
32257
32413
32106
32247
32072
32174
32471
32262
32219
32118
32181
32262
32337
32266
32159
32155
32376
32276
32280
32158
32256
32181
32335
32228
32274
32266
32213
32341
32309
32213
32194
32155
32316
32301
32217
32331
32148
32222
32103
32159
32240
32114
32317
32259
32115
32054
32087
32157
32211
32037
32233
32100
32155
32122
31992
32153
32235
32245
32338
31866
32117
32165
32256
32309
31957
32162
32387
32154
32108
32047
32199
32313
32213
32159
32174
32279
32302
32117
32237
32194
32168
32393
32113
32135
32265
32145
32354
32161
32173
32382
32265
32061
32148
32137
32283
32169
32186
32136
32279
32198
32282
32214
32225
32255
32266
32254
32179
32107
32318
32133
32302
32111
32035
32388
32223
32211
32214
32099
32180
32377
32326
32215
32121
32260
32266
32271
32177
32231
32165
32355
32143
32131
32312
32150
32133
32085
32085
32341
32090
32291
32152
32051
32167
32172
32254
32154
32101
32263
32031
32207
32290
31952
32296
32082
32322
32307
32148
32234
32124
32316
32284
32101
32322
32013
32251
32250
32105
32200
32094
32228
32229
32074
32145
32274
32223
32313
32036
32286
32181
32298
32202
32180
32137
32336
32145
32317
32161
32150
32293
32294
32204
32217
32166
32299
32206
32208
32077
32129
32163
32322
32049
32218
32086
32059
32319
32141
32177
32171
32161
32351
32155
32281
32224
32080
32274
32257
32163
32157
32105
32278
32389
32099
32310
32119
32220
32323
32028
32281
32155
32307
32184
32140
32196
32146
32200
32064
32154
32303
32161
32218
32082
32223
32223
32140
32272
32126
32203
32226
32083
32116
32189
32273
32237
32086
32118
32189
32187
32180
32090
32280
32254
32164
32151
32098
32191
32400
32088
32298
32133
32005
32238
32125
32242
32191
32126
32093
32102
32224
32219
32028
32128
32157
32236
32319
32072
31917
32205
32241
32346
32054
32070
32297
32131
32383
32049
32181
32159
32175
32186
32127
32125
32301
32091
32407
32044
32254
32328
32297
32279
32100
32198
32320
32245
32330
32068
32111
32260
32140
32422
32100
32099
32040
32245
32175
32228
32072
32056
32064
32271
32062
32189
32023
32106
32262
32200
32164
32024
32113
32167
32189
32146
32036
31998
32160
31960
32306
32086
32130
32246
32228
32006
32265
32139
32309
32126
32207
32348
32071
32165
32132
32105
32437
32183
32193
32280
32074
32295
32089
32174
32267
32019
32218
32085
32128
32260
32082
32221
32327
32060
32229
32199
32116
32243
32084
32286
32186
32133
32158
32040
32270
32343
32206
32336
32105
32253
32302
32340
32161
32221
32189
32455
32093
32117
32096
32254
32268
32184
32193
32100
32162
32075
32163
32094
32184
32097
32252
31879
32169
32019
32218
32070
32100
32315
32214
32102
32103
32131
32401
32205
32142
32338
32112
32307
32237
32024
32374
32188
32252
32196
32020
32295
32217
32291
32242
32141
32348
32214
32218
32181
32224
32242
32178
32160
32239
32212
32293
32158
32178
32070
32273
32317
32142
32236
32112
32186
32294
32182
32307
32229
32083
32338
32166
32297
32242
32160
32211
32160
32284
32251
32184
32219
32146
32184
32347
32165
32328
32053
32109
32126
32182
32332
32142
32155
32045
32127
32405
32159
32170
32105
32124
32309
32411
32235
32089
32118
32302
32304
32178
32231
32198
32188
32271
32089
32396
32252
32211
32255
32196
32373
32190
32197
32192
32242
32382
32326
32211
32170
32204
32376
32273
32157
32296
32220
32251
32248
32215
32164
32205
32100
32153
32112
32283
32229
32329
32090
32157
31994
32325
32246
32182
32146
32177
32237
31981
32116
32192
31949
32187
32174
32262
32239
32187
32100
32236
32282
32475
32138
32277
32156
32299
32273
32290
32200
32148
32339
32296
32213
32018
32067
32252
32293
32201
32142
32071
32317
32182
32284
32087
32229
32298
32268
32170
32093
32235
32278
32293
32141
32067
32239
32390
32163
32095
32148
32285
32417
32274
32102
32166
32199
32402
32132
32251
32137
32275
32298
32097
32292
32055
32149
32270
32134
32227
32216
32234
32080
32128
32211
32306
32305
32082
32065
32043
32281
32269
32063
32149
32095
32193
32143
32104
32175
31977
32141
32303
32118
32081
32026
32093
32299
32078
32222
31978
32157
32192
32132
31955
32068
32153
32254
32112
32066
