31464
31483
31341
31507
31352
31382
31395
31403
31336
31517
31388
31568
31297
31354
31391
31575
31448
31433
31417
31527
31609
31498
31275
31506
31353
31586
31534
31292
31240
31425
31517
31555
31309
31335
31364
31573
31395
31510
31276
31417
31475
31442
31576
31345
31372
31362
31428
31554
31246
31353
31318
31531
31639
31314
31281
31376
31596
31642
31255
31255
31292
31619
31669
31252
31373
31377
31545
31611
31278
31406
31356
31502
31614
31483
31365
31355
31345
31546
31399
31615
31524
31331
31559
31267
31584
31421
31226
31434
31630
31598
31383
31177
31415
31334
31649
31510
31320
31467
31406
31536
31463
31284
31332
31298
31761
31317
31414
31440
31473
31425
31339
31398
31603
31397
31399
31353
31447
31615
31472
31477
31515
31491
31550
31510
31410
31521
31502
31567
31433
31397
31495
31572
31555
31444
31429
31628
31545
31454
31452
31408
31527
31602
31537
31445
31453
31595
31437
31629
31509
31365
31503
31319
31551
31622
31325
31387
31408
31562
31404
31367
31492
31466
31496
31507
31359
31356
31382
31503
31413
31323
31438
31459
31436
31242
31485
31314
31571
31605
31483
31523
31310
31298
31445
31464
31486
31266
31445
31458
31497
31590
31358
31410
31348
31623
31513
31409
31313
31308
31462
31398
31346
31427
31365
31421
31522
31479
31510
31348
31542
31415
31390
31445
31578
31443
31297
31451
31423
31528
31488
31360
31435
31503
31561
31526
31373
31405
31491
31523
31518
31457
31329
31558
31580
31466
31560
31492
31438
31384
31421
31517
31383
31728
31456
31353
31467
31443
31481
31586
31438
31559
31516
31421
31376
31338
31428
31506
31550
31299
31361
31383
31480
31589
31332
31433
31412
31516
31378
31529
31445
31510
31589
31477
31519
31400
31427
31437
31477
31555
31484
31494
31513
31349
31613
31414
31548
31516
31469
31681
31511
31343
31333
31500
31648
31408
31656
31393
31435
31507
31388
31702
31560
31697
31574
31274
31602
31565
31608
31555
31403
31677
31674
31482
31429
31386
31619
31629
31593
31324
31533
31499
31648
31442
31341
31552
31529
31731
31395
31161
31520
31364
31635
31513
31378
31557
31296
31537
31496
31370
31612
31497
31585
31570
31287
31309
31350
31534
31379
31456
31455
31414
31440
31432
31420
31572
31343
31630
31448
31465
31535
31425
31597
31428
31408
31506
31374
31590
31422
31418
31560
31287
31522
31390
31491
31490
31467
31530
31329
31336
31497
31392
31615
31476
31474
31474
31233
31609
31448
31458
31367
31407
31452
31404
31453
31464
31399
31522
31494
31494
31467
31409
31337
31393
31497
31484
31504
31501
31209
31396
31442
31575
31372
31413
31498
31568
31571
31460
31332
31431
31581
31674
31271
31276
31460
31657
31512
31366
31349
31481
31510
31663
31337
31382
31416
31367
31520
31478
31290
31469
31463
31586
31386
31251
31515
31584
31407
31514
31319
31535
31437
31520
31333
31500
31538
31546
31585
31485
31359
31703
31394
31464
31394
31577
31597
31338
31358
31540
31490
31468
31296
31564
31491
31448
31558
31314
31326
31528
31361
31445
31477
31472
31464
31353
31350
31544
31544
31563
31333
31538
31467
31547
31502
31364
31519
31664
31486
31565
31375
31458
31628
31527
31608
31500
31549
31500
31475
31559
31428
31561
31535
31520
31604
31390
31306
31464
31517
31441
31571
31230
31378
31550
31496
31511
31305
31423
31595
31443
31585
31301
31429
31521
31521
31493
31258
31385
31533
31647
31488
31358
31531
31495
31423
31441
31460
31769
31383
31460
31327
31465
31560
31485
31495
31410
31421
31646
31291
31470
31363
31575
31659
31296
31413
31340
31575
31439
31387
31335
31480
31534
31537
31419
31408
31434
31484
31525
31483
31442
31512
31520
31357
31485
31537
31520
31466
31408
31564
31363
31557
31415
31420
31448
31460
31482
31395
31322
31482
31355
31547
31436
31339
31533
31345
31496
31444
31317
31585
31304
31545
31407
31443
31547
31423
31563
31374
31464
31711
31604
31305
31212
31436
31663
31689
31428
31214
31356
31659
31732
31580
31185
31305
31664
31661
31523
31334
31305
31658
31572
31538
31211
31257
31648
31711
31619
31349
31254
31585
31523
31719
31319
31263
31484
31550
31669
31565
31305
31476
31484
31657
31526
31360
31402
31591
31604
31607
31283
31372
31460
31581
31602
31273
31436
31434
31535
31724
31293
31279
31409
31509
31638
31338
31493
31507
31556
31623
31374
31501
31504
31666
31719
31255
31457
31369
31664
31648
31377
31449
31477
31507
31664
31311
31509
31314
31647
31531
31437
31568
31416
31580
31477
31226
31541
31313
31552
31425
31323
31524
31340
31526
31568
31396
31596
31489
31471
31415
31332
31583
31504
31504
31434
31396
31527
31340
31473
31591
31562
31676
31317
31559
31473
31465
31536
31548
31509
31491
31464
31350
31371
31487
31665
31531
31303
31271
31493
31530
31589
31267
31282
31561
31577
31402
31216
31324
31430
31725
31479
31262
31230
31393
31628
31595
31238
31412
31435
31481
31620
31277
31409
31323
31551
31502
31403
31539
31413
31446
31453
31531
31416
31552
31550
31579
31485
31455
31406
31613
31458
31645
31257
31577
31593
31448
31593
31430
31471
31680
31315
31522
31390
31509
31491
31421
31479
31436
31557
31513
31491
31571
31569
31483
31550
31384
31289
31547
31651
31506
31552
31299
31388
31529
31562
31601
31419
31310
31542
31554
31516
31258
31476
31411
31663
31483
31258
31458
31403
31506
31536
31240
31506
31522
31534
31470
31297
31558
31395
31678
31498
31391
31565
31365
31620
31498
31418
31321
31443
31579
31424
31537
31373
31359
31757
31579
31460
31381
31330
31600
31788
31461
31403
31386
31507
31723
31461
31404
31521
31453
31669
31361
31512
31559
31512
31431
31358
31568
31517
31412
31456
31330
31430
31462
31352
31271
31412
31342
31433
31429
31305
31353
31421
31380
31456
31345
31546
31592
31266
31318
31458
31613
31498
31285
31290
31384
31730
31442
31336
31411
31394
31577
31552
31416
31332
31479
31450
31495
31423
31508
31567
31404
31532
31459
31472
31381
31440
31532
31433
31636
31425
31367
31539
31407
31630
31649
31395
31530
31357
31461
31568
31487
31390
31401
31524
31404
31350
31473
31361
31539
31585
31307
31565
31320
31644
31508
31385
31419
31459
31550
31542
31387
31409
31412
31609
31564
31402
31417
31477
31465
31670
31403
31290
31453
31504
31468
31539
31320
31306
31468
31556
31458
31175
31389
31580
31496
31326
31286
31409
31499
31566
31378
31452
31386
31674
31378
31527
31342
31501
31609
31430
31490
31316
31448
31585
31486
31568
31622
31612
31586
31356
31428
31635
31575
31657
31453
31471
31564
31561
31501
31309
31442
31561
31558
31372
31363
31387
31336
31603
31416
31354
31399
31532
31505
31427
31325
31541
31500
31344
31533
31323
31495
31397
31377
31510
31439
31583
31506
31361
31384
31267
31709
31517
31292
31506
31475
31536
31455
31226
31451
31390
31497
31524
31192
31257
31390
31506
31393
31208
31376
31475
31525
31386
31344
31326
31442
31444
31541
31507
31354
31490
31292
31385
31391
31516
31555
31385
31411
31304
31547
31520
31363
31559
31504
31594
31541
31291
31564
31329
31589
31561
31370
31411
31417
31572
31567
31304
31453
31443
31704
31569
31430
31431
31290
31637
31653
31520
31261
31447
31605
31559
31553
31263
31242
31729
31593
31410
31265
31125
31670
31756
31522
31240
31124
31697
31648
31420
31261
31197
31764
31641
31277
31193
31351
31632
31710
31410
31333
31306
31553
31624
31491
31418
31417
31694
31501
31341
31432
31438
31805
31503
31358
31464
31304
31730
31540
31425
31499
31381
31571
31622
31402
31429
31538
31644
31692
31472
31411
31437
31546
31780
31493
31325
31480
31578
31704
31621
31397
31479
31516
31652
31660
31372
31554
31620
31635
31480
31362
31463
31476
31727
31518
31303
31556
31435
31460
31588
31416
31565
31359
31536
31574
31549
31315
31362
31496
31569
31594
31307
31447
31404
31440
31516
31436
31446
31403
31491
31563
31145
31424
31439
31535
31395
31312
31456
31455
31392
31481
31381
31487
31498
31349
31371
31457
31483
31573
31471
31409
31557
31513
31504
31252
31573
31511
31549
31490
31220
31441
31602
31501
31405
31374
31365
31640
31400
31468
31439
31428
31583
31378
31429
31486
31524
31400
31447
31436
31367
31533
31554
31359
31369
31476
31496
31352
31461
31343
31495
31436
31435
31538
31438
31421
31511
31402
31515
31269
31591
31471
31550
31462
31295
31468
31540
31572
31464
31365
31421
31496
31532
31537
31344
31622
31498
31701
31470
31444
31519
31561
31610
31538
31271
31550
31513
31689
31428
31502
31513
31476
31573
31517
31602
31494
31590
31479
31400
31569
31507
31559
31500
31419
31396
31568
31529
31565
31523
31490
31494
31505
31555
31557
31355
31525
31538
31569
31551
31335
31534
31442
31578
31560
31494
31391
31381
31592
31593
31536
31504
31280
31547
31560
31595
31544
31185
31540
31515
31588
31397
31295
31453
31668
31642
31424
31287
31431
31452
31658
31492
31459
31499
31439
31448
31377
31513
31355
31452
31533
31490
31530
31347
31315
31429
31535
31812
31409
31452
31318
31515
31548
31597
31381
31304
31703
31606
31442
31271
31208
31608
31490
31558
31482
31241
31533
31378
31372
31578
31254
31582
31380
31459
31549
31362
31485
31358
31329
31519
31444
31520
31294
31359
31628
31360
31493
31318
31417
31567
31412
31454
31411
31350
31519
31390
31543
31510
31476
31539
31311
31594
31601
31585
31480
31397
31499
31651
31672
31665
31422
31388
31622
31677
31622
31442
31498
31538
31519
31444
31597
31451
31445
31624
31538
31545
31267
31412
31515
31667
31549
31423
31433
31467
31426
31391
31383
31503
31380
31517
31470
31407
31531
31459
31539
31437
31377
31597
31528
31573
31488
31455
31364
31529
31413
31548
31635
31312
31418
31527
31619
31482
31312
31448
31634
31536
31550
31283
31485
31420
31645
31447
31339
31316
31606
31614
31449
31405
31394
31468
31435
31373
31482
31505
31580
31507
31286
31347
31377
31506
31589
31514
31507
31391
31354
31415
31349
31599
31512
31518
31636
31395
31429
31388
31437
31657
31528
31534
31494
31462
31547
31499
31392
31482
31528
31565
31588
31366
31317
31398
31596
31425
31466
31409
31587
31464
31355
31269
31442
31362
31560
31331
31341
31246
31308
31524
31477
31292
31396
31408
31527
31397
31482
31433
31547
31556
31404
31426
31387
31537
31617
31510
31532
31441
31429
31630
31411
31604
31467
31643
31588
31246
31483
31439
31443
31561
31372
31475
31392
31415
31484
31494
31410
31610
31547
31606
31488
31239
31374
31455
31467
31523
31316
31514
31459
31420
31505
31415
31506
31565
31383
31557
31459
31573
31389
31496
31592
31363
31541
31349
31330
31478
31424
31499
31433
31318
31411
31442
31436
31341
31303
31417
31371
31400
31387
31311
31290
31285
31492
31513
31261
31290
31332
31500
31476
31393
31378
31541
31556
31394
31384
31359
31456
31651
31405
31538
31459
31458
31573
31257
31654
31365
31482
31488
31239
31618
31435
31394
31426
31320
31687
31441
31430
31374
31336
31586
31611
31409
31386
31436
31503
31438
31395
31531
31425
31398
31453
31534
31444
31413
31405
31360
31470
31618
31468
31237
31291
31478
31586
31515
31373
31272
31455
31572
31553
31417
31225
31533
31479
31631
31436
31332
31481
31566
31517
31497
31343
31478
31494
31688
31403
31404
31599
31309
31650
31395
31500
31410
31313
31480
31424
31489
31530
31324
31555
31447
31414
31528
31341
31507
31479
31443
31355
31436
31510
31407
31532
31300
31543
31524
31506
31572
31325
31608
31689
31500
31464
31362
31414
31597
31548
31558
31344
31498
31609
31496
31331
31340
31439
31683
31657
31511
31505
31257
31417
31685
31512
31525
31426
31455
31614
31460
31559
31391
31639
31704
31610
31537
31317
31442
31584
31589
31684
31343
31519
31540
31367
31659
31465
31629
31439
31295
31639
31505
31586
31326
31313
31610
31591
31553
31382
31280
31593
31567
31462
31459
31331
31388
31498
31402
31513
31380
31435
31454
31422
31531
31462
31465
31517
31394
31674
31538
31483
31488
31445
31540
31530
31593
31440
31531
31336
31472
31401
31661
31515
31372
31451
31385
31621
31601
31424
31446
31407
31517
31664
31296
31273
31486
31484
31590
31427
31330
31507
31580
31654
31507
31213
31418
31590
31460
31420
31333
31443
31505
31460
31363
31315
31495
31566
31348
31292
31387
31477
31419
31601
31224
31339
31445
31507
31478
31326
31439
31529
31441
31419
31403
31597
31514
31514
31285
31429
31468
31583
31516
31308
31546
31456
31386
31669
31203
31527
31637
31498
31547
31216
31460
31410
31590
31427
31288
31424
31402
31612
31437
31171
31501
31336
31562
31486
31310
31541
31398
31565
31551
31280
31497
31512
31601
31432
31386
31489
31552
31621
31559
31356
31416
31712
31509
31542
31290
31388
31470
31660
31439
31363
31274
31427
31594
31552
31325
31406
31420
31429
31509
31316
31348
31577
31525
31575
31323
31340
31397
31579
31644
31313
31642
31309
31522
31610
31442
31584
31370
31468
31645
31397
31419
31268
31573
31606
31356
31507
31328
31457
31554
31400
31434
31312
31332
31526
31307
31353
31372
31439
31548
31196
31222
31441
31612
31559
31287
31138
31353
31571
31654
31399
31253
31366
31466
31632
31447
31244
31554
31457
31606
31461
31291
31535
31350
31606
31429
31363
31494
31381
31550
31538
31467
31488
31407
31414
31415
31475
31542
31553
31339
31230
31394
31392
31556
31507
31304
31253
31533
31609
31590
31185
31269
31476
31654
31514
31322
31268
31458
31554
31683
31489
31296
31719
31509
31437
31431
31351
31603
31627
31477
31412
31470
31518
31557
31508
31452
31512
31471
31539
31430
31282
31667
31600
31653
31383
31238
31694
31548
31778
31441
31282
31485
31448
31667
31558
31508
31586
31557
31624
31431
31441
31547
31579
31544
31428
31471
31503
31606
31582
31491
31706
31455
31404
31581
31429
31700
31487
31566
31550
31490
31608
31387
31538
31706
31562
31594
31437
31434
31458
31621
31492
31437
31507
31622
31580
31487
31405
31480
31491
31686
31527
31560
31513
31430
31600
31512
31488
31720
31337
31704
31551
31518
31585
31282
31622
31700
31626
31571
31227
31563
31649
31605
31674
31218
31414
31649
31523
31658
31330
31357
31561
31501
31588
31485
31354
31461
31510
31640
31381
31335
31379
31432
31697
31491
31441
31335
31395
31581
31609
31491
31253
31493
31432
31618
31441
31324
31607
31327
31630
31472
31317
31562
31404
31542
31395
31451
31641
31328
31637
31350
31485
31633
31452
31382
31523
31474
31477
31530
31374
31487
31518
31457
31428
31424
31570
31616
31423
31503
31346
31716
31495
31350
31591
31259
31643
31519
31384
31423
31383
31538
31531
31416
31438
31430
31482
31518
31439
31521
31455
31415
31439
31424
31422
31507
31391
31413
31527
31401
31508
31403
31311
31563
31450
31376
31295
31370
31615
31562
31284
31257
31400
31661
31568
31453
31317
31309
31537
31578
31357
31296
31600
31491
31382
31443
31337
31546
31534
31429
31610
31393
31605
31366
31414
31604
31478
31390
31537
31321
31461
31451
31392
31351
31416
31636
31453
31280
31261
31552
31622
31543
31315
31379
31478
31639
31465
31317
31410
31506
31627
31517
31401
31300
31461
31691
31644
31421
31335
31391
31618
31687
31597
31558
31424
31650
31602
31593
31444
31550
31592
31500
31615
31398
31588
31432
31572
31617
31344
31551
31568
31449
31574
31228
31557
31597
31502
31677
31242
31484
31541
31559
31686
31246
31495
31524
31478
31693
31398
31555
31635
31539
31526
31285
31584
31515
31464
31488
31437
31482
31458
31438
31540
31511
31578
31501
31371
31407
31406
31416
31517
31434
31367
31352
31445
31489
31345
31306
31548
31359
31279
31520
31378
31417
31270
31325
31350
31408
31411
31406
31286
31346
31380
31338
31518
31272
31415
31344
31307
31313
31299
31331
31270
31401
31356
31282
31393
31483
31392
31340
31407
31470
31479
31436
31376
31448
31479
31498
31382
31465
31537
31281
31470
31451
31524
31460
31512
31496
31407
31522
31519
31467
31495
31250
31602
31642
31505
31500
31342
31552
31590
31591
31560
31311
31625
31513
31633
31485
31386
31439
31546
31510
31415
31292
31491
31487
31375
31279
31342
31495
31516
31326
31396
31390
31447
31448
31403
31378
31374
31362
31329
31270
31309
31320
31404
31398
31270
31446
31303
31522
31437
31445
31490
31357
31536
31485
31350
31279
31420
31496
31447
31420
31347
31503
31402
31537
31368
31438
31500
31366
31537
31464
31265
31388
31324
31472
31376
31355
31441
31345
31545
31390
31447
31396
31413
31532
31589
31548
31385
31350
31480
31572
31563
31347
31418
31419
31584
31584
31401
31446
31549
31520
31702
31229
31529
31481
31435
31587
31481
31413
31313
31372
31430
31300
31537
31373
31359
31492
31408
31413
31433
31292
31409
31438
31459
31350
31457
31415
31300
31344
31412
31587
31332
31278
31343
31492
31537
31452
31275
31314
31668
31623
31366
31335
31266
31654
31707
31427
31423
31355
31687
31591
31493
31272
31323
31545
31721
31533
31452
31326
31461
31528
31535
31371
31502
31409
31580
31629
31461
31503
31406
31455
31555
31387
31486
31396
31458
31538
31478
31460
31404
31356
31567
31462
31325
31485
31385
31503
31444
31364
31280
31475
31556
31543
31493
31352
31326
31491
31392
31418
31191
31507
31472
31478
31392
31310
31381
31640
31495
31415
31424
31335
31485
31524
31377
31419
31379
31483
31469
31318
31544
31380
31518
31397
31336
31448
31418
31496
31356
31447
31437
31365
31476
31408
31506
31557
31413
31403
31332
31385
31553
31402
31456
31557
31432
31562
31436
31557
31497
31451
31586
31586
31507
31716
31420
31605
31592
31478
31763
31372
31508
31546
31399
31490
31477
31461
31540
31338
31501
31509
31344
31432
31500
31459
31605
31238
31395
31393
31400
31598
31440
31358
31345
31266
31714
31385
31375
31488
31367
31697
31438
31405
31578
31292
31686
31437
31405
31348
31462
31461
31480
31304
31384
31491
31505
31491
31395
31450
31486
31412
31414
31456
31372
31570
31503
31529
31393
31447
31469
31383
31418
31587
31449
31386
31493
31493
31395
31395
31353
31398
31398
31441
31495
31326
31398
31506
31350
31436
31401
31518
31451
31418
31390
31571
31391
31462
31377
31550
31620
31527
31459
31323
31348
31711
31549
31513
31444
31360
31543
31495
31451
31486
31399
31680
31463
31484
31435
31459
31453
31513
31475
31626
31358
31457
31520
31438
31489
31469
31334
31615
31302
31603
31365
31329
31501
31434
31602
31506
31286
31379
31372
31731
31568
31411
31473
31532
31562
31616
31441
31391
31507
31559
31671
31457
31373
31564
31698
31517
31460
31342
31576
31706
31690
31424
31305
31509
31626
31526
31500
31423
31606
31656
31413
31473
31369
31702
31697
31477
31417
31364
31572
31533
31555
31535
31412
31634
31619
31514
31412
31383
31563
31743
31509
31489
31378
31556
31446
31586
31334
31530
31485
31424
31502
31295
31331
31592
31406
31361
31355
31481
31559
31443
31380
31390
31503
31582
31509
31282
31462
31600
31453
31436
31341
31569
31613
31537
31500
31203
31588
31571
31440
31487
31464
31544
31493
31371
31532
31349
31423
31499
31529
31350
31472
31360
31455
31483
31485
31562
31408
31284
31452
31454
31649
31202
31379
31334
31466
31540
31439
31450
31372
31377
31626
31389
31384
31298
31514
31651
31333
31314
31287
31356
31444
31429
31377
31431
31262
31352
31401
31415
31406
31385
31449
31454
31378
31429
31515
31367
31476
31444
31473
31382
31377
31587
31410
31532
31366
31464
31593
31529
31485
31231
31535
31677
31405
31542
31377
31490
31724
31423
31514
31356
31568
31667
31455
31525
31381
31410
31654
31464
31469
31468
31483
31582
31451
31333
31601
31435
31578
31491
31371
31565
31370
31564
31525
31517
31444
31491
31608
31547
31570
31615
31420
31614
31429
31622
31478
31504
31613
31494
31531
31455
31345
31780
31341
31661
31365
31415
31568
31370
31561
31513
31439
31653
31276
31519
31426
31548
31515
31208
31476
31523
31593
31551
31339
31404
31452
31588
31522
31333
31522
31544
31469
31433
31369
31360
31630
31482
31378
31367
31581
31498
31321
31358
31552
31410
31504
31280
31446
31418
31505
31437
31330
31510
31579
31427
31579
31246
31573
31617
31364
31519
31274
31613
31680
31346
31570
31223
31508
31693
31403
31523
31371
31505
31527
31399
31442
31403
31474
31447
31595
31311
31322
31596
31490
31503
31269
31439
31523
31460
31514
31292
31513
31583
31562
31571
31456
31491
31471
31419
31518
31527
31550
31617
31408
31392
31535
31459
31472
31454
31477
31579
31544
31311
31465
31537
31512
31494
31505
31440
31512
31363
31385
31461
31440
31466
31354
31317
31374
31532
31593
31319
31283
31301
31441
31535
31432
31325
31445
31400
31513
31366
31356
31436
31385
31488
31456
31476
31403
31517
31350
31514
31470
31428
31404
31393
31600
31489
31546
31378
31399
31550
31563
31467
31509
31430
31575
31601
31390
31537
31437
31622
31614
31516
31444
31505
31563
31470
31504
31591
31405
31510
31609
31505
31532
31275
31367
31659
31522
31563
31499
31305
31461
31514
31601
31578
31232
31573
31506
31382
31486
31322
31613
31555
31442
31459
31339
31579
31546
31409
31483
31556
31606
31526
31402
31511
31644
31660
31503
31397
31462
31566
31764
31393
31596
31401
31524
31693
31344
31426
31565
31454
31645
31174
31425
31577
31479
31615
31311
31383
31488
31423
31676
31425
31400
31465
31621
31463
31290
31422
31519
31668
31447
31532
31293
31318
31656
31556
31411
31455
31356
31604
31637
31405
31546
31492
31490
31684
31391
31518
31443
31547
31591
31343
31419
31522
31482
31583
31361
31396
31524
31350
31587
31329
31298
31563
31568
31490
31279
31222
31541
31709
31516
31408
31202
31570
31655
31635
31290
31261
31595
31616
31571
31433
31220
31605
31675
31515
31534
31283
31458
31750
31449
31399
31348
31534
31649
31547
31544
31380
31453
31522
31455
31618
31451
31427
31577
31416
31557
31479
31466
31608
31501
31344
31592
31346
31524
31459
31416
31510
31372
31416
31502
31423
31493
31254
31540
31591
31498
31512
31244
31479
31685
31603
31520
31415
31394
31490
31591
31629
31540
31349
31562
31473
31550
31458
31533
31532
31608
31498
31569
31414
31459
31418
31558
31614
31470
31544
31484
31494
31435
31655
31579
31577
31348
31419
31668
31556
31633
31361
31406
31648
31657
31493
31335
31436
31608
31778
31400
31459
31554
31561
31605
31391
31346
31496
31491
31482
31406
31538
31433
31295
31366
31316
31419
31623
31495
31463
31388
31354
31408
31431
31442
31515
31411
31502
31451
31381
31404
31427
31450
31395
31528
31474
31325
31479
31389
31418
31560
31431
31663
31376
31577
31468
31411
31590
31526
31430
31498
31311
31632
31329
31573
31413
31371
31499
31460
31456
31513
31290
31397
31505
31505
31387
31303
31350
31525
31537
31558
31356
31370
31476
31669
31604
31286
31445
31322
31524
31660
31308
31577
31439
31484
31458
31410
31489
31513
31548
31487
31542
31461
31420
31454
31482
31710
31689
31417
31392
31464
31647
31817
31427
31424
31491
31754
31588
31394
31199
31693
31645
31692
31251
31261
31608
31690
31614
31438
31187
31571
31545
31591
31410
31273
31675
31593
31447
31364
31250
31528
31448
31691
31369
31286
31297
31412
31533
31598
31542
31491
31422
31362
31354
31407
31427
31492
31482
31510
31383
31297
31386
31478
31603
31440
31517
31252
31488
31612
31564
31462
31469
31408
31503
31482
31485
31365
31492
31629
31500
31586
31247
31508
31540
31417
31663
31344
31520
31472
31281
31663
31586
31509
31486
31354
31546
31411
31677
31600
31370
31555
31361
31543
31470
31412
31469
31593
31518
31501
31345
31457
31360
31588
31477
31523
31358
31358
31336
31504
31477
31483
31468
31536
31387
31556
31374
31494
31396
31497
31494
31475
31451
31416
31342
31473
31424
31575
31419
31246
31536
31518
31526
31364
31288
31480
31685
31531
31482
31169
31427
31547
31600
31408
31227
31499
31499
31536
31438
31270
31517
31465
31596
31391
31292
31319
31410
31433
31577
31442
31307
31377
31411
31449
31353
31451
31391
31577
31379
31544
31298
31425
31608
31515
31471
31389
31433
31545
31536
31394
31571
31539
31596
31474
31343
31527
31486
31535
31361
31436
31526
31661
31411
31284
31210
31488
31681
31372
31329
31409
31502
31476
31319
31407
31416
31472
31494
31327
31383
31500
31471
31278
31292
31369
31606
31521
31392
31335
31486
31505
31473
31282
31465
31437
31453
31572
31304
31436
31421
31416
31534
31455
31431
31500
31284
31355
31470
31464
31421
31297
31446
31351
31340
31457
31381
31544
31357
31385
31521
31383
31485
31339
31470
31392
31343
31541
31449
31523
31340
31376
31494
31426
31543
31438
31295
31462
31486
31644
31614
31339
31363
31583
31629
31427
31337
31472
31589
31811
31423
31408
31399
31549
31674
31601
31508
31519
31353
31546
31512
31589
31496
31459
31579
31450
31334
31561
31384
31580
31675
31461
31581
31245
31405
31560
31557
31513
31383
31502
31620
31532
31530
31479
31474
31496
31578
31593
31372
31390
31281
31526
31496
31306
31355
31378
31743
31461
31327
31251
31439
31619
31613
31360
31358
31502
31625
31385
31343
31194
31537
31493
31371
31434
31282
31632
31377
31311
31522
31293
31580
31489
31355
31537
31386
31430
31361
31282
31432
31609
31331
31436
31167
31409
31593
31455
31280
31251
31541
31391
31224
31321
31264
31463
31486
31369
31391
31212
31483
31424
31227
31432
31284
31483
31452
31305
31475
31342
31460
31389
31312
31546
31313
31529
31391
31435
31578
31308
31611
31374
31421
31475
31258
31526
31541
31559
31475
31350
31417
31610
31481
31417
31453
31400
31499
31605
31421
31347
31261
31456
31652
31494
31550
31306
31326
31477
31596
31455
31464
31280
31510
31433
31595
31520
31230
31498
31532
31488
31482
31430
31505
31462
31594
31573
31344
31475
31586
31611
31436
31366
31512
31556
31691
31482
31480
31361
31557
31471
31326
31504
31374
31461
31411
31342
31320
31252
31454
31392
31273
31409
31473
31533
31454
31393
31405
31439
31511
31374
31360
31336
31437
31547
31369
31310
31384
31451
31607
31527
31355
31543
31389
31532
31492
31477
31579
31458
31524
31476
31368
31603
31464
31652
31453
31407
31616
31404
31551
31392
31436
31638
31570
31412
31268
31510
31455
31576
31407
31183
31552
31271
31447
31567
31327
31600
31402
31336
31346
31338
31686
31493
31232
31424
31403
31746
31273
31233
31545
31484
31708
31404
31180
31497
31504
31580
31488
31261
31609
31618
31485
31328
31386
31720
31503
31556
31334
31321
31609
31619
31481
31325
31343
31596
31502
31401
31298
31541
31577
31487
31393
31344
31465
31464
31462
31571
31421
31495
31408
31343
31459
31534
31660
31491
31334
31312
31539
31611
31584
31281
31483
31572
31673
31349
31418
31354
31642
31552
31509
31406
31402
31450
31630
31451
31355
31435
31506
31447
31562
31439
31290
31344
31364
31494
31585
31262
31397
31354
31464
31371
31366
31414
31601
31449
31488
31299
31427
31514
31591
31425
31300
31407
31359
31600
31544
31367
31428
31409
31537
31532
31254
31436
31418
31567
31490
31401
31373
31369
31491
31663
31374
31456
31470
31361
31530
31282
31312
31484
31626
31534
31447
31309
31512
31376
31468
31502
31564
31546
31289
31447
31402
31552
31440
31402
31572
31485
31458
31484
31204
31558
31370
31400
31511
31286
31513
31387
31376
31406
31230
31466
31483
31244
31391
31338
31499
31576
31338
31236
31317
31371
31469
31454
31457
31443
31317
31353
31425
31484
31394
31354
31294
31532
31425
31389
31375
31300
31607
31442
31418
31375
31144
31666
31549
31487
31367
31256
31523
31463
31524
31473
31371
31414
31555
31486
31640
31318
31569
31431
31447
31607
31403
31530
31471
31475
31486
31476
31377
31599
31506
31518
31451
31453
31477
31289
31413
31442
31405
31448
31468
31386
31428
31299
31429
31600
31440
31419
31490
31427
31512
31459
31388
31432
31375
31561
31466
31458
31343
31501
31682
31531
31486
31502
31580
31562
31610
31520
31357
31539
31527
31537
31642
31586
31511
31594
31461
31681
31568
31563
31530
31429
31698
31499
31441
31464
31539
31686
31384
31478
31396
31375
31728
31485
31361
31432
31320
31661
31596
31301
31309
31564
31649
31504
31398
31292
31569
31649
31540
31370
31381
31526
31648
31637
31318
31361
31537
31490
31527
31418
31520
31596
31517
31379
31385
31504
31460
31472
31419
31323
31593
31321
31290
31341
31309
31678
31317
31254
31181
31327
31587
31542
31216
31221
31332
31610
31462
31234
31321
31349
31576
31460
31188
31329
31302
31592
31499
31251
31327
31355
31506
31641
31291
31423
31523
31405
31635
31405
31459
31526
31247
31633
31320
31394
31643
31325
31611
31400
31422
31654
31336
31617
31461
31413
31642
31378
31483
31613
31466
31643
31381
31398
31543
31540
31657
31501
31310
31513
31461
31363
31521
31316
31522
31423
31391
31385
31372
31371
31497
31305
31408
31525
31435
31620
31345
31438
31421
31518
31537
31334
31393
31437
31617
31547
31339
31304
31577
31515
31578
31461
31235
31456
31579
31519
31342
31377
31466
31560
31397
31382
31431
31378
31635
31350
31480
31512
31369
31409
31521
31522
31513
31343
31414
31565
31539
31552
31442
31443
31551
31618
31530
31372
31174
31711
31503
31472
31472
31471
31600
31484
31384
31509
31520
31517
31527
31359
31451
31419
31509
31415
31450
31533
31291
31556
31505
31456
31472
31376
31547
31510
31353
31508
31388
31559
31308
31366
31550
31331
31339
31460
31404
31535
31310
31329
31419
31389
31494
31377
31413
31373
31504
31596
31391
31369
31500
31558
31646
31330
31278
31452
31492
31500
31399
31420
31599
31418
31425
31365
31457
31721
31380
31343
31452
31502
31496
31447
31272
31517
31519
31561
31562
31285
31512
31483
31502
31538
31374
31641
31442
31529
31532
31264
31561
31509
31572
31626
31432
31483
31294
31612
31523
31293
31559
31477
31619
31364
31284
31541
31398
31626
31335
31397
31329
31403
31545
31576
31531
31468
31457
31501
31364
31562
31648
31575
31493
31397
31464
31622
31454
31470
31523
31552
31607
31536
31443
31407
31419
31589
31628
31402
31507
31497
31575
31538
31428
31509
31640
31628
31547
31503
31488
31477
31612
31608
31525
31501
31535
31498
31491
31545
31503
31445
31552
31432
31653
31241
31307
31513
31472
31604
31410
31305
31458
31374
31405
31531
31403
31417
31314
31386
31571
31236
31377
31388
31408
31575
31401
31412
31437
31506
31632
31293
31366
31232
31611
31446
31230
31424
31378
31680
31383
31228
31458
31390
31554
31470
31449
31637
31281
31344
31354
31434
31564
31433
31313
31349
31380
31496
31375
31487
31276
31493
31424
31346
31383
31438
31603
31527
31360
31284
31386
31550
31440
31441
31441
31594
31527
31244
31435
31479
31637
31653
31455
31398
31333
31615
31559
31531
31543
31343
31647
31482
31545
31431
31310
31555
31447
31627
31332
31400
31487
31396
31600
31367
31387
31550
31459
31509
31440
31330
31421
31506
31472
31254
31374
31544
31468
31305
31258
31316
31407
31541
31286
31375
31321
31406
31517
31325
31335
31468
31225
31511
31334
31325
31371
31275
31400
31394
31387
31293
31263
31525
31487
31389
31481
31417
31562
31423
31414
31340
31430
31572
31412
31389
31360
31313
31368
31567
31405
31392
31309
31343
31476
31480
31384
31423
31346
31504
31557
31385
31412
31416
31485
31506
31358
31342
31524
31525
31596
31395
31380
31526
31410
31552
31502
31449
31480
31271
31410
31517
31492
31519
31392
31280
31450
31480
31533
31423
31264
31354
31617
31569
31447
31410
31439
31506
31427
31459
31522
31332
31630
31459
31512
31447
31489
31403
31663
31492
31556
31519
31473
31558
31419
31437
31731
31331
31605
31537
31415
31653
31514
31466
31542
31228
31592
31414
31607
31441
31409
31461
31473
31377
31462
31322
31514
31638
31505
31292
31294
31310
31666
31494
31323
31435
31359
31485
31589
31270
31452
31316
31551
31590
31243
31416
31250
31551
31624
31479
31401
31422
31505
31620
31435
31382
31424
31563
31549
31454
31414
31509
31520
31530
31369
31352
31485
31477
31461
31393
31461
31390
31482
31397
31381
31478
31607
31424
31314
31334
31353
31600
31466
31498
31286
31182
31441
31554
31610
31345
31265
31342
31512
31570
31517
31255
31497
31459
31586
31410
31299
31484
31482
31657
31409
31216
31464
31335
31582
31502
31395
31604
31348
31431
31488
31399
31706
31538
31445
31469
31381
31525
31488
31464
31400
31468
31668
31503
31449
31352
31419
31566
31582
31649
31351
31355
31348
31540
31653
31480
31342
31467
31512
31642
31478
31404
31511
31611
31742
31520
31387
31480
31495
31546
31486
31377
31444
31583
31378
31498
31295
31710
31562
31424
31335
31535
31598
31700
31226
31431
31505
31549
31503
31382
31403
31473
31453
31661
31313
31248
31437
31499
31613
31312
31269
31483
31349
31558
31355
31299
31514
31376
31389
31464
31373
31434
31350
31471
31441
31534
31485
31342
31312
31492
31470
31609
31398
31211
31517
31479
31646
31491
31276
31473
31422
31614
31428
31297
31485
31546
31640
31537
31432
31459
31437
31640
31541
31375
31362
31634
31560
31345
31450
31490
31618
31559
31441
31430
31386
31483
31529
31364
31318
31502
31486
31438
31298
31275
31513
31480
31335
31546
31431
31444
31295
31298
31528
31592
31510
31428
31238
31342
31443
31511
31309
31273
31443
31437
31380
31256
31299
31417
31436
31488
31443
31380
31294
31266
31575
31517
31435
31344
31328
31480
31504
31462
31325
31435
31507
31613
31379
31363
31348
31374
31793
31454
31425
31380
31352
31662
31429
31446
31458
31387
31603
31560
31511
31476
31379
31538
31396
31653
31448
31517
31535
31327
31371
31366
31507
31527
31379
31326
31511
31472
31458
31330
31632
31422
31498
31450
31447
31382
31342
31408
31548
31484
31449
31529
31481
31540
31381
31418
31523
31403
31494
31577
31419
31428
31361
31501
31541
31484
31480
31597
31532
31375
31346
31436
31483
31629
31386
31278
31413
31357
31535
31496
31460
31419
31366
31587
31431
31384
31376
31319
31652
31449
31354
31309
31416
31512
31453
31496
31388
31342
31631
31467
31488
31278
31220
31566
31679
31410
31307
31185
31575
31494
31435
31315
31436
31470
31464
31484
31498
31399
31667
31558
31377
31339
31407
31533
31691
31402
31361
31474
31505
31458
31308
31505
31631
31455
31328
31320
31485
31450
31498
31464
31378
31546
31552
31540
31577
31315
31570
31551
31534
31554
31331
31607
31535
31563
31490
31379
31640
31484
31619
31590
31260
31483
31523
31630
31511
31369
31431
31486
31589
31416
31558
31364
31421
31734
31308
31449
31335
31396
31521
31452
31437
31368
31522
31450
31436
31433
31350
31497
31452
31389
31517
31311
31338
31330
31343
31365
31458
31395
31370
31417
31501
31426
31355
31310
31416
31664
31485
31276
31320
31384
31636
31540
31453
31393
31513
31657
31577
31324
31420
31536
31620
31394
31411
31482
31435
31597
31416
31452
31474
31511
31446
31561
31385
31680
31637
31366
31358
31348
31683
31595
31287
31528
31311
31645
31463
31253
31679
31412
31628
31419
31258
31434
31581
31504
31347
31362
31370
31464
31558
31346
31411
31489
31570
31436
31334
31437
31442
31602
31550
31368
31520
31388
31481
31437
31352
31401
31566
31450
31397
31316
31265
31577
31547
31396
31345
31374
31438
31611
31365
31477
31314
31477
31625
31451
31542
31377
31424
31533
31440
31614
31511
31340
31454
31529
31752
31533
31410
31396
31578
31587
31738
31505
31304
31528
31563
31592
31427
31170
31649
31659
31587
31394
31228
31537
31571
31652
31508
31362
31345
31586
31607
31544
31500
31380
31475
31588
31431
31455
31284
31707
31516
31313
31521
31324
31574
31505
31503
31485
31390
31505
31456
31405
31457
31501
31336
31428
31381
31365
31557
31517
31457
31347
31373
31542
31483
31494
31610
31500
31608
31399
31574
31505
31530
31469
31597
31613
31482
31368
31489
31486
31583
31559
31375
31594
31354
31546
31574
31328
31317
31557
31397
31491
31368
31400
31449
31464
31499
31463
31436
31276
31501
31594
31473
31328
31286
31482
31399
31487
31423
31425
31502
31505
31276
31422
31390
31448
31613
31468
31400
31422
31277
31464
31424
31456
31489
31423
31452
31488
31410
31570
31355
31579
31621
31389
31553
31400
31572
31591
31345
31454
31438
31601
31649
31493
31452
31341
31566
31520
31406
31495
31361
31496
31473
31406
31398
31412
31438
31509
31352
31380
31527
31434
31417
31389
31327
31583
31578
31424
31341
31440
31447
31514
31500
31482
31515
31687
31584
31514
31399
31476
31547
31752
31622
31527
31627
31457
31476
31582
31604
31609
31349
31660
31598
31498
31421
31423
31554
31656
31431
31382
31478
31402
31537
31498
31396
31446
31489
31480
31589
31226
31457
31521
31541
31467
31375
31600
31565
31430
31394
31313
31612
31564
31519
31418
31412
31316
31632
31445
31437
31485
31396
31592
31517
31135
31427
31365
31549
31419
31293
31379
31379
31326
31401
31366
31385
31361
31331
31291
31325
31418
31465
31541
31386
31457
31313
31329
31362
31499
31362
31413
31430
31399
31307
31448
31339
31476
31429
31542
31485
31340
31369
31331
31329
31424
31359
31517
31402
31373
31427
31286
31384
31417
31378
31502
31405
31390
31265
31320
31394
31397
31548
31416
31536
31234
31421
31407
31509
31515
31473
31439
31427
31447
31516
31309
31394
31451
31583
31703
31372
31398
31272
31601
31507
31366
31449
31380
31468
31399
31342
31360
31229
31487
31413
31449
31361
31259
31426
31465
31463
31349
31332
31307
31424
31448
31362
31409
31239
31387
31560
31332
31371
31288
31392
31529
31518
31494
31377
31291
31562
31453
31386
31389
31324
31547
31358
31359
31285
31305
31425
31476
31263
31309
31476
31359
31322
31245
31256
31445
31424
31402
31306
31179
31381
31368
31294
31226
31295
31332
31266
31263
31269
31229
31321
31290
31371
31277
31289
31353
31413
31370
31388
31264
31439
31352
31354
31460
31436
31509
31465
31207
31304
31415
31583
31423
31323
31560
31500
31425
31389
31309
31589
31582
31643
31409
31307
31456
31571
31511
31486
31456
31437
31739
31535
31560
31422
31571
31714
31488
31548
31443
31472
31550
31411
31542
31472
31497
31476
31326
31492
31428
31666
31537
31468
31590
31432
31439
31428
31431
31445
31504
31437
31302
31573
31457
31445
31477
31350
31619
31534
31411
31518
31396
31539
31361
31431
31540
31428
31452
31327
31428
31577
31389
31518
31469
31404
31706
31492
31459
31328
31402
31557
31660
31458
31423
31415
31400
31453
31508
31527
31393
31352
31469
31541
31440
31258
31260
31521
31518
31491
31423
31245
31460
31465
31527
31348
31314
31461
31497
31566
31493
31302
31353
31366
31479
31450
31362
31509
31398
31660
31462
31305
31519
31499
31612
31757
31204
31407
31356
31651
31621
31300
31449
31492
31474
31485
31393
31562
31642
31464
31411
31403
31440
31673
31494
31370
31476
31545
31583
31411
31268
31521
31638
31628
31381
31236
31477
31573
31764
31386
31351
31325
31531
31641
31401
31450
31313
31408
31676
31345
31455
31478
31383
31728
31295
31434
31362
31383
31615
31375
31421
31478
31310
31624
31322
31530
31405
31333
31704
31429
31447
31444
31220
31667
31513
31536
31377
31255
31655
31387
31736
31358
31239
31725
31510
31550
31387
31156
31473
31575
31560
31290
31156
31516
31495
31490
31287
31375
31519
31324
31594
31462
31419
31429
31435
31481
31354
31431
31485
31434
31513
31447
31530
31578
31370
31443
31455
31604
31496
31502
31616
31465
31474
31375
31549
31574
31570
31555
31365
31452
31414
31490
31505
31449
31465
31492
31530
31467
31213
31482
31352
31666
31492
31304
31636
31289
31555
31434
31351
31568
31523
31498
31281
31326
31509
31333
31638
31449
31413
31490
31234
31580
31544
31460
31585
31310
31676
31388
31340
31418
31420
31572
31411
31412
31375
31419
31520
31636
31595
31347
31346
31529
31413
31520
31389
31444
31596
31311
31407
31446
31444
31421
31561
31582
31292
31303
31382
31525
31524
31458
31319
31537
31514
31370
31565
31328
31403
31569
31490
31451
31424
31451
31471
31515
31344
31494
31459
31395
31419
31351
31449
31296
31340
31455
31454
31490
31262
31210
31593
31474
31550
31422
31380
31584
31449
31422
31361
31308
31655
31604
31356
31511
31289
31652
31568
31454
31563
31237
31638
31509
31372
31422
31355
31587
31554
31349
31453
31448
31463
31713
31348
31323
31393
31620
31624
31391
31346
31389
31513
31614
31355
31447
31614
31481
31615
31137
31336
31337
31531
31651
31264
31450
31349
31417
31536
31302
31582
31542
31506
31388
31259
31589
31506
31610
31455
31300
31483
31541
31530
31362
31361
31562
31651
31471
31284
31292
31621
31504
31551
31398
31264
31617
31455
31488
31336
31312
31492
31548
31402
31245
31370
31457
31506
31460
31321
31425
31440
31513
31614
31362
31513
31344
31455
31614
31434
31450
31306
31436
31589
31375
31506
31311
31453
31737
31465
31562
31221
31479
31591
31562
31440
31422
31534
31514
31621
31501
31458
31598
31501
31443
31497
31563
31592
31525
31386
31484
31655
31541
31466
31499
31635
31582
31700
31325
31330
31571
31587
31574
31454
31385
31538
31567
31453
31576
31450
31520
31640
31585
31427
31332
31375
31635
31481
31523
31422
31314
31678
31471
31623
31560
31252
31607
31532
31568
31455
31300
31518
31587
31590
31626
31478
31546
31587
31658
31711
31349
31521
31607
31547
31598
31502
31477
31395
31554
31551
31488
31424
31472
31599
31563
31313
31434
31479
31462
31644
31403
31505
31457
31492
31607
31493
31498
31545
31610
31592
31344
31545
31516
31737
31558
31364
31478
31563
31710
31428
31343
31584
31600
31664
31518
31523
31574
31443
31606
31469
31548
31534
31533
31560
31549
31387
31494
31464
31602
31703
31369
31292
31323
31534
31630
31596
31435
31303
31473
31499
31440
31490
31415
31524
31488
31375
31390
31325
31460
31505
31475
31545
31457
31277
31344
31479
31562
31465
31270
31308
31427
31428
31464
31398
31344
31401
31429
31420
31473
31494
31524
31422
31442
31435
31396
31587
31432
31383
31635
31321
31516
31528
31440
31726
31357
31668
31500
31406
31549
31203
31525
31594
31392
31492
31299
31496
31528
31457
31488
31358
31492
31539
31442
31477
31357
31602
31396
31381
31406
31316
31729
31267
31464
31439
31445
31613
31411
31486
31587
31463
31718
31332
31614
31488
31564
31591
31354
31571
31557
31672
31533
31430
31504
31495
31600
31380
31393
31522
31390
31465
31399
31523
31460
31319
31359
31396
31476
31541
31364
31523
31446
31417
31256
31398
31323
31511
31576
31319
31343
31400
31457
31521
31400
31300
31518
31410
31469
31449
31303
31498
31446
31316
31444
31466
31468
31333
31394
31481
31482
31467
31349
31224
31473
31448
31392
31446
31355
31517
31469
31511
31419
31372
31401
31626
31523
31712
31431
31278
31472
31602
31598
31554
31439
31452
31372
31670
31567
31411
31412
31634
31528
31487
31235
31295
31523
31542
31533
31398
31272
31547
31445
31452
31350
31423
31447
31626
31508
31349
31525
31505
31433
31575
31246
31524
31567
31504
31495
31291
31491
31513
31417
31592
31332
31498
31510
31407
31526
31279
31385
31480
31199
31594
31328
31443
31412
31324
31584
31434
31390
31500
31286
31518
31245
31551
31463
31447
31514
31240
31506
31427
31445
31424
31281
31498
31582
31465
31378
31331
31608
31704
31539
31343
31229
31512
31543
31565
31407
31454
31597
31369
31516
31403
31364
31714
31415
31382
31458
31277
31539
31619
31384
31375
31392
31592
31507
31428
31408
31403
31588
31451
31529
31364
31495
31555
31556
31381
31326
31402
31504
31709
31398
31476
31384
31452
31432
31411
31367
31553
31371
31482
31225
31335
31412
31576
31399
31495
31374
31489
31413
31381
31462
31525
31408
31470
31315
31437
31386
31460
31581
31354
31483
31377
31450
31458
31328
31459
31402
31387
31426
31436
31326
31292
31481
31447
31402
31313
31294
31579
31410
31439
31265
31390
31462
31313
31480
31369
31463
31436
31411
31328
31306
31583
31630
31390
31548
31318
31438
31493
31426
31513
31438
31457
31453
31473
31530
31401
31657
31512
31515
31434
31434
31526
31454
31581
31557
31556
31561
31319
31519
31537
31525
31625
31458
31391
31416
31560
31514
31525
31315
31428
31538
31506
31561
31484
31368
31376
31387
31490
31340
31436
31350
31484
31494
31404
31289
31299
31397
31445
31446
31449
31394
31355
31381
31321
31488
31404
31448
31462
31390
31611
31457
31435
31288
31501
31689
31520
31349
31339
31488
31475
31758
31404
31295
31467
31574
31422
31249
31210
31447
31529
31471
31292
31178
31321
31379
31448
31231
31291
31365
31333
31555
31436
31218
31265
31403
31531
31403
31421
31394
31361
31583
31444
31468
31354
31271
31521
31455
31431
31359
31332
31440
31476
31618
31435
31375
31297
31477
31455
31469
31420
31258
31510
31556
31436
31381
31382
31378
31496
31497
31445
31365
31457
31637
31464
31368
31215
31521
31501
31321
31443
31384
31501
31422
31346
31356
31409
31630
31565
31466
31441
31407
31528
31449
31475
31415
31552
31590
31442
31678
31492
31466
31498
31365
31531
31523
31337
31361
31364
31472
31386
31600
31398
31344
31476
31473
31481
31590
31369
31389
31543
31575
31512
31298
31396
31389
31490
31582
31369
31236
31325
31535
31416
31323
31298
31293
31461
31550
31387
31375
31241
31486
31498
31297
31443
31382
31382
31512
31354
31425
31418
31381
31470
31457
31421
31459
31505
31470
31538
31584
31410
31483
31446
31606
31517
31518
31395
31436
31539
31496
31424
31544
31505
31667
31566
31415
31380
31549
31562
31607
31444
31439
31601
31599
31548
31443
31360
31786
31614
31536
31564
31357
31500
31656
31566
31576
31298
31616
31502
31548
31387
31499
31552
31546
31419
31505
31408
31455
31386
31445
31571
31509
31434
31318
31583
31415
31616
31518
31360
31501
31408
31488
31628
31223
31589
31530
31416
31488
31305
31551
31519
31375
31416
31356
31664
31471
31347
31499
31401
31557
31357
31422
31532
31645
31561
31347
31312
31576
31485
31707
31348
31228
31540
31421
31583
31401
31245
31358
31481
31650
31477
31177
31375
31301
31570
31585
31465
31432
31385
31535
31630
31274
31321
31340
31499
31675
31435
31371
31403
31472
31582
31546
31419
31658
31451
31505
31588
31266
31581
31385
31437
31544
31306
31579
31386
31436
31463
31424
31435
31498
31496
31568
31427
31553
31364
31416
31551
31359
31434
31464
31507
31500
31393
31288
31387
31515
31569
31286
31587
31210
31468
31637
31438
31418
31441
31336
31581
31441
31421
31465
31516
31607
31612
31449
31351
31330
31713
31496
31336
31438
31364
31427
31453
31396
31456
31332
31569
31588
31266
31264
31352
31592
31556
31410
31267
31450
31631
31357
31503
31316
31510
31550
31385
31404
31399
31536
31512
31390
31426
31380
31473
31678
31331
31404
31480
31443
31581
31298
31392
31433
31370
31566
31449
31517
31384
31219
31559
31364
31512
31259
31269
31591
31478
31367
31391
31340
31506
31477
31555
31442
31432
31315
31401
31501
31493
31574
31381
31359
31437
31479
31621
31559
31441
31612
31669
31603
31346
31430
31592
31686
31565
31393
31468
31446
31593
31381
31452
31489
31578
31594
31281
31242
31525
31510
31641
31273
31367
31672
31592
31603
31182
31277
31551
31575
31530
31232
31303
31474
31580
31528
31393
31368
31581
31456
31555
31396
31471
31596
31401
31529
31576
31315
31507
31464
31449
31562
31448
31583
31373
31430
31554
31300
31461
31391
31364
31598
31399
31306
31493
31352
31569
31339
31328
31425
31430
31589
31549
31271
31437
31216
31775
31469
31232
31341
31391
31647
31386
31344
31362
31365
31611
31321
31354
31357
31359
31474
31369
31405
31298
31438
31487
31320
31590
31422
31452
31360
31264
31485
31538
31449
31381
31364
31346
31379
31499
31488
31434
31500
31390
31576
31337
31431
31326
31481
31588
31547
31354
31134
31453
31552
31711
31497
31288
31380
31304
31626
31577
31397
31602
31465
31555
31507
31403
31455
31641
31576
31466
31436
31465
31551
31463
31540
31470
31394
31448
31506
31515
31406
31313
31541
31454
31519
31365
31292
31618
31445
31673
31371
31337
31462
31417
31533
31461
31360
31471
31544
31582
31354
31230
31475
31503
31626
31298
31414
31474
31505
31453
31342
31370
31664
31482
31538
31269
31385
31648
31595
31394
31305
31339
31559
31601
31403
31411
31520
31673
31441
31449
31356
31492
31642
31510
31555
31382
31635
31579
31427
31434
31423
31669
31620
31450
31374
31350
31700
31486
31440
31396
31464
31663
31453
31329
31537
31506
31781
31428
31406
31337
31597
31587
31444
31392
31318
31553
31576
31406
31385
31450
31582
31494
31453
31412
31480
31531
31521
31455
31577
31509
31617
31473
31624
31462
31571
31559
31505
31573
31465
31646
31676
31475
31464
31550
31634
31518
31444
31493
31488
31558
31585
31451
31589
31473
31452
31619
31364
31666
31637
31327
31522
31435
31512
31467
31340
31399
31306
31536
31500
31415
31444
31446
31467
31472
31363
31470
31418
31566
31520
31627
31400
31589
31527
31511
31594
31389
31590
31513
31533
31584
31405
31553
31576
31514
31592
31529
31696
31590
31451
31477
31516
31466
31663
31658
31443
31617
31396
31566
31509
31422
31519
31374
31518
31370
31392
31339
31267
31603
31551
31369
31391
31219
31526
31590
31569
31412
31282
31565
31515
31529
31387
31315
31452
31509
31478
31350
31299
31387
31594
31464
31367
31386
31261
31459
31496
31400
31490
31384
31462
31498
31403
31589
31317
31614
31405
31477
31609
31314
31600
31421
31596
31619
31478
31498
31431
31563
31726
31472
31607
31435
31456
31633
31440
31604
31458
31419
31669
31426
31537
31463
31482
31432
31564
31559
31642
31396
31397
31519
31583
31689
31450
31391
31393
31584
31603
31539
31254
31493
31699
31525
31388
31316
31424
31579
31544
31528
31309
31395
31427
31350
31627
31380
31394
31468
31372
31633
31423
31322
31318
31350
31466
31554
31419
31373
31424
31540
31364
31506
31356
31484
31483
31412
31564
31310
31312
31446
31441
31486
31311
31333
31382
31338
31623
31438
31389
31259
31405
31436
31607
31365
31559
31420
31387
31565
31380
31534
31469
31393
31490
31330
31369
31474
31449
31580
31492
31425
31487
31335
31549
31548
31398
31576
31549
31606
31415
31360
31472
31406
31604
31575
31533
31461
31503
31569
31546
31427
31658
31410
31486
31674
31458
31462
31410
31436
31486
31577
31463
31604
31416
31486
31390
31482
31600
31587
31520
31452
31492
31580
31476
31547
31356
31537
31565
31634
31538
31401
31597
31517
31411
31678
31351
31486
31412
31414
31507
31401
31564
31343
31368
31529
31459
31523
31256
31526
31538
31383
31456
31326
31454
31321
31465
31456
31328
31494
31338
31403
31384
31251
31480
31406
31243
31354
31378
31548
31240
31367
31272
31484
31501
31444
31447
31413
31522
31557
31195
31415
31365
31509
31364
31365
31443
31328
31492
31578
31252
31449
31382
31560
31451
31243
31442
31386
31568
31434
31385
31397
31426
31382
31512
31406
31463
31358
31467
31496
31527
31498
31442
31443
31444
31618
31651
31322
31417
31443
31642
31543
31454
31532
31507
31489
31454
31407
31505
31377
31431
31497
31524
31442
31328
31229
31448
31469
31509
31463
31390
31346
31519
31398
31354
31336
31326
31552
31330
31263
31363
31483
31649
31264
31228
31486
31419
31720
31468
31390
31547
31353
31492
31472
31473
31593
31580
31501
31438
31420
31517
31626
31539
31483
31520
31576
31550
31457
31597
31426
31479
31417
31418
31522
31433
31494
31538
31422
31299
31480
31263
31580
31527
31473
31315
31403
31352
31430
31415
31481
31418
31506
31480
31340
31362
31429
31469
31562
31356
31456
31622
31380
31416
31279
31537
31751
31501
31320
31174
31497
31518
31745
31381
31423
31610
31582
31470
31405
31331
31618
31701
31495
31439
31431
31681
31604
31596
31363
31430
31695
31527
31535
31427
31434
31634
31622
31354
31480
31406
31537
31666
31400
31491
31271
31610
31613
31360
31559
31265
31597
31560
31210
31416
31387
31601
31444
31319
31514
31244
31484
31517
31290
31341
31197
31542
31596
31351
31398
31361
31401
31430
31412
31552
31618
31343
31486
31334
31600
31406
31302
31411
31509
31688
31319
31311
31364
31557
31612
31547
31299
31435
31574
31504
31551
31270
31396
31659
31539
31514
31341
31439
31675
31296
31533
31406
31602
31583
31289
31474
31395
31378
31623
31273
31459
31562
31438
31602
31236
31353
31657
31465
31604
31240
31318
31540
31506
31507
31369
31373
31420
31345
31641
31333
31365
31555
31359
31588
31339
31437
31498
31189
31515
31440
31323
31427
31208
31478
31569
31351
31391
31270
31489
31571
31510
31544
31266
31461
31635
31663
31438
31381
31397
31485
31639
31431
31551
31426
31628
31616
31468
31415
31570
31612
31620
31536
31582
31534
31440
31477
31463
31512
31704
31502
31545
31308
31446
31538
31579
31525
31442
31437
31441
31559
31596
31389
31528
31506
31502
31568
31291
31466
31447
31457
31496
31453
31539
31394
31288
31648
31554
31499
31531
31290
31483
31588
31477
31529
31386
31584
31662
31552
31540
31249
31564
31529
31557
31406
31310
31518
31553
31518
31321
31458
31342
31635
31413
31447
31445
31482
31652
31461
31356
31510
31450
31626
31385
31501
31365
31386
31564
31374
31491
31339
31522
31534
31246
31445
31461
31523
31624
31390
31469
31310
31637
31507
31362
31569
31381
31552
31632
31336
31400
31523
31455
31525
31471
31436
31577
31352
31431
31486
31572
31586
31498
31410
31488
31435
31744
31353
31386
31464
31614
31645
31376
31241
31521
31496
31654
31517
31407
31431
31572
31493
31611
31430
31437
31337
31598
31565
31467
31330
31442
31411
31659
31601
31284
31431
31477
31560
31571
31359
31286
31437
31442
31516
31392
31460
31338
31394
31485
31428
31316
31532
31262
31469
31425
31351
31427
31233
31362
31588
31284
31264
31276
31496
31550
31361
31505
31340
31439
31341
31502
31393
31303
31423
31379
31498
31334
31307
31357
31426
31559
31456
31442
31402
31337
31627
31508
31418
31368
31330
31574
31450
31353
31295
31423
31634
31432
31459
31309
31407
31446
31632
31414
31526
31329
31490
31437
31600
31557
31412
31572
31508
31443
31438
31501
31601
31492
31703
31482
31491
31653
31389
31561
31367
31560
31544
31337
31425
31347
31531
31388
31325
31383
31380
31475
31418
31351
31447
31435
31459
31447
31254
31339
31525
31527
31318
31322
31359
31580
31524
31344
31331
31366
31648
31521
31316
31289
31250
31473
31399
31390
31453
31351
31502
31533
31243
31400
31410
31541
31514
31351
31442
31553
31575
31358
31372
31455
31642
31678
31459
31394
31347
31557
31555
31514
31477
31262
31679
31553
31299
31382
31410
31550
31523
31548
31361
31261
31492
31526
31657
31394
31351
31420
31423
31651
31415
31400
31545
31550
31582
31478
31330
31525
31597
31580
31679
31148
31348
31601
31544
31587
31306
31385
31562
31320
31505
31224
31521
31591
31407
31526
31387
31432
31560
31277
31585
31417
31418
31561
31448
31479
31460
31354
31474
31486
31470
31712
31213
31393
31498
31596
31727
31300
31237
31433
31531
31556
31219
31440
31493
31461
31548
31340
31424
31412
31423
31537
31402
31316
31412
31537
31472
31492
31235
31407
31434
31431
31564
31501
31521
31301
31389
31467
31656
31526
31380
31554
31494
31481
31413
31224
31513
31379
31546
31453
31285
31502
31415
31444
31478
31431
31463
31468
31427
31357
31406
31396
31448
31359
31364
31465
31417
31412
31356
31356
31625
31490
31591
31412
31429
31460
31443
31520
31533
31337
31335
31730
31663
31388
31248
31353
31722
31505
31393
31257
31358
31593
31530
31340
31377
31364
31463
31617
31156
31346
31442
31512
31469
31346
31339
31518
31502
31358
31392
31472
31535
31501
31373
31475
31395
31500
31353
31413
31562
31452
31483
31339
31433
31598
31505
31295
31301
31519
31650
31400
31345
31231
31568
31719
31491
31428
31234
31423
31543
31724
31407
31288
31557
31550
31517
31328
31227
31628
31450
31574
31436
31282
31529
31456
31497
31435
31333
31600
31522
31554
31392
31319
31514
31391
31548
31297
31419
31568
31462
31608
31327
31460
31433
31423
31442
31539
31512
31461
31342
31437
31478
31395
31456
31311
31482
31539
31371
31368
31455
31347
31742
31426
31441
31317
31356
31628
31540
31486
31428
31367
31647
31412
31533
31406
31332
31516
31492
31563
31444
31388
31499
31394
31613
31476
31307
31456
31234
31550
31471
31454
31403
31392
31395
31475
31396
31527
31373
31415
31601
31468
31537
31339
31465
31659
31506
31425
31426
31437
31552
31692
31484
31403
31359
31532
31415
31504
31491
31449
31620
31322
31443
31421
31556
31469
31601
31483
31385
31474
31518
31589
31582
31411
31447
31523
31489
31552
31370
31616
31416
31405
31593
31327
31602
31486
31460
31667
31305
31551
31444
31295
31588
31437
31444
31540
31319
31630
31370
31494
31578
31323
31665
31511
31414
31473
31204
31501
31551
31284
31525
31441
31347
31471
31379
31572
31300
31312
31407
31527
31601
31426
31257
31404
31509
31539
31402
31459
31520
31457
31589
31498
31517
31543
31425
31572
31475
31606
31656
31394
31625
31594
31565
31547
31405
31444
31439
31636
31555
31433
31407
31452
31589
31570
31396
31576
31384
31481
31402
31368
31520
31403
31386
31467
31469
31537
31481
31541
31428
31264
31555
31554
31502
31433
31488
31454
31333
31385
31390
31422
31507
31461
31376
31447
31408
31461
31422
31424
31472
31369
31546
31413
31390
31448
31561
31456
31300
31439
31352
31645
31556
31393
31212
31405
31446
31561
31422
31341
31396
31380
31605
31348
31248
31520
31514
31520
31332
31270
31490
31525
31626
31394
31221
31624
31504
31713
31387
31191
31476
31376
31695
31422
31315
31427
31512
31450
31437
31341
31483
31416
31574
31546
31432
31251
31246
31378
31652
31573
31328
31305
31317
31638
31520
31264
31309
31368
31630
31444
31284
31314
31361
31618
31539
31326
31435
31314
31654
31493
31378
31627
31356
31379
31508
31465
31485
31486
31366
31434
31421
31520
31442
31521
31464
31408
31446
31426
31418
31624
31447
31429
31564
31520
31397
31451
31426
31511
31711
31314
31422
31305
31607
31634
31301
31456
31361
31661
31629
31318
31428
31420
31615
31657
31335
31388
31373
31617
31514
31401
31319
31347
31531
31575
31563
31250
31264
31485
31482
31607
31398
31314
31549
31472
31502
31554
31463
31515
31389
31408
31485
31418
31566
31369
31496
31510
31619
31478
31362
31458
31549
31574
31488
31191
31390
31368
31628
31489
31318
31421
31404
31573
31412
31391
31560
31357
31586
31441
31412
31480
31322
31529
31420
31518
31388
31368
31489
31495
31492
31500
31446
31411
31511
31388
31419
31497
31511
31380
31448
31261
31513
31591
31308
31330
31454
31490
31524
31459
31328
31604
31466
31552
31361
31376
31466
31471
31477
31337
31220
31458
31305
31532
31370
31299
31547
31381
31343
31394
31402
31522
31483
31439
31419
31342
31445
31603
31556
31417
31437
31408
31594
31639
31551
31485
31356
31793
31479
31479
31376
31515
31540
31595
31552
31429
31462
31418
31563
31571
31172
31527
31476
31480
31388
31248
31475
31441
31394
31414
31418
31535
31492
31421
31523
31326
31487
31470
31445
31461
31345
31319
31440
31405
31566
31372
31457
31390
31352
31461
31604
31401
31454
31484
31383
31364
31456
31423
31565
31308
31374
31330
31487
31586
31495
31365
31450
31552
31520
31442
31293
31418
31584
31477
31425
31243
31446
31458
31611
31378
31358
31332
31408
31530
31484
31439
31454
31322
31452
31549
31505
31658
31472
31354
31404
31494
31604
31348
31529
31493
31457
31641
31385
31467
31683
31523
31606
31444
31378
31514
31602
31628
31439
31568
31599
31444
31678
31344
31387
31537
31474
31636
31568
31334
31474
31402
31573
31476
31606
31541
31385
31627
31625
31541
31451
31463
31554
31452
31635
31514
31474
31501
31642
31624
31437
31385
31543
31612
31707
31504
31580
31370
31411
31498
31496
31612
31424
31390
31619
31407
31376
31360
31581
31605
31388
31330
31376
31341
31431
31386
31451
31399
31509
31516
31263
31349
31393
31532
31685
31297
31402
31556
31430
31535
31128
31355
31567
31536
31452
31311
31347
31481
31488
31435
31471
31535
31617
31515
31333
31433
31452
31682
31493
31317
31712
31333
31520
31462
31362
31561
31591
31462
31494
31376
31526
31427
31508
31431
31564
31620
31440
31463
31475
31413
31564
31536
31480
31418
31627
31477
31499
31460
31262
31625
31486
31632
31577
31279
31554
31406
31533
31523
31362
31640
31547
31546
31297
31442
31455
31498
31428
31341
31641
31287
31444
31462
31339
31542
31460
31372
31521
31400
31528
31511
31408
31518
31366
31581
31304
31433
31539
31424
31474
31417
31526
31584
31362
31446
31387
31555
31734
31345
31561
31262
31374
31665
31310
31432
31422
31494
31495
31226
31441
31497
31549
31554
31382
31456
31389
31599
31539
31418
31366
31494
31498
31555
31344
31414
31505
31600
31447
31399
31354
31544
31562
31517
31528
31435
31447
31539
31396
31465
31405
31395
31609
31482
31491
31507
31432
31582
31451
31562
31546
31350
31528
31644
31427
31474
31444
31460
31732
31374
31573
31475
31453
31700
31374
31432
31473
31463
31590
31335
31493
31451
31457
31525
31333
31487
31413
31536
31423
31402
31568
31423
31495
31406
31513
31696
31207
31440
31370
31595
31623
31337
31499
31372
31542
31479
31336
31537
31487
31557
31504
31433
31269
31545
31412
31431
31569
31375
31403
31470
31385
31510
31291
31376
31395
31588
31558
31386
31319
31286
31547
31711
31283
31239
31383
31584
31709
31326
31295
31495
31496
31664
31447
31231
31556
31424
31555
31464
31260
31651
31445
31603
31386
31280
31551
31591
31644
31457
31349
31525
31478
31656
31494
31317
31520
31359
31598
31306
31317
31347
31468
31463
31422
31279
31291
31285
31589
31508
31428
31281
31239
31546
31438
31465
31317
31205
31476
31334
31435
31388
31229
31480
31426
31390
31466
31303
31497
31648
31451
31560
31342
31442
31504
31497
31608
31469
31347
31635
31306
31600
31557
31529
31710
31323
31490
31443
31403
31595
31309
31474
31560
31417
31550
31305
31445
31597
31510
31548
31423
31291
31527
31443
31500
31574
31493
31507
31265
31463
31598
31566
31645
31395
31321
31572
31520
31468
31425
31544
31717
31436
31412
31370
31431
31430
31428
31540
31311
31347
31484
31314
31368
31429
31378
31413
31250
31453
31453
31443
31356
31399
31476
31486
31376
31471
31411
31625
31525
31345
31584
31466
31489
31591
31354
31612
31462
31599
31616
31332
31578
31591
31531
31609
31497
31656
31459
31457
31638
31465
31618
31474
31417
31461
31460
31557
31545
31468
31493
31601
31453
31427
31519
31558
31485
31524
31466
31408
31500
31407
31582
31469
31510
31507
31427
31626
31501
31555
31660
31384
31537
31474
31379
31669
31313
31552
31326
31341
31409
31438
31593
31511
31260
31403
31304
31624
31490
31538
31472
31281
31597
31658
31512
31404
31408
31521
31421
31562
31504
31458
31462
31582
31474
31603
31438
31449
31637
31491
31618
31631
31370
31495
31331
31677
31630
31445
31554
31374
31661
31592
31433
31532
31374
31451
31510
31373
31397
31439
31435
31386
31351
31352
31435
31495
31422
31475
31349
31592
31375
31302
31485
31451
31444
31405
31275
31490
31306
31480
31456
31478
31591
31488
31465
31414
31446
31731
31577
31586
31371
31464
31710
31539
31380
31418
31617
31703
31420
31353
31349
31495
31586
31443
31478
31255
31635
31451
31463
31466
31403
31689
31630
31400
31377
31337
31672
31673
31438
31435
31528
31752
31518
31411
31398
31550
31654
31707
31385
31483
31475
31628
31505
31576
31447
31437
31629
31405
31520
31411
31432
31678
31321
31650
31459
31424
31442
31304
31479
31557
31472
31422
31288
31377
31402
31470
31362
31381
31287
31335
31538
31386
31365
31203
31333
31610
31444
31419
31301
31311
31538
31363
31403
31268
31297
31408
31360
31350
31347
31341
31477
31461
31312
