32785
32823
32702
32878
32654
32730
32638
32637
32728
32850
32713
32885
32549
32757
32677
32841
32698
32649
32671
32730
32855
32842
32488
32715
32669
32967
32788
32520
32624
32646
32704
32881
32621
32719
32786
32814
32804
32685
32638
32718
32662
32746
32939
32466
32718
32651
32694
33064
32569
32629
32607
32773
33038
32462
32656
32644
32916
33012
32571
32515
32614
32881
33025
32558
32609
32766
32812
32904
32576
32636
32612
32703
32868
32719
32786
32643
32625
32860
32854
32872
32719
32474
32810
32725
32921
32661
32502
32688
32743
32935
32657
32600
32792
32643
32987
32699
32534
32796
32729
32812
32791
32592
32745
32633
32889
32553
32682
32864
32680
32838
32597
32787
32864
32674
32768
32617
32732
32903
32735
32649
32700
32872
32803
32633
32666
32832
32818
32768
32701
32689
32950
32858
32777
32725
32725
32938
32770
32657
32741
32726
32761
32832
32702
32760
32730
32855
32770
32946
32870
32601
32749
32666
32771
32917
32598
32737
32692
32748
32726
32592
32727
32836
32849
32809
32618
32708
32758
32669
32791
32621
32798
32853
32782
32658
32694
32526
32793
32792
32698
32838
32559
32709
32701
32694
32921
32630
32641
32730
32756
32913
32573
32670
32714
32820
32791
32629
32633
32455
32790
32666
32761
32711
32626
32748
32711
32679
32799
32793
32876
32655
32673
32760
32802
32815
32667
32800
32675
32877
32799
32518
32672
32744
32793
32776
32725
32756
32783
32721
32773
32652
32594
32794
32782
32697
32797
32757
32765
32627
32701
32816
32718
32935
32701
32637
32804
32814
32794
32747
32600
32831
32815
32809
32746
32667
32777
32875
32842
32608
32612
32786
32684
32901
32646
32745
32804
32752
32821
32789
32631
32760
32832
32793
32844
32593
32682
32681
32694
32932
32751
32629
32777
32720
32926
32723
32807
32706
32709
32925
32747
32857
32638
32778
32854
32619
32810
32657
32783
32802
32615
32952
32697
32842
32812
32581
33016
32868
32740
32676
32712
32999
32871
32721
32749
32706
32917
32981
32751
32610
32876
32864
32948
32670
32659
32852
32771
32990
32602
32543
32789
32595
32935
32760
32628
32895
32692
32909
32700
32687
32837
32695
32842
32880
32622
32764
32569
32841
32703
32632
32784
32602
32781
32804
32705
32682
32632
32871
32681
32701
32772
32647
32865
32679
32818
32764
32735
32845
32584
32708
32750
32603
32911
32635
32748
32810
32671
32927
32594
32763
32802
32604
32919
32794
32707
32754
32547
32946
32719
32769
32693
32604
32812
32685
32671
32638
32725
32867
32716
32736
32727
32893
32731
32707
32810
32734
32764
32679
32607
32719
32846
32851
32619
32636
32727
32907
32808
32704
32692
32733
32828
32861
32598
32660
32844
32813
32893
32771
32569
32628
32751
32889
32716
32726
32676
32695
32723
32751
32671
32689
32740
32890
32647
32714
32776
32813
32669
32784
32634
32854
32725
32849
32560
32765
32833
32792
32742
32685
32805
32944
32582
32847
32725
32838
32760
32575
32727
32785
32834
32767
32567
32742
32834
32824
32798
32527
32738
32919
32621
32775
32740
32783
32678
32677
32629
32816
32706
32810
32647
32790
32768
32870
32701
32582
32939
32887
32720
32837
32689
32776
32711
32768
32797
32670
32828
32748
32782
32852
32712
32737
32882
32841
32889
32654
32702
32701
32750
32829
32829
32503
32726
32874
32846
32743
32666
32711
32739
32671
32879
32518
32745
32743
32794
32782
32593
32833
32775
32751
32676
32674
32899
32777
32732
32666
32594
32958
32597
32703
32571
32799
32922
32754
32772
32674
32827
32933
32531
32740
32792
32812
32873
32611
32794
32616
32683
32755
32527
32728
32744
32796
32679
32720
32883
32710
32844
32871
32701
32640
32775
32773
32769
32723
32819
32801
32705
32714
32663
32750
32976
32667
32602
32760
32767
32939
32575
32727
32815
32556
32949
32659
32698
32848
32571
32807
32664
32629
32908
32624
32712
32747
32727
32879
32679
32785
32618
32703
33010
32756
32632
32485
32774
32965
32958
32677
32444
32658
32951
33092
32735
32394
32752
32949
32886
32801
32630
32566
32926
32934
32838
32486
32554
32884
32883
32794
32583
32624
32912
32792
33045
32604
32505
32815
32807
32994
32740
32570
32754
32743
33028
32737
32536
32668
32842
32914
32876
32634
32642
32771
32897
32889
32458
32754
32782
32820
32993
32417
32787
32718
32789
32953
32519
32774
32719
32782
32941
32587
32788
32734
32927
32882
32545
32813
32764
32845
32836
32551
32765
32750
32849
32891
32605
32901
32680
32884
32789
32673
32882
32671
32947
32708
32544
32861
32637
32796
32674
32562
32906
32682
32847
32744
32649
32847
32778
32745
32660
32649
32794
32657
32815
32715
32784
32929
32779
32737
32789
32695
32866
32710
32894
32748
32723
32716
32643
32808
32745
32642
32605
32693
32826
32962
32730
32572
32708
32779
32957
32837
32545
32557
32849
32912
32791
32422
32577
32687
33094
32773
32520
32679
32691
32922
32853
32573
32759
32659
32751
32825
32551
32757
32685
32746
32856
32650
32802
32794
32780
32820
32785
32687
32856
32793
32762
32793
32799
32745
32885
32703
32924
32496
32794
32923
32718
32824
32686
32878
32836
32549
32854
32727
32815
32743
32710
32745
32691
32876
32768
32703
32760
32829
32832
32847
32624
32597
32677
32877
32866
32788
32578
32766
32781
32847
32855
32658
32655
32839
32910
32793
32504
32793
32707
32939
32752
32502
32883
32719
32784
32716
32546
32833
32816
32753
32707
32642
32891
32772
32909
32780
32599
32737
32664
32868
32860
32702
32688
32740
32947
32827
32716
32666
32645
32954
32853
32828
32680
32711
32827
32978
32599
32682
32817
32762
32928
32808
32665
32775
32676
32836
32641
32806
32858
32794
32805
32799
32738
32790
32787
32718
32487
32791
32749
32707
32572
32795
32710
32598
32696
32508
32800
32734
32617
32767
32639
32886
32757
32624
32705
32776
32914
32735
32576
32611
32772
32993
32739
32574
32555
32571
32971
32746
32667
32705
32708
32790
32818
32729
32749
32798
32609
32790
32806
32840
32683
32747
32813
32649
32792
32734
32647
32873
32733
32965
32804
32628
32860
32615
32825
32985
32636
32679
32688
32839
32814
32585
32867
32742
32813
32845
32535
32772
32710
32869
32792
32717
32651
32678
32804
32685
32659
32761
32752
32931
32809
32705
32657
32624
32784
32995
32652
32539
32733
32768
32870
32828
32531
32585
32735
32865
32721
32571
32713
32833
32742
32776
32561
32690
32781
32826
32710
32743
32653
32884
32558
32796
32728
32715
32846
32680
32793
32792
32735
32934
32685
32693
32773
32869
32843
32656
32744
32809
32787
32765
32754
32878
32889
32842
32777
32596
32586
32864
32819
32687
32653
32730
32769
32731
32722
32682
32794
32768
32743
32762
32743
32782
32785
32751
32791
32595
32719
32662
32540
32803
32743
32830
32818
32607
32850
32645
32895
32721
32442
32843
32653
32986
32796
32504
32643
32652
32884
32826
32509
32532
32687
32689
32897
32542
32716
32671
32705
32777
32545
32705
32775
32667
32837
32774
32652
32766
32587
32711
32867
32828
32800
32595
32781
32754
32767
32801
32772
32803
32651
32864
32829
32575
32756
32700
32883
32753
32653
32785
32696
32860
32832
32617
32797
32775
32940
32849
32533
32659
32664
32852
32904
32706
32620
32678
32939
33006
32658
32621
32581
33044
32924
32706
32535
32526
32932
33095
32649
32460
32610
32988
32952
32740
32559
32622
33015
32832
32635
32479
32691
32923
32919
32632
32568
32848
33007
32779
32701
32638
32771
32947
32799
32614
32796
32603
32993
32717
32513
32802
32640
32943
32816
32718
32820
32683
32914
32889
32640
32650
32783
32937
32814
32731
32699
32802
32782
32973
32622
32526
32835
32885
32983
32831
32644
32793
32776
32912
32778
32589
32859
32909
32919
32856
32665
32706
32551
32906
32840
32635
32891
32664
32777
32889
32611
32806
32590
32797
32913
32720
32728
32657
32744
32808
32836
32560
32836
32637
32720
32798
32558
32798
32742
32792
32754
32468
32874
32727
32828
32680
32673
32791
32671
32833
32702
32610
32814
32831
32641
32662
32648
32833
32785
32662
32718
32871
32744
32728
32702
32739
32808
32797
32635
32377
32886
32841
32658
32689
32577
32795
32884
32697
32763
32736
32723
32858
32706
32726
32751
32793
32745
32750
32707
32700
32703
32772
32740
32801
32772
32761
32769
32894
32608
32750
32691
32673
32905
32647
32707
32752
32632
32829
32630
32766
32639
32834
32785
32619
32909
32762
32823
32626
32677
32744
32816
32891
32706
32530
32816
32731
32936
32688
32683
32785
32874
32942
32769
32675
32851
32754
32808
32736
32769
32823
32675
32779
32714
32771
32818
32799
32853
32796
32871
32787
32921
32741
32668
32657
32809
32849
32726
32711
32697
32718
32877
32817
32851
32783
32812
32887
32879
32943
32643
32712
32690
32829
32874
32643
32694
32619
32866
32939
32761
32736
32649
32872
32905
32818
32799
32471
32806
32869
32909
32606
32603
32696
32931
32866
32764
32676
32726
32767
32977
32613
32710
32896
32733
32705
32671
32864
32636
32622
32725
32730
32913
32768
32657
32697
32749
32988
32684
32622
32654
32825
32824
32763
32653
32532
32918
32901
32678
32711
32547
32856
32734
32797
32759
32583
32900
32716
32703
32792
32517
32776
32626
32720
32897
32656
32846
32555
32717
32913
32742
32789
32474
32672
32829
32591
32875
32625
32641
32844
32643
32789
32596
32743
32784
32602
32891
32869
32655
32754
32483
32903
32898
32768
32734
32648
32769
32869
32847
32815
32618
32671
32844
32937
32887
32744
32706
32691
32797
32760
32801
32745
32647
32873
32864
32940
32738
32711
32742
32787
32783
32703
32832
32767
32743
32726
32613
32730
32666
32772
32697
32701
32850
32850
32828
32721
32742
32791
32735
32849
32767
32832
32593
32781
32763
32843
32824
32503
32701
32818
32923
32858
32640
32769
32918
32813
32834
32567
32816
32823
32941
32609
32533
32787
32842
32800
32727
32791
32742
32622
32750
32680
32803
32674
32908
32821
32632
32744
32601
32692
32857
32621
32800
32654
32778
32821
32619
32799
32736
32606
32840
32711
32798
32750
32738
32902
32774
32611
32776
32714
32841
32743
32773
32728
32778
32869
32790
32603
32713
32766
32903
32767
32718
32666
32834
32776
32749
32567
32680
32692
32858
32612
32633
32634
32735
32698
32715
32652
32699
32713
32813
32682
32727
32636
32766
32837
32666
32818
32641
32803
32792
32611
32941
32786
32810
32919
32582
32861
32762
32823
32905
32586
32706
32707
32802
32921
32630
32697
32750
32802
32747
32759
32653
32781
32749
32850
32817
32624
32669
32728
32634
32884
32625
32759
32759
32724
32846
32646
32741
32785
32743
32844
32722
32796
32635
32666
32919
32653
32915
32636
32687
32735
32556
32945
32735
32619
32826
32734
32799
32578
32673
32634
32684
32749
32719
32492
32638
32713
32777
32745
32567
32640
32690
32730
32802
32687
32604
32833
32854
32749
32779
32625
32840
32926
32553
32848
32799
32682
32808
32625
32935
32610
32633
32749
32475
32972
32787
32720
32704
32681
33078
32701
32698
32644
32593
32897
32775
32701
32685
32763
32749
32679
32715
32859
32717
32562
32754
32747
32854
32772
32635
32578
32671
32930
32726
32566
32603
32833
32827
32887
32534
32589
32742
32900
32815
32602
32405
32827
32700
32941
32622
32692
32774
32820
32906
32732
32737
32725
32755
33011
32736
32683
32859
32537
32862
32602
32582
32760
32581
32854
32849
32690
32934
32573
32802
32697
32759
32842
32661
32824
32761
32663
32739
32742
32841
32731
32851
32592
32899
32852
32656
32773
32596
32837
32986
32746
32774
32529
32686
32854
32760
32784
32706
32790
32913
32890
32685
32755
32683
32867
32911
32732
32834
32613
32767
32907
32778
32661
32678
32826
32863
32738
32832
32620
32715
32934
32804
32817
32602
32792
32796
32686
33010
32648
32817
32777
32723
32973
32647
32849
32706
32651
32922
32780
32974
32583
32554
32900
32856
32820
32609
32536
32841
32829
32840
32676
32605
32653
32806
32737
32820
32645
32846
32706
32780
32876
32759
32694
32688
32703
32922
32767
32729
32815
32708
32766
32857
32766
32711
32696
32491
32728
32879
32806
32796
32681
32727
32758
32829
32935
32731
32669
32700
32842
32868
32714
32508
32853
32755
32852
32792
32558
32745
32814
32973
32756
32575
32764
32846
32644
32679
32669
32644
32894
32879
32598
32601
32786
32822
32671
32709
32689
32783
32718
32893
32487
32721
32836
32718
32785
32678
32738
32825
32693
32771
32780
32782
32757
32650
32478
32706
32920
32749
32815
32698
32870
32869
32747
32940
32477
32781
32937
32671
32943
32505
32790
32780
32842
32799
32531
32681
32655
32973
32783
32587
32836
32570
32875
32769
32558
32766
32665
32926
32666
32618
32800
32678
32838
32684
32549
32783
32766
32954
32756
32575
32753
32917
32770
32760
32527
32665
32900
32901
32716
32551
32533
32753
32891
32779
32564
32732
32726
32860
32828
32608
32611
32719
32860
32843
32670
32695
32758
32873
32887
32560
32679
32601
32794
32902
32650
32909
32580
32750
32977
32591
32846
32643
32728
32836
32606
32800
32515
32858
32895
32628
32679
32514
32841
32911
32569
32589
32671
32714
32989
32440
32565
32679
32820
32948
32453
32539
32616
32759
33058
32626
32539
32719
32798
32991
32668
32564
32704
32676
32902
32779
32592
32891
32566
32768
32692
32598
32966
32698
32730
32777
32744
32917
32698
32691
32602
32675
32804
32836
32747
32508
32757
32658
32925
32777
32537
32644
32831
32918
32754
32495
32580
32836
32889
32859
32527
32587
32866
32833
32846
32673
32600
33031
32781
32776
32630
32607
32872
32808
32623
32692
32770
32800
32846
32716
32704
32895
32787
32937
32672
32548
32923
32844
32821
32600
32535
32847
32711
32915
32687
32550
32937
32889
32967
32745
32672
32846
32758
32834
32669
32799
32740
32780
32813
32656
32848
32856
32776
32764
32851
33021
32698
32730
32775
32695
32882
32758
32802
32856
32743
32864
32640
32720
32920
32756
32769
32703
32784
32851
32764
32763
32705
32743
32789
32871
32814
32745
32812
32778
32909
32668
32711
32800
32707
32869
32780
32761
32808
32484
32982
32852
32785
32752
32492
32854
32910
32812
32802
32458
32814
32902
32912
32853
32469
32766
32940
32792
32921
32513
32663
32787
32796
32931
32721
32548
32735
32687
32864
32754
32679
32655
32754
32942
32845
32630
32675
32760
32769
32905
32709
32559
32862
32712
32900
32797
32683
32855
32541
32765
32692
32584
32935
32685
32904
32756
32705
33025
32627
32818
32632
32682
32954
32688
32728
32760
32737
32707
32685
32638
32870
32803
32674
32761
32724
32885
32786
32758
32715
32707
33042
32743
32639
32904
32473
32827
32800
32546
32860
32663
32844
32705
32544
32861
32644
32726
32778
32745
32821
32751
32690
32781
32638
32736
32833
32674
32680
32837
32729
32700
32562
32641
32850
32773
32736
32580
32738
32884
32800
32536
32541
32678
32882
32785
32706
32631
32783
32920
32720
32621
32612
32785
32755
32754
32671
32721
32774
32809
32687
32738
32623
32842
32680
32722
32903
32665
32712
32770
32626
32767
32537
32656
32775
32754
32901
32640
32593
32768
32719
32953
32774
32486
32589
32725
32890
32839
32514
32640
32774
32950
32817
32608
32674
32693
32926
32930
32783
32731
32749
32846
32922
32804
32706
32756
32939
32794
32754
32669
32756
32916
32776
32822
32703
32903
32809
32771
32854
32620
32871
32829
32729
32846
32555
32880
32916
32699
32921
32468
32795
32792
32823
32893
32442
32867
32767
32759
33003
32593
32734
32882
32707
32835
32534
32946
32790
32554
32886
32656
32782
32801
32722
32652
32721
32858
32803
32696
32703
32775
32684
32726
32674
32667
32715
32639
32767
32703
32727
32804
32674
32572
32736
32568
32748
32710
32577
32645
32707
32777
32722
32641
32658
32633
32633
32734
32530
32845
32657
32609
32723
32492
32872
32721
32768
32548
32577
32812
32653
32730
32616
32659
32776
32759
32774
32685
32766
32625
32763
32695
32756
32824
32624
32743
32736
32837
32800
32725
32770
32675
32836
32803
32809
32747
32666
32869
32792
32784
32822
32598
32834
32949
32756
32680
32517
32900
32872
32753
32834
32671
32774
32845
32721
32606
32774
32824
32725
32680
32600
32778
32720
32693
32614
32666
32653
32773
32783
32616
32638
32649
32696
32672
32598
32720
32660
32766
32769
32570
32741
32492
32779
32764
32627
32819
32680
32782
32709
32634
32693
32784
32796
32744
32638
32649
32855
32726
32793
32657
32778
32810
32666
32896
32677
32668
32759
32607
32768
32629
32704
32708
32674
32904
32781
32615
32609
32674
32774
32757
32796
32643
32766
32729
32926
32794
32549
32774
32739
32811
32917
32638
32733
32745
32782
32949
32608
32849
32660
32720
32929
32671
32855
32675
32752
32816
32659
32804
32578
32751
32806
32648
32839
32751
32622
32696
32622
32652
32716
32781
32645
32594
32668
32745
32822
32611
32604
32576
32832
32858
32678
32636
32600
32965
32984
32667
32474
32712
32849
32895
32610
32663
32597
32915
33015
32850
32668
32612
32789
32874
32777
32731
32747
32762
32809
32887
32589
32713
32717
32805
32844
32697
32793
32655
32775
32765
32648
32826
32724
32719
32899
32783
32653
32724
32856
32832
32616
32613
32778
32843
32786
32791
32647
32561
32901
32831
32744
32734
32636
32732
32717
32732
32745
32553
32719
32853
32719
32719
32585
32737
32832
32688
32716
32575
32626
32842
32738
32622
32753
32759
32880
32724
32684
32801
32602
32761
32698
32659
32918
32582
32841
32652
32839
32805
32686
32732
32730
32765
32894
32668
32864
32657
32730
32804
32734
32719
32822
32624
32926
32746
32837
32798
32675
32912
32859
32727
32937
32690
32839
32807
32733
32958
32544
32731
32779
32653
32941
32811
32613
32786
32686
32814
32814
32614
32709
32722
32681
32957
32586
32721
32629
32724
32994
32608
32683
32719
32579
33004
32584
32737
32771
32565
33026
32681
32673
32802
32614
32908
32682
32744
32772
32752
32734
32643
32624
32633
32867
32759
32798
32649
32746
32941
32702
32662
32595
32524
32915
32699
32874
32706
32748
32764
32669
32680
32768
32685
32580
32774
32704
32858
32783
32593
32606
32645
32731
32785
32607
32733
32808
32629
32885
32676
32816
32653
32584
32732
32793
32771
32720
32584
32725
32913
32849
32664
32619
32724
32897
32742
32825
32729
32798
32836
32784
32598
32573
32667
32884
32729
32801
32756
32861
32716
32747
32720
32838
32643
32759
32816
32742
32812
32799
32676
32793
32522
32792
32580
32588
32857
32638
32787
32783
32575
32861
32729
32945
32761
32497
32830
32740
32951
32840
32654
32555
32812
32764
32833
32696
32615
32879
32978
32776
32780
32628
32734
32919
32915
32630
32678
32867
32938
32707
32716
32695
32928
32882
32701
32700
32598
32880
33031
32601
32683
32696
32773
32836
32780
32745
32646
32880
32875
32842
32779
32783
32803
32790
32778
32795
32765
32815
32843
32909
32538
32761
32725
32671
32723
32565
32797
32916
32549
32780
32668
32666
32819
32767
32694
32734
32802
32871
32664
32540
32838
32880
32637
32737
32569
32746
32811
32797
32787
32641
32873
32875
32685
32749
32687
32838
32726
32641
32801
32673
32757
32813
32616
32677
32875
32644
32744
32767
32794
32825
32607
32636
32777
32635
32976
32513
32610
32633
32715
32952
32635
32757
32652
32739
33038
32682
32613
32670
32685
32902
32604
32752
32577
32679
32785
32712
32580
32691
32716
32704
32694
32682
32812
32725
32774
32693
32617
32740
32645
32650
32846
32630
32672
32666
32755
32857
32708
32804
32637
32858
32941
32736
32809
32448
32879
32985
32634
32823
32625
32700
32940
32535
32890
32641
32726
32974
32703
32828
32701
32678
32868
32655
32757
32793
32683
32893
32758
32746
32817
32611
32860
32758
32670
32841
32668
32873
32715
32816
32788
32708
32846
32733
32709
32911
32760
32922
32712
32877
32630
32743
32954
32786
32930
32753
32717
32966
32508
32932
32681
32688
32936
32617
32875
32769
32711
33008
32560
32802
32653
32714
32827
32508
32788
32783
32773
32929
32581
32726
32788
32767
32746
32558
32751
32902
32809
32696
32781
32742
32987
32616
32562
32651
32792
32873
32733
32727
32834
32585
32843
32617
32727
32815
32795
32784
32669
32852
32899
32645
32772
32596
32841
32812
32728
32801
32631
32872
32984
32578
32794
32548
32764
33084
32629
32755
32629
32799
32935
32675
32777
32785
32788
32857
32782
32611
32681
32897
32702
32866
32488
32760
32866
32725
32864
32666
32757
32853
32707
32844
32644
32806
32703
32646
32810
32885
32737
32722
32721
32824
32882
32787
32798
32783
32646
32899
32829
32765
32721
32762
32779
32791
32711
32718
32831
32533
32691
32850
32671
32838
32592
32594
32715
32822
32956
32602
32632
32661
32654
32835
32729
32610
32686
32690
32786
32818
32602
32748
32728
32848
32775
32697
32749
32685
32690
32787
32753
32648
32806
32636
32771
32734
32722
32799
32751
32854
32833
32808
32816
32761
32903
32887
32604
32782
32740
32883
32839
32702
32753
32835
32831
32807
32724
32805
32830
32830
32887
32760
32783
32678
32606
32831
32751
32873
32752
32593
32828
32856
32764
32774
32525
32870
32711
32808
32762
32575
32796
32863
32717
32777
32644
32984
32781
32583
32885
32839
32844
32740
32672
32639
32852
32925
32741
32759
32745
32837
32942
32529
32858
32830
32743
32946
32598
32758
32886
32625
32918
32470
32660
32969
32691
32876
32564
32736
32924
32761
32948
32600
32561
32796
32819
32845
32595
32693
32722
32930
32798
32660
32693
32762
32995
32833
32696
32831
32721
32788
32851
32756
32762
32605
32820
32856
32622
32792
32813
32705
32814
32737
32705
32763
32854
32931
32610
32665
32784
32806
32840
32497
32660
32847
32764
32964
32598
32600
32830
32909
32758
32561
32551
32877
32928
32819
32619
32641
32878
32859
32789
32641
32577
32923
32927
32806
32796
32556
32776
33020
32579
32754
32671
32649
32885
32828
32804
32678
32821
32862
32755
32789
32683
32795
32830
32612
32882
32807
32714
32889
32661
32665
32741
32595
32828
32786
32697
32751
32611
32760
32779
32766
32824
32558
32849
32939
32662
32860
32552
32716
32962
32810
32734
32685
32700
32785
32719
32837
32821
32640
32823
32785
32853
32864
32703
32701
32768
32773
32926
32747
32727
32837
32800
32894
32778
32860
32732
32670
32759
32854
32891
32794
32640
32708
32899
32903
32773
32672
32703
32997
32902
32785
32619
32841
32833
32889
32636
32637
32894
32823
32805
32676
32660
32763
32770
32815
32743
32833
32775
32754
32629
32577
32836
32830
32685
32776
32788
32721
32775
32741
32832
32779
32696
32769
32765
32751
32742
32726
32809
32708
32784
32699
32739
32815
32785
32860
32908
32682
32890
32616
32794
32745
32690
32897
32815
32641
32710
32556
32992
32893
32739
32745
32752
32844
32856
32841
32738
32623
32712
32830
32802
32765
32716
32745
32750
32891
32815
32530
32618
32784
32898
32851
32675
32783
32722
32741
33002
32592
32786
32738
32803
32772
32624
32931
32699
32656
32761
32811
32839
32683
32715
32724
32848
32903
32637
32665
32830
32933
32881
32588
32775
32862
32987
32807
32638
32520
32935
32983
32897
32515
32638
32917
33002
32855
32685
32568
32920
32860
32960
32657
32615
32921
32836
32707
32567
32604
32832
32666
32954
32631
32618
32717
32697
32864
32742
32704
32820
32729
32844
32803
32656
32721
32688
32742
32842
32709
32650
32697
32754
32958
32657
32592
32589
32753
32965
32771
32830
32651
32743
32859
32805
32741
32663
32764
32818
32725
32885
32700
32830
32690
32769
32922
32644
32853
32682
32605
32921
32809
32748
32725
32618
32876
32777
32919
32826
32593
32814
32694
32871
32815
32722
32747
32749
32843
32893
32658
32626
32737
32776
32800
32855
32661
32796
32614
32915
32760
32623
32751
32775
32698
32830
32745
32731
32705
32705
32889
32703
32729
32681
32595
32714
32740
32886
32620
32461
32892
32846
32841
32720
32654
32732
32888
32883
32738
32480
32753
32844
32852
32701
32575
32833
32729
32739
32738
32635
32788
32745
32903
32724
32573
32695
32704
32764
32846
32652
32589
32730
32757
32767
32740
32734
32637
32765
32785
32770
32631
32658
32950
32807
32769
32684
32726
32783
32731
32612
32769
32910
32857
32658
32665
32871
32879
32729
32698
32707
32836
33010
32874
32593
32611
32655
32919
32714
32582
32786
32776
32727
32769
32695
32705
32679
32713
32499
32795
32851
32815
32479
32664
32793
32849
32751
32586
32699
32870
32788
32833
32634
32640
32852
32836
32838
32538
32814
32843
32599
32813
32689
32707
32740
32620
32728
32822
32634
32734
32578
32650
32709
32671
32692
32581
32863
32787
32659
32876
32591
32742
32677
32742
32691
32633
32763
32682
32877
32652
32563
32792
32681
32989
32711
32600
32778
32841
32926
32777
32627
32624
32866
32895
32690
32604
32765
32855
32925
32674
32725
32684
32749
32906
32783
32807
32687
32721
32854
32708
32856
32756
32657
32886
32730
32757
32779
32602
32871
32915
32723
32962
32568
32759
32764
32726
32869
32727
32695
32839
32835
32885
32656
32737
32804
32936
32845
32667
32589
32688
32808
32823
32568
32705
32673
32946
32825
32621
32719
32810
32937
32820
32657
32626
32898
32880
32772
32591
32541
32785
32859
32581
32697
32694
32881
32734
32692
32833
32678
32825
32675
32469
32904
32762
32777
32654
32614
32905
32879
32590
32559
32519
32804
32964
32637
32659
32557
32876
32888
32589
32662
32533
32746
32834
32601
32743
32585
32872
32676
32673
32737
32572
32736
32638
32572
32923
32589
32900
32638
32635
32961
32607
32780
32650
32669
32797
32534
32931
32709
32736
32855
32695
32809
32815
32904
32798
32565
32796
32756
32727
32735
32712
32584
32730
32968
32732
32685
32692
32776
32800
32713
32840
32549
32735
32769
32820
32729
32696
32727
32822
32699
32852
32674
32503
32816
32744
32821
32745
32667
32743
32717
32893
32836
32692
32787
32948
32991
32779
32638
32709
32778
32968
32683
32717
32675
32888
32820
32656
32737
32566
32846
32776
32613
32758
32600
32876
32635
32631
32672
32665
32757
32761
32637
32752
32763
32863
32651
32631
32626
32886
32866
32623
32673
32651
32719
32838
32656
32700
32760
32733
32944
32753
32725
32766
32633
32784
32740
32666
32913
32710
32898
32641
32675
32955
32832
32830
32661
32893
32939
32740
32731
32634
32796
32695
32812
32673
32519
32929
32679
32661
32808
32613
32999
32724
32636
32673
32689
33000
32686
32515
32733
32649
32964
32602
32558
32748
32619
33060
32631
32579
32917
32756
32805
32662
32557
32961
32833
32750
32669
32683
32921
32805
32822
32503
32731
32934
32850
32777
32617
32762
32866
32715
32724
32689
32758
32858
32783
32738
32620
32758
32885
32682
32762
32687
32793
32802
32617
32787
32805
32779
32701
32685
32663
32898
32861
32850
32534
32763
32901
32929
32689
32658
32711
32844
32763
32729
32751
32651
32755
33002
32591
32709
32746
32648
32745
32901
32685
32657
32625
32743
32824
32648
32553
32680
32617
32963
32686
32675
32729
32836
32798
32671
32584
32646
32839
32902
32746
32605
32800
32656
32817
32835
32632
32741
32718
32784
32823
32525
32710
32703
32837
32833
32634
32647
32629
32890
32875
32665
32727
32732
32704
32784
32498
32705
32714
32749
32746
32682
32811
32860
32675
32786
32749
32742
32849
32668
32817
32599
32873
32861
32639
32775
32669
32740
32705
32623
32923
32675
32627
32722
32474
32892
32727
32727
32751
32549
32903
32687
32503
32783
32666
32789
32898
32610
32686
32548
32728
32792
32851
32680
32666
32624
32731
32827
32862
32634
32608
32547
32817
32806
32749
32652
32637
32942
32899
32759
32608
32618
32827
32802
32760
32788
32592
32832
32749
32794
32734
32630
32833
32733
32792
32835
32672
32855
32691
32758
32790
32562
32927
32840
32760
32797
32638
32707
32795
32719
32792
32772
32792
32802
32717
32660
32694
32771
32760
32714
32656
32756
32792
32679
32875
32680
32643
32704
32704
32863
32723
32703
32757
32768
32917
32760
32649
32653
32808
32946
32739
32731
32723
32786
32716
32786
32890
32746
32813
32729
32883
32910
32777
32866
32894
32797
32908
32802
32687
32717
32694
32927
32784
32765
32748
32794
33012
32759
32718
32737
32791
33056
32678
32686
32667
32759
33005
32793
32605
32744
32782
32875
32778
32709
32591
32859
32977
32790
32565
32736
32862
32861
32822
32590
32714
32796
32666
32809
32588
32903
32919
32703
32726
32699
32938
32718
32639
32653
32637
33048
32735
32560
32604
32567
33128
32584
32505
32540
32589
33067
32721
32518
32554
32586
33066
32734
32604
32671
32648
32915
32765
32462
32610
32677
32900
32839
32517
32814
32643
32697
32880
32521
32774
32792
32690
32946
32599
32773
32804
32618
33028
32630
32662
32914
32468
32912
32691
32700
33020
32626
32882
32774
32702
32997
32590
32679
32899
32720
32824
32696
32722
32824
32726
32780
32688
32699
32891
32781
32695
32821
32481
32807
32714
32651
32773
32642
32831
32754
32520
32759
32743
32688
32799
32621
32744
32802
32810
32915
32600
32648
32841
32922
32740
32584
32602
32803
32847
32910
32537
32605
32872
32903
32734
32592
32778
32795
32820
32821
32677
32733
32603
32865
32634
32845
32791
32589
32748
32758
32870
32840
32610
32749
32887
32776
32803
32631
32689
32878
32896
32779
32682
32678
32959
32698
32686
32754
32687
32874
32760
32668
32734
32665
32925
32753
32673
32760
32793
32841
32756
32760
32848
32566
32904
32779
32656
32761
32657
32816
32838
32566
32899
32637
32797
32717
32683
32767
32567
32780
32715
32630
32834
32659
32637
32678
32711
32889
32660
32751
32695
32828
32895
32702
32567
32880
32835
32820
32521
32590
32714
32690
32855
32709
32689
32952
32838
32670
32729
32838
32945
32669
32635
32850
32816
32826
32812
32592
32805
32834
32855
32659
32579
32877
32831
32793
32894
32677
32863
32656
32847
32742
32516
32869
32799
32775
32848
32579
32853
32760
32865
32807
32645
32808
32719
32899
32791
32649
32744
32667
32939
32629
32708
32718
32649
32774
32733
32819
32840
32733
32778
32694
32748
32739
32849
32836
32675
32781
32885
32760
32687
32697
32658
32837
32810
32778
32699
32731
32940
32899
32616
32786
32815
32749
32717
32748
32804
32855
32834
32766
32681
32691
32826
32751
32855
32887
32727
32804
32836
32854
32962
32732
32625
32771
32712
32803
32674
32653
32834
32680
32865
32835
32619
32772
32695
32704
32752
32657
32761
32679
32753
32835
32690
32671
32705
32770
32858
32648
32741
32775
32919
32891
32607
32588
32685
32852
32778
32492
32771
32698
32873
32800
32558
32829
32707
32842
32721
32623
32950
32596
32756
32604
32815
32973
32687
32566
32508
32771
32927
32707
32715
32645
32755
32698
32582
32783
32709
32802
32812
32659
32800
32779
32778
32756
32735
32790
32834
32842
32585
32653
32680
32904
32877
32638
32681
32741
32939
32877
32857
32781
32641
32902
32760
32805
32805
32559
32714
32654
32891
32702
32704
32814
32748
32874
32679
32680
32807
32796
32705
32605
32675
32782
32895
32690
32594
32639
32726
32846
32689
32690
32723
32661
32827
32429
32745
32724
32662
32842
32565
32698
32663
32578
32874
32593
32643
32727
32485
32956
32645
32634
32616
32576
32872
32743
32658
32700
32662
32897
32799
32695
32649
32714
32820
32763
32687
32561
32772
32661
32827
32658
32544
32703
32544
32882
32746
32569
32764
32601
32841
32760
32630
32700
32805
32921
32880
32668
32567
32844
32778
32803
32651
32609
32892
32591
32801
32786
32647
32890
32621
32636
32764
32840
32881
32583
32638
32782
32867
32743
32693
32624
32663
32885
32754
32801
32686
32721
32857
32744
32595
32722
32689
32822
32786
32792
32759
32770
32735
32825
32682
32845
32850
32695
32901
32650
32663
33011
32635
32814
32786
32644
32969
32680
32788
32780
32562
32970
32846
32802
32709
32693
32844
32848
32692
32703
32645
32741
33003
32741
32639
32682
32643
32948
32813
32612
32754
32608
32825
32789
32519
32823
32683
32867
32829
32429
32812
32657
32812
32920
32685
32657
32672
32777
32904
32675
32684
32859
32771
32802
32732
32678
32790
32687
32810
32613
32627
32973
32726
32612
32667
32661
32838
32811
32673
32676
32754
32943
32875
32576
32615
32562
32765
32886
32703
32605
32505
32760
32854
32846
32610
32594
32693
32829
32979
32720
32602
32735
32811
32987
32733
32536
32865
32725
32844
32627
32490
32787
32649
32846
32805
32644
32982
32751
32612
32795
32713
32944
32799
32670
32762
32722
32843
32849
32763
32541
32769
32897
32657
32781
32602
32719
32810
32863
32876
32544
32662
32762
32711
33011
32679
32619
32687
32833
32966
32760
32645
32787
32851
32876
32714
32656
32907
32729
32657
32744
32649
32887
32810
32699
32860
32629
33007
32840
32661
32718
32756
32927
32859
32461
32754
32842
32765
32908
32622
32598
32776
32767
32898
32545
32629
32822
32651
32921
32668
32614
32731
32594
32914
32633
32561
32864
32653
32730
32735
32605
32888
32636
32734
32678
32804
32838
32539
32633
32805
32790
32904
32610
32490
32799
32808
32873
32671
32670
32748
32750
32926
32694
32652
32674
32802
32866
32745
32686
32786
32802
32962
32808
32553
32683
32911
32767
32563
32784
32685
32880
32898
32666
32662
32708
32887
32713
32683
32700
32861
32748
32712
32616
32664
32786
32683
32602
32733
32656
32795
32643
32651
32744
32843
32918
32680
32636
32719
32713
32706
32615
32669
32782
32656
32720
32665
32560
32638
32731
32761
32727
32586
32605
32577
32766
32900
32727
32649
32721
32886
32938
32783
32589
32745
32829
32920
32749
32613
32665
32627
32937
32713
32674
32825
32751
33015
32719
32774
32686
32597
33000
32728
32751
32677
32713
32844
32646
32850
32618
32807
32884
32660
32784
32582
32805
32837
32697
32726
32797
32685
32802
32628
32720
32683
32775
32830
32637
32751
32819
32662
32765
32679
32753
32769
32730
32836
32712
32593
32751
32711
32778
32854
32718
32665
32695
32862
32849
32657
32733
32861
32901
32793
32730
32720
32772
32904
32733
32602
32667
32805
32838
32712
32653
32666
32794
32833
32702
32691
32634
32652
32931
32765
32780
32587
32792
32857
32799
32694
32595
32660
32901
32750
32884
32562
32740
32829
32793
32668
32659
32629
32965
32802
32759
32657
32724
32779
32819
32635
32645
32744
32942
32822
32714
32636
32832
32827
32838
32590
32676
32801
32693
32872
32596
32748
32877
32685
32767
32634
32827
32785
32851
32750
32672
32766
32770
32733
32731
32677
32941
32708
32819
32822
32495
32870
32897
32716
32815
32621
32854
32767
32823
32981
32607
32712
32759
32878
32769
32739
32738
32829
32869
32779
32753
32562
32761
33039
32545
32790
32557
32648
32922
32741
32792
32694
32685
32802
32661
32804
32611
32729
32686
32660
32892
32667
32588
32637
32693
32973
32718
32640
32645
32765
32962
32601
32675
32541
32659
32981
32719
32560
32630
32734
33003
32817
32626
32684
32704
32967
32762
32727
32681
32841
32762
32726
32713
32807
32761
32756
32726
32793
32923
32906
32764
32812
32617
32924
32894
32616
32709
32708
32807
32871
32537
32846
32686
32855
32790
32602
32839
32699
32948
32701
32652
32851
32829
32791
32572
32570
32640
32782
32854
32610
32754
32723
32829
32761
32656
32759
32763
32863
32717
32628
32824
32632
32883
32701
32634
32735
32809
32802
32634
32628
32611
32845
32916
32768
32583
32606
32774
32942
32603
32753
32594
32736
32852
32676
32831
32638
32719
32901
32772
32869
32613
32477
32768
32820
32990
32795
32676
32670
32850
32933
32882
32763
32527
32886
32885
32886
32738
32487
32888
32832
32772
32752
32558
32795
32867
32937
32724
32664
32700
32887
32763
32737
32814
32624
32808
32875
32641
32783
32577
32927
32775
32647
32897
32563
32855
32802
32774
32681
32679
32868
32749
32713
32779
32705
32657
32761
32623
32753
32789
32809
32768
32658
32798
32804
32731
32670
32781
32757
32838
32685
32931
32718
32749
32726
32724
32860
32707
32748
32813
32740
32954
32858
32528
32755
32667
32824
32838
32564
32792
32782
32601
32923
32688
32697
32662
32836
32873
32542
32705
32649
32721
32902
32772
32612
32568
32659
32882
32795
32752
32699
32793
32828
32727
32723
32762
32624
32875
32734
32593
32730
32581
32689
32821
32686
32825
32571
32681
32760
32732
32854
32623
32898
32860
32519
32875
32699
32862
32870
32702
32724
32697
32835
32931
32652
32767
32812
32910
32710
32740
32930
32621
32707
32746
32619
32719
32655
32858
32729
32565
32810
32772
32692
32607
32710
32654
32833
32793
32753
32593
32799
32870
32837
32672
32595
32777
32862
32853
32850
32718
32755
32667
32921
32762
32770
32980
32765
32778
32786
32741
32874
32643
32901
32836
32765
32803
32682
32785
32879
32723
32703
32807
32679
32848
32716
32665
32899
32721
32770
32747
32561
32897
32738
32770
32739
32627
32872
32811
32695
32753
32589
32854
32962
32673
32661
32744
32724
32876
32674
32650
32800
32673
32911
32717
32551
32807
32644
32862
32745
32568
32743
32567
32728
32754
32681
32694
32694
32559
32639
32649
32727
32696
32753
32724
32850
32590
32710
32571
32684
32722
32774
32762
32720
32652
32889
32566
32722
32699
32704
32823
32598
32739
32606
32631
32881
32703
32770
32717
32724
32876
32605
32712
32716
32575
32774
32673
32636
32730
32609
32787
32677
32735
32711
32710
32611
32684
32634
32733
32798
32586
32799
32736
32837
33005
32620
32659
32690
32780
33005
32608
32820
32649
32920
32859
32638
32628
32477
32840
32815
32759
32685
32561
32806
32686
32815
32604
32571
32764
32694
32877
32643
32714
32563
32703
32872
32585
32767
32523
32722
32931
32635
32769
32693
32594
32827
32781
32745
32599
32690
32781
32727
32637
32725
32608
32838
32715
32668
32556
32581
32890
32687
32566
32712
32851
32727
32626
32513
32529
32765
32792
32707
32569
32560
32759
32564
32749
32612
32659
32683
32618
32712
32555
32578
32635
32630
32653
32627
32641
32720
32640
32695
32767
32584
32685
32668
32615
32826
32703
32843
32791
32574
32829
32799
32744
32675
32517
32756
32810
32811
32681
32575
32785
32896
32762
32633
32599
32844
32855
32820
32698
32760
32742
32928
32785
32694
32662
32777
32894
32772
32855
32714
32771
32722
32542
32997
32859
32791
32822
32687
32852
32629
32837
32786
32731
32839
32704
32757
32637
32678
32862
32679
32786
32672
32860
32801
32699
32807
32593
32866
32775
32767
32776
32720
32693
32725
32722
32864
32740
32667
32614
32834
32929
32778
32844
32713
32636
32944
32805
32724
32649
32768
32785
32846
32729
32815
32621
32669
32846
32780
32803
32657
32605
32835
32780
32871
32630
32511
32749
32824
32834
32606
32619
32803
32803
32741
32700
32609
32738
32717
32796
32724
32643
32665
32759
32823
32929
32617
32769
32675
32895
32869
32617
32769
32773
32842
32924
32520
32770
32825
32810
32904
32606
32684
32730
32748
32787
32718
32775
32835
32698
32666
32746
32819
32862
32694
32608
32826
32797
32963
32579
32509
32828
32901
32843
32609
32620
32709
32862
33038
32491
32599
32778
32824
32897
32636
32791
32642
32774
33012
32515
32764
32821
32672
33000
32475
32793
32641
32582
33045
32592
32691
32696
32565
32963
32552
32899
32674
32616
33048
32651
32718
32571
32543
32965
32791
32767
32591
32563
32951
32814
32911
32593
32568
32988
32780
32955
32670
32557
32812
32763
32780
32565
32569
32905
32661
32791
32703
32567
32708
32596
32835
32611
32681
32844
32688
32776
32647
32858
32738
32678
32767
32721
32782
32869
32694
32771
32639
32750
32748
32793
32849
32744
32741
32782
32756
32797
32769
32763
32601
32819
32765
32790
32718
32670
32696
32820
32813
32692
32583
32826
32756
32998
32678
32578
32934
32619
32885
32670
32679
32887
32735
32741
32607
32566
32876
32720
32917
32670
32710
32900
32661
32886
32831
32693
32746
32666
32941
32718
32677
32691
32654
32839
32775
32734
32607
32710
32884
32853
32742
32603
32819
32775
32681
32845
32617
32662
32774
32642
32733
32720
32696
32753
32776
32741
32704
32686
32720
32735
32800
32864
32516
32902
32819
32660
32745
32601
32741
32869
32646
32746
32760
32706
32799
32782
32674
32910
32696
32686
32718
32574
32816
32528
32759
32870
32661
32807
32496
32548
32817
32741
32792
32657
32610
32964
32832
32768
32731
32681
33010
32891
32650
32774
32644
32892
32865
32694
32694
32510
32885
32803
32706
32817
32746
32828
32812
32724
32791
32720
32806
32957
32540
32723
32701
32809
32859
32497
32727
32757
32799
33035
32581
32711
32836
32756
32864
32429
32688
32879
32809
32884
32514
32865
32800
32642
32887
32689
32793
32798
32751
32642
32667
32841
32824
32839
32750
32632
32891
32736
32776
32718
32595
32824
32974
32678
32599
32586
32810
32854
32811
32564
32577
32882
32877
32725
32654
32784
32818
32780
32680
32381
32801
32755
32784
32824
32568
32757
32630
32721
32881
32680
32733
32607
32745
32897
32655
32758
32518
32809
32905
32806
32749
32578
32793
32995
32653
32820
32509
32810
32895
32819
32732
32731
32752
32774
32699
32782
32787
32840
32707
32794
32763
32815
32776
32711
32770
32850
32855
32750
32676
32620
32883
32859
32858
32669
32690
32921
32816
32780
32729
32697
32829
32876
32799
32732
32602
32781
32902
32737
32627
32669
32574
32930
32920
32812
32627
32626
32914
32782
32766
32689
32615
32913
32777
32886
32743
32629
32869
32865
32839
32844
32682
32824
32793
32935
32852
32613
32781
32804
32768
32819
32662
32777
32686
32774
32787
32760
32786
32716
32779
32860
32700
32767
32711
32725
32869
32691
32837
32701
32822
32832
32652
32694
32769
32857
32755
32533
32841
32754
32822
32833
32652
32861
32821
32898
32624
32723
32842
32856
32948
32783
32778
32770
32709
32839
32651
32763
32801
32816
32837
32826
32729
32690
32649
32863
32926
32594
32657
32623
32852
32928
32773
32683
32610
32818
32795
32680
32877
32616
32775
32840
32723
32823
32634
32703
32719
32705
32837
32726
32583
32696
32867
32827
32686
32505
32638
32753
32627
32797
32647
32631
32753
32656
32659
32656
32747
32803
32618
32819
32832
32643
32915
32621
32757
32907
32630
32796
32778
32631
32923
32556
32921
32867
32652
32882
32550
32710
32866
32591
32778
32546
32873
32837
32596
32834
32642
32836
32812
32737
32669
32728
32831
32764
32770
32762
32679
32923
32495
32768
32704
32708
32930
32605
32749
32820
32672
32932
32638
32833
32870
32806
32785
32526
32901
32731
32853
32818
32696
32884
32757
32816
32625
32619
32806
32712
32753
32655
32865
32753
32672
32659
32699
32800
32724
32644
32785
32784
32763
32669
32681
32696
32836
32902
32467
32709
32766
32692
32768
32692
32640
32725
32583
32737
32744
32636
32807
32625
32581
32755
32717
32766
32559
32712
32851
32704
32935
32566
32540
32717
32747
32738
32716
32500
32779
32774
32810
32768
32737
32682
32869
32756
32958
32629
32642
32722
32879
32906
32791
32601
32618
32770
32944
32764
32671
32616
32850
32915
32855
32594
32549
32674
32789
32826
32542
32591
32871
32729
32755
32668
32737
32728
32849
32742
32524
32824
32774
32717
32711
32530
32781
32874
32731
32791
32627
32826
32843
32732
32892
32592
32731
32754
32554
32949
32653
32707
32820
32629
32927
32587
32678
32672
32569
33031
32614
32803
32672
32532
32834
32555
32767
32756
32679
32729
32511
32911
32817
32754
32750
32669
32793
32868
32847
32662
32648
32803
32918
32735
32552
32612
32869
32714
32822
32733
32609
32935
32784
32780
32679
32710
33045
32640
32740
32821
32632
32888
32791
32564
32597
32698
32813
32906
32660
32778
32663
32694
32793
32743
32586
32729
32820
32845
32716
32686
32818
32764
32815
32612
32745
32792
32816
32715
32576
32639
32795
32648
32644
32564
32804
32737
32753
32688
32805
32724
32643
32718
32649
32722
32831
32719
32807
32668
32763
32825
32734
32896
32595
32737
32674
32769
32879
32800
32619
32729
32754
32737
32674
32576
32723
32886
32658
32878
32539
32722
32845
32669
32686
32517
32613
32798
32551
32807
32628
32846
32886
32674
32718
32741
32813
32836
32620
32887
32588
32781
32824
32780
32827
32635
32752
32728
32672
32837
32727
32816
32721
32840
32825
32689
32734
32664
32795
32794
32842
32822
32618
32751
32710
32799
32865
32660
32604
32702
32813
32760
32802
32682
32785
32824
32744
32870
32725
32629
32684
32721
32746
32596
32802
32603
32692
32886
32765
32563
32583
32696
32668
32814
32790
32694
32729
32650
32777
32724
32810
32763
32688
32727
32900
32649
32627
32542
32765
33011
32795
32588
32645
32789
32913
32895
32609
32612
32873
32854
32846
32536
32579
32692
32891
32847
32471
32556
32645
32706
32841
32604
32525
32652
32660
32938
32610
32571
32599
32722
32863
32741
32716
32651
32632
32858
32805
32811
32641
32767
32884
32701
32696
32662
32501
32801
32876
32845
32640
32647
32837
32852
32715
32720
32615
32470
32858
32844
32718
32705
32659
32806
32806
32648
32681
32636
32688
32972
32704
32714
32608
32812
32835
32602
32660
32622
32872
32852
32743
32631
32707
32887
32757
32673
32658
32744
32882
32789
32759
32740
32681
32891
32749
32907
32770
32749
32703
32611
32807
32792
32689
32683
32622
32871
32846
32750
32718
32698
32741
32743
32856
32836
32647
32642
32877
32915
32872
32583
32590
32697
32845
32920
32569
32607
32625
32745
32912
32647
32662
32629
32763
32940
32570
32725
32579
32740
32765
32693
32749
32626
32694
32884
32690
32787
32643
32814
32767
32789
32727
32770
32713
32734
32864
32702
32672
32853
32677
32825
32711
32798
32821
32733
33001
32878
32640
32789
32862
32904
32781
32746
32704
32858
32771
32875
32580
32637
32958
32858
32720
32714
32701
32963
32830
32833
32764
32641
32813
32843
32804
32845
32588
32812
32840
32842
32858
32801
32791
32685
32763
32816
32811
32769
32700
32743
32865
32769
32752
32622
32803
32655
32829
32810
32645
32875
32815
32638
32819
32591
32892
32726
32744
32784
32647
32886
32784
32606
32717
32619
32947
32687
32625
32876
32716
32899
32639
32667
32751
32899
32951
32544
32659
32846
32773
33013
32637
32491
32735
32701
32931
32690
32533
32720
32728
32909
32807
32554
32751
32630
32870
32931
32596
32735
32684
32871
33025
32639
32557
32684
32724
33013
32672
32731
32849
32757
32929
32744
32630
32874
32659
32794
32824
32637
32904
32685
32694
32926
32576
32896
32683
32772
32804
32619
32878
32717
32777
32775
32646
32814
32733
32769
32807
32620
32754
32707
32721
32853
32661
32748
32767
32884
32891
32567
32845
32588
32791
33047
32600
32768
32670
32639
32933
32738
32770
32751
32679
32902
32845
32643
32704
32716
32883
32765
32561
32726
32524
32868
32862
32640
32688
32620
32930
32776
32619
32681
32714
32855
32773
32795
32542
32787
32883
32721
32718
32643
32885
32825
32565
32705
32736
32868
32811
32669
32769
32733
32915
32835
32471
32804
32859
32660
32944
32547
32814
32642
32677
32897
32655
32812
32680
32561
32823
32564
32936
32583
32588
32968
32688
32676
32612
32563
32782
32735
32821
32651
32713
32692
32686
32759
32749
32854
32636
32738
32712
32800
32857
32718
32594
32935
32958
32811
32612
32646
32876
32904
32760
32737
32787
32711
32824
32585
32656
32900
32825
32876
32491
32646
32898
32790
32875
32532
32605
32952
32819
32981
32467
32572
32829
32823
32728
32392
32721
32770
32764
32900
32540
32689
32793
32781
32898
32688
32751
32842
32551
32874
32843
32641
32898
32754
32615
32761
32575
32818
32829
32705
32946
32579
32663
32808
32605
32957
32586
32662
32847
32588
33028
32599
32634
32748
32740
32945
32800
32534
32636
32680
33076
32659
32495
32753
32710
32955
32756
32711
32740
32664
32957
32600
32640
32720
32671
32753
32676
32742
32732
32653
32732
32667
32853
32737
32682
32622
32594
32804
32823
32785
32630
32672
32729
32775
32793
32822
32671
32626
32724
32841
32881
32735
32607
32774
32891
32743
32661
32489
32719
32785
32879
32728
32601
32798
32821
32790
32885
32644
32832
32810
32933
32758
32665
32670
32793
32827
32655
32658
32729
32915
32825
32766
32828
32741
32835
32794
32760
32638
32712
32818
32768
32804
32657
32537
32751
32613
32973
32639
32747
32786
32715
32885
32676
32666
32744
32747
32886
32683
32517
32824
32812
32759
32474
32594
32719
32938
32732
32616
32768
32866
32766
32716
32572
32642
32900
32811
32797
32634
32803
32890
32707
32608
32723
32771
32908
32755
32788
32750
32784
32988
32630
32719
32599
32941
32882
32782
32739
32686
32873
32836
32644
32739
32721
32979
32723
32743
32675
32794
32971
32686
32611
32752
32775
33023
32572
32737
32800
32854
32873
32734
32579
32699
32778
32790
32687
32692
32688
32764
32813
32828
32790
32828
32794
32772
32776
32815
32749
32813
32743
32853
32762
32845
32849
32660
32673
32760
32935
32888
32691
32790
32781
32835
32853
32657
32771
32762
32792
32852
32723
32950
32816
32716
32819
32631
32941
32777
32559
32785
32623
32901
32747
32651
32743
32573
32835
32814
32618
32771
32751
32727
32951
32673
32797
32761
32733
32798
32780
32668
32850
32755
32778
32865
32617
32788
32758
32642
32942
32834
32798
32875
32710
32839
32690
32778
32884
32790
32737
32828
32798
32809
32912
32734
32766
32685
32851
32911
32672
32745
32656
32770
32702
32694
32656
32681
32933
32721
32803
32654
32584
32829
32875
32823
32605
32478
32778
32737
32936
32629
32616
32776
32856
32761
32576
32605
32630
32964
32772
32675
32788
32470
32861
32759
32723
32769
32625
32831
32709
32747
32868
32580
32795
32724
32711
32793
32554
32889
32617
32748
32976
32659
32804
32777
32733
33021
32736
32848
32672
32840
32881
32670
32800
32829
32746
32849
32733
32885
32771
32727
32743
32742
32840
32894
32613
32714
32805
32844
32922
32727
32600
32803
32845
32918
32740
32455
32816
32923
32748
32714
32645
32605
32822
32788
32723
32610
32739
32752
32625
32918
32622
32588
32658
32582
33040
32732
32673
32608
32616
32804
32802
32681
32557
32720
32794
32786
32803
32700
32633
32709
32716
32809
32624
32706
32648
32724
32868
32716
32548
32682
32572
32903
32706
32698
32763
32636
32655
32769
32691
32806
32569
32724
32815
32588
32859
32743
32649
32850
32682
32621
32709
32726
32922
32715
32673
32813
32775
32762
32683
32720
32706
32794
32894
32868
32708
32697
32602
32809
32792
32781
32788
32803
32829
32830
32833
32826
32613
32705
32886
32737
32844
32769
32719
32695
32738
32789
32743
32653
32806
32626
32738
32770
32752
32656
32654
32835
32861
32794
32927
32666
32698
32824
32856
32816
32663
32908
32724
32703
32989
32505
32748
32564
32629
32949
32709
32878
32578
32784
32908
32594
32783
32581
32771
32761
32612
32798
32631
32738
32748
32695
32705
32664
32855
32631
32758
32665
32727
32731
32551
32658
32751
32757
32846
32533
32838
32552
32803
32820
32581
32693
32674
32734
32786
32520
32794
32667
32737
32744
32571
32641
32641
32896
32758
32541
32733
32799
32807
32707
32584
32731
32691
32893
32764
32647
32686
32750
32722
32716
32745
32852
32662
32697
32785
32835
32702
32658
32852
32752
32895
32864
32550
32729
32754
32835
32852
32688
32782
32752
32745
32780
32573
32735
32874
32750
32769
32814
32741
32716
32483
32800
32839
32649
32741
32641
32706
32920
32729
32619
32665
32637
32840
32568
32599
32744
32710
32892
32610
32554
32750
32730
32932
32668
32617
32904
32741
32853
32700
32657
32869
32849
32793
32749
32747
32771
32717
32718
32679
32772
32764
32876
32731
32863
32729
32718
32775
32686
32805
32704
32786
32905
32769
32677
32605
32551
32823
32851
32657
32673
32720
32673
32740
32729
32759
32834
32740
32687
32598
32693
32804
32812
32750
32618
32784
32943
32692
32597
32564
32684
33053
32741
32651
32587
32855
32832
32811
32631
32617
32892
32797
32909
32736
32750
32867
32778
32731
32693
32731
32972
32904
32822
32637
32760
32931
32846
32735
32761
32850
32869
32788
32684
32780
32746
32810
32930
32571
32779
32755
32857
32839
32625
32817
32562
32941
32899
32526
32845
32727
32815
32832
32628
32814
32662
32838
32800
32470
32675
32739
32784
32756
32558
32831
32702
32721
32828
32707
32813
32744
32651
32733
32734
32897
32708
32638
32708
32746
32889
32679
32665
32779
32954
32971
32763
32556
32878
32905
32815
32815
32482
32810
32960
32684
32813
32613
32767
32898
32608
32903
32712
32791
32840
32531
32733
32667
32787
32937
32481
32723
32825
32752
32831
32529
32790
32897
32667
32844
32471
32661
32906
32739
32833
32641
32654
32745
32607
32942
32601
32673
32856
32570
32978
32756
32733
32747
32603
32808
32684
32676
32652
32482
32763
32796
32759
32677
32541
32770
32848
32776
32748
32616
32696
32879
32837
32776
32686
32788
32806
32802
32621
32756
32770
32866
32856
32786
32803
32763
32773
32775
32674
32819
32797
32887
32817
32763
32814
32932
32755
32775
32629
32771
32951
32832
32761
32715
32789
32817
32744
32898
32720
32768
32782
32802
32801
32628
32704
32758
32760
32883
32779
32682
32625
32788
32882
32722
32763
32801
32629
32885
32909
32782
32738
32571
32877
32879
32758
32767
32598
32826
32800
32760
32757
32714
32786
32895
32822
32699
32808
32737
32966
32704
32774
32744
32724
32884
32663
32611
32804
32697
32948
32607
32739
32730
32734
32945
32610
32691
32654
32814
32852
32566
32806
32629
32716
32849
32662
32748
32632
32969
32737
32556
32842
32680
32838
32905
32593
32753
32713
32722
32765
32641
32748
32893
32680
32824
32733
32769
32898
32701
32660
32822
32743
32925
32449
32727
32761
32708
33005
32673
32652
32866
32780
32926
32771
32688
32657
32828
32822
32942
32671
32656
32654
32787
32913
32844
32632
32796
32788
32983
32854
32539
32779
32760
32742
32939
32637
32606
32791
32639
32856
32782
32581
32713
32680
32750
32834
32683
32814
32480
32774
32833
32471
32788
32520
32734
32957
32580
32639
32613
32648
32836
32697
32765
32538
32685
32772
32745
32728
32566
32737
32637
32959
32671
32637
32635
32721
32954
32734
32653
32704
32707
32951
32729
32755
32521
32686
32901
32750
32713
32706
32709
32760
32671
32846
32633
32749
32749
32825
32692
32769
32676
32753
32661
32758
32739
32617
32778
32822
32830
32833
32800
32802
32619
32866
32778
32854
32975
32659
32807
32583
32758
32854
32565
32855
32744
32784
32766
32625
32738
32804
32713
32642
32598
32685
32908
32712
32751
32553
32742
32976
32749
32668
32587
32653
32931
32912
32585
32610
32620
32856
32839
32517
32628
32536
32724
32730
32695
32690
32586
32907
32741
32538
32776
32746
32781
32722
32578
32713
32787
32889
32695
32701
32699
32897
32871
32576
32634
32727
32767
32849
32845
32633
32536
32921
32745
32744
32746
32704
32834
32750
32866
32540
32673
32849
32677
32879
32626
32612
32811
32675
32978
32726
32499
32834
32750
32809
32782
32619
32719
32801
32894
32820
32408
32771
32916
32619
32881
32487
32759
32972
32556
32880
32514
32694
33017
32585
32797
32595
32732
32868
32608
32870
32743
32619
32837
32640
32820
32823
32615
32807
32837
32791
32865
32400
32772
32858
32770
32995
32430
32679
32838
32784
32983
32530
32530
32671
32801
32889
32594
32736
32612
32761
32789
32714
32671
32711
32703
32735
32759
32741
32645
32702
32722
32819
32757
32772
32658
32723
32799
32923
32748
32554
32837
32866
32762
32738
32593
32777
32649
32804
32714
32641
32829
32811
32662
32723
32718
32700
32728
32724
32664
32756
32569
32735
32734
32750
32846
32691
32703
32724
32672
32773
32685
32805
32763
32602
32875
32824
32871
32705
32579
32657
33004
32887
32640
32676
32688
32972
32861
32564
32557
32684
32980
32901
32637
32720
32822
32817
32684
32478
32735
32851
32722
32783
32633
32742
32886
32764
32748
32801
32660
32817
32692
32657
32887
32670
32750
32736
32674
32951
32672
32618
32697
32760
33013
32850
32577
32655
32815
32902
32794
32598
32563
32812
32902
32828
32655
32562
32898
32814
32874
32630
32531
32920
32750
32839
32712
32481
32891
32749
32826
32688
32597
32901
32808
32738
32744
32634
32778
32729
32774
32657
32799
32713
32803
32831
32697
32649
32730
32655
32903
32682
32760
32768
32670
32877
32836
32713
32688
32669
32807
32850
32666
32677
32546
32749
32938
32676
32642
32676
32538
33001
32717
32755
32627
32707
32964
32696
32738
32665
32565
32889
32706
32825
32670
32683
32855
32696
32850
32767
32586
32912
32780
32985
32660
32557
32830
32627
32779
32852
32681
32761
32634
32787
32798
32713
32826
32704
32710
32882
32704
32767
32690
32704
32907
32837
32672
32691
32722
32761
32853
32738
32740
32712
32798
32859
32711
32671
32765
32893
32858
32769
32701
32802
32661
32774
32813
32589
32823
32725
32868
32813
32586
32874
32804
32699
32808
32597
32863
32672
32766
32895
32541
32879
32826
32698
32856
32601
32814
32688
32613
32923
32709
32676
32792
32634
32957
32718
32783
32802
32657
32946
32778
32684
32786
32667
32714
32759
32711
32869
32590
32656
32782
32758
32814
32514
32729
32656
32747
32954
32595
32654
32719
32880
32939
32737
32632
32805
32668
32841
32693
32832
32813
32557
32870
32712
32830
32928
32651
32767
32857
32879
32873
32597
32758
32674
32847
32848
32690
32830
32823
32830
32695
32717
32768
32615
32782
32665
32620
32765
32745
32747
32666
32713
32777
32768
32788
32678
32667
32853
32729
32749
32789
32817
32790
32700
32696
32646
32622
32761
32693
32655
32788
32855
32724
32595
32651
32609
32699
32809
32707
32650
32734
32870
32907
32621
32715
32707
32871
32792
32567
32642
32690
32874
32894
32606
32619
32725
32787
32862
32517
32689
32856
32663
32998
32604
32619
32793
32778
32924
32545
32517
32853
32730
32946
32725
32512
32742
32584
32976
32783
32551
32808
32833
32750
32766
32572
32576
32707
32847
32808
32733
32558
32698
32677
32919
32887
32501
32607
32641
32933
32955
32485
32685
32712
32870
32758
32541
32539
32820
32901
32834
32648
32702
32766
32800
32698
32607
32892
32680
32727
32809
32761
32749
32723
32723
32705
32698
32812
32616
32900
32826
32687
32728
32669
32856
32823
32656
32612
32844
32869
32732
32786
32747
32713
32826
32405
32680
32819
32856
32834
32561
32756
32717
32854
32951
32628
32643
32763
32875
32889
32733
32567
32798
32991
32796
32691
32580
32463
32835
32933
32739
32566
32618
32859
32636
32792
32653
32625
32799
32684
32876
32786
32736
32722
32611
32612
32804
32836
32720
32561
32849
32797
32883
32720
32699
32760
32784
32857
32656
32423
32724
32759
32893
32679
32616
32778
32662
32837
32689
32731
32812
32509
32940
32747
32715
32787
32713
32863
32647
32633
32656
32574
32792
32778
32740
32709
32653
32903
32690
32737
32769
32768
32770
32681
32695
32720
32781
32928
32611
32754
32733
32790
32831
32676
32599
32942
32717
32769
32552
32621
32915
32706
32830
32572
32541
32829
32548
32962
32576
32562
32894
32546
32807
32617
32651
32731
32756
32817
32680
32667
32669
32769
32767
32757
32664
32743
32863
32881
32709
32628
32634
32989
32719
32738
32649
32777
32820
32790
32846
32604
32754
32810
32864
32690
32496
32870
32698
32829
32722
32622
32756
32661
32851
32733
32630
32829
32806
32721
32777
32615
32884
32701
32665
32648
32548
32725
32718
32758
32778
32677
32887
32701
32719
32819
32837
32601
32721
32664
32630
32711
32814
32766
32861
32481
32655
32617
32813
32917
32702
32595
32738
32749
32954
32651
32636
32723
32816
32791
32758
32550
32765
32731
32834
32615
32554
32904
32678
32727
32787
32715
32902
32709
32726
32798
32729
32870
32589
32709
32762
32776
32892
32740
32740
32841
32809
32828
32666
32817
32885
32766
32839
32655
32768
32794
32807
32889
32660
32716
32854
32853
33023
32637
32651
32726
32653
32956
32736
32756
32793
32685
32948
32787
32733
32715
32593
32908
32827
32834
32696
32697
32809
32772
32733
32639
32771
32803
32889
32943
32755
32802
32724
32754
32942
32812
32843
32696
32770
32785
32706
32841
32629
32769
32850
32607
32812
32671
32708
32881
32594
32779
32641
32689
32758
32573
32640
32781
32799
32834
32505
32655
32846
32781
32877
32512
32679
32912
32647
32816
32432
32695
32979
32779
32720
32597
32776
32872
32720
32754
32740
32786
32858
32726
32726
32802
32822
32848
32786
32609
32917
32613
32764
32752
32619
32952
32735
32771
32890
32665
32896
32742
32741
32709
32806
32842
32713
32773
32719
32847
32791
32868
32767
32616
32879
32782
32785
32741
32472
32900
32745
32738
32825
32580
32886
32928
32859
32839
32760
32879
32760
32735
32745
32815
32784
32718
32712
32545
32897
32660
32708
32783
32664
32940
32756
32742
32771
32661
32892
32711
32768
32807
32577
32665
32619
32768
32910
32663
32861
32664
32747
32952
32666
32855
32717
32865
32956
32501
32849
32645
32758
33049
32565
32695
32743
32739
32874
32527
32802
32782
32749
32835
32568
32781
32776
32911
32909
32725
32689
32766
32694
32708
32725
32740
32816
32849
32699
32804
32596
32791
32840
32681
32798
32715
32767
32891
32686
32774
32722
32651
32922
32655
32672
32748
32685
32870
32789
32871
32764
32529
32821
32904
32723
32777
32677
32726
32939
32707
32777
32728
32805
32964
32685
32786
32793
32723
32743
32497
32911
32647
32672
32888
32549
32938
32667
32802
32725
32728
32961
32654
32825
32626
32783
32948
32575
32776
32720
32755
32890
32651
32848
32721
32713
32753
32588
32826
32757
32812
32767
32759
32742
32720
32687
32815
32900
32499
32739
32754
32775
32869
32567
32687
32645
32811
32922
32623
32610
32634
32838
32995
32667
32492
32813
32807
32890
32711
32556
32744
32726
32990
32611
32561
32866
32695
32798
32712
32627
32878
32646
32948
32643
32664
32960
32815
32837
32529
32631
32811
32764
33062
32730
32518
32756
32644
32883
32702
32635
32635
32710
32811
32798
32667
32558
32650
32866
32774
32623
32598
32585
32761
32798
32861
32558
32614
32790
32676
32805
32667
32568
32803
32669
32794
32666
32646
32754
32789
32734
32909
32557
32743
32718
32712
32960
32708
32700
32861
32562
32934
32765
32704
32986
32583
32754
32717
32742
33049
32572
32724
32836
32606
32899
32581
32682
32832
32721
32861
32645
32676
32863
32650
32718
32865
32742
32670
32603
32757
32860
32697
32869
32578
32766
32970
32807
32754
32669
32752
32928
32651
32739
32725
32692
32733
32733
32622
32659
32797
32814
32589
32692
32767
32525
32722
32551
32779
32650
32678
32711
32603
32798
32787
32709
32790
32556
32908
32767
32637
32855
32745
32823
32874
32581
32886
32693
32721
32823
32563
32899
32823
32776
32858
32685
32905
32743
32665
32869
32814
32854
32728
32645
32733
32829
32888
32728
32659
32736
32878
32827
32728
32824
32781
32582
32850
32670
32774
32765
32567
32865
32749
32792
32872
32722
32808
32616
32866
32951
32758
32852
32735
32580
32830
32615
32765
32661
32591
32718
32747
32880
32778
32641
32734
32610
32908
32832
32725
32725
32573
32865
32876
32835
32718
32746
32803
32761
32746
32699
32822
32755
32881
32805
32941
32848
32679
32771
32697
32873
32868
32715
32866
32706
32920
32854
32663
32849
32744
32873
32878
32734
32906
32638
32751
32721
32638
32826
32882
32798
32733
32669
32734
32699
32887
32645
32716
32654
32876
32712
32673
32734
32709
32799
32827
32591
32856
32617
32826
32701
32763
32827
32784
32699
32675
32777
32963
32650
32797
32741
32836
32979
32731
32652
32634
32838
32976
32640
32674
32717
32788
32970
32762
32738
32669
32929
32861
32724
32615
32692
32873
32821
32692
32703
32717
32974
32863
32565
32800
32854
33001
32735
32697
32645
32784
32917
32854
32687
32741
32785
33000
32719
32830
32818
32607
32800
32712
32829
32848
32686
32882
32573
32840
32900
32747
32752
32644
32777
32776
32878
32769
32661
32673
32786
32846
32544
32660
32650
32723
32861
32659
32797
32496
32682
32897
32714
32697
32636
32662
32846
32608
32786
32506
32732
32749
32717
32614
32664
32758
32749
32731
32582
