32984
32882
32824
32858
32819
32816
32766
32785
32809
32842
32873
32832
32766
32798
32836
32920
32795
32677
32803
32879
33020
32883
32648
32800
32825
32953
32918
32600
32744
32938
32970
32906
32749
32690
32797
32973
32885
32858
32838
32866
32767
32916
32945
32715
32863
32643
32994
32956
32689
32851
32746
32822
33074
32679
32809
32816
32920
33100
32680
32746
32672
32916
33106
32666
32805
32743
33022
33068
32768
32735
32709
32852
33030
32889
32840
32808
32763
32970
32776
33052
32766
32715
32922
32899
32949
32810
32605
32651
33011
33085
32812
32729
32912
32856
33096
32795
32662
32915
32688
33131
32814
32817
32766
32735
33060
32785
32709
32852
32949
32964
32718
32773
33024
32711
32766
32817
32760
33007
32753
32833
32780
32939
32897
32663
32866
32844
32888
32965
32808
32818
32985
32935
32976
32753
32712
33043
32834
32932
32874
32690
32989
32985
32871
32771
32907
33052
32935
33064
32948
32883
32938
32755
32825
33027
32748
32821
32728
32966
32884
32691
32994
32941
33105
33006
32858
32933
32847
32897
32853
32751
32706
33046
32831
32765
32840
32731
32900
32886
32897
32890
32845
32953
32928
32919
32816
32612
32816
32821
32876
33007
32773
32865
32828
32925
32910
32805
32729
32965
32970
32911
32696
32777
32709
32855
32886
32885
32912
32862
33026
32929
32887
32775
32862
32880
32672
32770
32861
32926
32865
32788
32739
32861
32947
32911
32806
32842
33092
32875
32825
32794
32718
32769
32981
32838
32865
32902
32930
32716
32868
32807
32804
32964
32827
32713
32920
32772
33034
32807
32645
32943
32865
32996
32893
32959
32918
33046
32921
32738
32685
32709
32921
32909
32867
32718
32908
32894
32749
32899
32728
32840
32841
32997
32791
32896
32850
32823
32860
33015
32784
32856
32758
32686
33030
32706
32975
32830
32949
33062
32873
32828
32816
32844
32925
32785
32927
32794
32831
32908
32800
33087
32847
33008
32940
32709
33043
33009
33020
32794
32691
33023
32937
32906
32748
32828
33015
33131
32832
32683
32968
32999
33048
32832
32689
32856
33033
33083
32773
32654
32971
32808
33086
32877
32837
32980
32655
33085
32866
32638
32957
32877
33126
32913
32830
32973
32858
32861
32793
32729
32801
32748
32897
32937
32989
32858
32650
33029
32713
32887
32918
33036
33032
32872
32818
32838
32697
32914
32767
32811
32902
32767
33000
32746
32833
32780
32707
33016
32741
32948
33049
32740
33038
32874
32866
32820
32639
32968
32889
32879
32812
32816
32862
32811
32752
32703
32778
32932
32916
32922
32838
32835
33054
32830
32981
32804
32801
32864
32760
32800
32887
32905
32718
32772
32889
32977
33067
32804
32841
33005
33030
32995
32768
32632
32914
33093
32910
32763
32827
32666
32874
33026
32876
32822
32886
32924
32903
32912
32772
32832
32759
32904
32883
32671
33046
32811
32778
32816
32989
32893
32799
32877
32639
32751
32864
32798
32951
32770
32830
33101
32876
32845
32789
32814
33014
32767
32820
32803
33076
32785
32557
32921
32885
32830
32988
32733
32799
33068
32981
32770
32807
32750
32989
32722
32868
32921
32885
32868
32760
32929
32821
32854
32871
32641
32987
32888
32714
32976
32764
32774
32967
32938
32802
32799
32980
32884
32879
32999
32832
32944
32881
32915
33009
32722
32831
32910
32805
32962
32839
32749
32870
33073
33017
32891
32700
32790
32898
32796
32808
32806
33032
32941
32998
32828
32696
32836
32904
32866
32885
32689
32899
32931
33049
32713
32841
33072
32823
32745
32720
32927
33017
32871
33021
32788
32784
33067
32858
32901
32774
32964
32978
32781
32736
32737
32983
32885
32767
32752
32991
33067
32872
32756
32925
32873
32848
32906
32863
32753
32942
32940
32787
32953
32985
32927
32781
32771
32854
32765
32928
32888
32934
32958
32950
32998
32828
32723
32811
32748
32965
32803
32801
33062
32765
32996
32850
32702
32922
32668
32939
32770
32934
32988
32805
32904
32760
32831
33087
32964
32742
32754
32872
33140
32998
32697
32649
32718
33071
33141
32867
32631
32790
33220
33063
32957
32623
32666
33168
33047
32796
32682
32745
32959
33100
32976
32722
32713
33071
33039
33015
32806
32669
32957
32905
33113
32773
32656
32861
32874
33078
32915
32626
32801
32970
33023
33037
32734
32984
32884
33034
32851
32606
32820
32732
33045
33007
32642
32763
32913
32899
33033
32640
32812
32916
32909
32969
32591
32888
32825
33130
33048
32714
32864
32904
33062
32976
32694
32933
32728
33137
32884
32677
32956
32878
33102
32957
32731
32957
33018
33076
32869
32664
32974
32730
33039
32775
32667
32918
32646
33100
32890
32745
33039
32861
33005
32825
32672
33066
33015
32907
32781
32876
32907
32744
32901
32892
32819
32937
32800
32914
32942
32996
32900
33014
32932
32883
32741
32808
32735
32980
33163
32913
32694
32681
33093
33044
32916
32680
32737
32965
33058
32820
32646
32707
32752
33208
32903
32668
32693
32886
33082
33099
32673
32763
32915
33012
32944
32743
32822
32726
32915
32868
32825
32904
32968
32918
32879
32776
33026
32758
32804
32865
32772
32825
33029
32955
32770
32915
32689
32867
33015
32839
33046
32898
32992
32967
32728
32842
32753
32866
32908
32908
32852
32759
33082
32939
32671
32863
33035
32925
32859
32811
32880
32936
33019
32934
32916
32587
32815
32918
32856
33046
32701
32883
32933
33206
32801
32607
32790
32706
33094
32831
32651
32920
33003
32909
32933
32684
32860
32937
32924
32765
32734
32955
32726
33153
32770
32696
32986
32814
33090
32963
32796
32823
32879
32953
32783
32773
32705
32925
33126
33050
32861
32814
32661
32965
33089
32775
32767
32782
32992
33102
32902
32780
32783
32915
32957
32808
32930
33068
32975
32935
32773
32832
32847
32760
32891
32770
32999
32966
32730
32762
32823
32823
32795
32884
32707
32870
32984
32847
32932
32829
32934
33019
32692
32742
32884
33073
32826
32773
32703
32756
33122
32802
32767
32681
32758
33032
32935
32747
32869
32939
32930
33002
32844
32771
32943
32860
32766
33022
32929
32696
32825
32920
32748
32963
32803
32699
32979
32842
33147
32937
32737
32857
32792
32896
32943
32764
32768
32832
33013
32807
32750
32860
32719
32956
32833
32705
32895
32883
32970
32951
32713
32761
32858
32849
32950
32827
32762
32746
33074
32846
32735
32875
32774
32989
33005
32832
32808
32884
32928
32931
32961
32670
32687
32797
33070
32974
32588
32882
32995
32953
32725
32786
32687
32909
32771
32999
32743
32778
32925
32641
32862
32746
32876
32896
32864
32811
32867
32878
32897
32771
32904
32973
32876
33048
32748
32912
32909
32885
32931
32655
32898
32966
33034
32908
32875
32777
33033
32973
32754
32831
32826
32960
32959
32914
32755
32954
33021
32872
32913
32725
33045
32957
32767
32904
32784
32831
32822
32700
32895
32847
33027
32791
32828
32844
32723
33071
32892
32646
32851
32874
33170
32860
32650
32860
32753
32976
32937
32657
32837
32890
33037
33022
32704
32789
32722
32924
32837
32802
32727
33042
32750
33047
32906
32862
32860
32656
32865
32795
32917
32895
32725
32859
32754
32938
32863
32678
32904
32826
32946
32936
32683
32930
32876
32875
32827
32724
32849
32772
33141
32805
32695
32833
32694
33139
32827
32721
32850
32837
33045
33055
32856
32668
32819
32936
32930
32820
32671
32798
33205
32979
32843
32752
32565
33058
33166
32804
32654
32603
33230
33093
32854
32647
32777
33140
33085
32692
32628
32707
33127
33014
32811
32701
32744
33207
32949
32815
32792
32772
33091
32867
32778
32784
32886
33156
32781
32745
32749
32867
33064
33062
32770
32893
32789
33080
32884
32750
32721
32761
33098
32972
32816
32796
32779
32990
33103
32826
32659
32940
32934
33198
32868
32651
32912
32792
32994
32962
32749
32922
33029
33165
32960
32788
32816
32831
32933
32940
32693
32920
32848
33007
32877
32803
32880
32743
32928
33032
32992
32789
32924
32827
32930
32907
32779
32801
32812
32943
32708
32757
32910
32768
32824
32836
32709
32889
33096
33014
32833
32617
32867
32885
32794
32859
32760
32933
32833
32846
32680
32757
32842
32831
32824
32846
32935
32863
32854
32804
32932
32873
33025
32787
32641
32931
32951
32754
32747
32644
32855
33107
32887
32891
32718
33007
32933
33024
32780
32748
33038
32858
32764
32837
32777
32746
32881
32826
32796
32979
32996
32839
32863
32952
32819
32780
32664
33088
32706
32777
32764
32753
32886
32807
33017
32767
32873
32816
32690
33005
32909
32784
32939
32683
32881
32809
32981
32755
32674
32906
32863
33051
32845
32806
32920
33054
33146
32879
32824
32945
32860
32930
32703
32752
32825
32874
32972
32892
32908
32983
33018
32882
32817
32994
33096
32949
32856
32734
32848
32820
32988
32925
32849
32839
32844
33008
33054
32911
32855
33028
32925
33092
32939
32701
32891
32843
32846
32932
32810
32786
32758
33020
33062
33024
32873
32677
33039
32981
33054
32821
32699
32928
33114
32863
32732
32558
32811
33040
32977
32771
32735
32901
32918
32959
32852
32889
32879
32859
32922
32797
32816
32763
32870
32926
32892
32939
32814
32896
32654
32818
33111
32951
32748
32697
33124
32964
32865
32756
32740
32920
33050
32857
32730
32799
33038
32835
32769
32939
32603
33086
32878
33031
32862
32706
33024
32581
32947
32950
32800
32903
32731
32761
33002
32820
32925
32634
32725
33000
32721
32917
32644
32634
32899
32702
32956
32817
32924
33051
32714
33012
32929
32762
32781
32698
32962
33046
32957
32846
32745
32803
33030
33002
32882
32643
32846
32931
33119
33004
32881
32919
32934
32953
32798
32926
32860
32895
33028
33157
32924
32740
32961
32909
32906
32908
32780
32853
32948
32999
32919
32859
32842
32747
32822
32929
32867
33025
33083
33041
32814
32702
32917
32818
32882
32879
32778
32872
32937
32894
32898
32884
32666
32789
32996
32973
32969
32798
33001
32888
32957
32790
32798
32863
32844
32962
32857
32677
32705
33118
33047
32888
32793
32827
32930
32881
32650
32947
32950
32916
32915
32748
32958
32806
32691
33028
32871
32911
32848
32862
33025
32887
32847
32796
32949
32897
32887
32906
32916
32871
32945
32808
32809
32807
32771
32987
32920
32899
32826
32821
32994
32866
32804
32784
32899
32960
33004
32749
32871
32906
32927
32822
32772
32721
32795
32915
32804
32720
32730
32934
33000
32944
32786
32832
32850
32957
32791
32894
32942
33021
32888
32821
32896
32815
32891
32953
32818
32925
32833
32930
32995
32868
32868
32740
33009
32912
32709
32911
32972
32975
32928
32806
32811
32922
32857
32958
32989
32905
32923
32839
33104
32937
32752
32826
32888
32855
32848
32611
32759
32736
32873
33018
32780
33020
32849
32979
33072
32823
32992
32894
32946
32997
32881
32952
32720
32779
32881
32776
32793
32776
32714
32993
32917
33011
32800
32870
32940
32698
32925
32791
32689
32757
32698
32997
32882
32755
32705
32922
32790
32901
32853
32776
33061
33015
32768
32883
32726
32808
32977
32756
32941
32738
32888
32947
32786
32903
32731
32884
32864
32682
33130
32952
32986
32698
32708
33208
32884
32710
32838
32705
33015
33076
32875
32847
32702
32908
32796
32792
32765
32861
32838
32800
33012
32920
32891
32814
32708
32675
33030
32874
32612
32704
32994
33094
32983
32772
32654
32851
32936
32929
32671
32698
32791
32921
33067
32760
32721
32745
32866
32921
32784
32761
33038
32801
33164
32856
32820
32913
32697
32987
32784
32909
32923
32743
32920
32862
32944
32882
32636
32990
32800
32960
32973
32816
32971
32828
32768
32781
32849
32875
32871
32871
32756
32934
32953
32740
32772
32759
32828
33114
32823
32914
32653
33005
32822
32862
32813
32787
32945
33068
33009
32888
32681
32877
33103
32906
32798
32867
32740
32930
33015
32883
32837
32615
32867
32989
32848
32926
32954
33043
32980
32969
32921
32753
32906
33001
32924
33002
32562
32843
32979
32904
32997
32783
32965
32764
32717
33016
32960
32920
32909
32776
33022
32912
32835
32795
32559
32922
32920
32923
32829
32648
32885
32903
32938
32879
32776
32958
32991
32818
33012
32821
32761
32823
32676
32891
32859
32930
32849
32834
32841
33027
32877
32932
32939
32844
32882
32953
33025
32795
32750
32759
32885
33108
33021
32720
32945
32968
32983
33097
32796
32761
32820
32885
32882
32829
32790
32807
33020
33027
32952
32664
32983
33050
32973
32831
32696
32872
32832
32910
32780
32682
32856
33005
32920
32742
33011
32953
32882
32943
32748
32722
32812
32949
32830
32812
32811
32892
32785
32808
32861
32858
33058
32859
32753
32769
33022
32889
32792
32686
33036
32965
32973
32953
32587
33087
32918
33012
32962
32617
32941
32940
32912
32860
32691
32786
32908
33120
32928
32621
32978
32728
32879
32933
32745
32916
32729
33014
32789
32671
32826
32762
32997
32758
32758
32965
32869
33029
32851
32585
32957
32972
32953
32925
32659
32793
33090
32989
32740
32697
32672
32882
33155
32991
32762
32865
33008
32971
33018
32738
32653
32892
32986
32871
32713
32857
32711
33073
32918
32724
32902
32795
32940
33024
32900
33002
32747
32861
33025
32777
32776
32770
33048
32968
32814
32834
32673
33010
32895
32774
32849
32699
32802
33118
32793
32863
32717
32847
33051
32712
32675
32661
33138
32978
32732
32690
32822
32942
33154
32778
32648
32832
32823
33142
32815
32637
32855
32837
33020
32823
32767
32960
32833
33008
32880
32722
32864
32925
32987
32877
32901
33033
32768
32858
32783
32839
32945
33011
32801
32756
32798
32969
32914
32967
32634
32767
32968
33134
32882
32602
32677
32833
33078
32862
32680
32598
32964
33039
33050
32798
32736
33015
32876
32923
32743
32744
32931
32918
32748
32746
32872
33029
33132
32825
32706
32975
32930
32907
32855
32805
33092
33019
32983
32761
32559
32974
32848
33123
32825
32748
32934
33026
33098
32791
32748
32857
32828
32981
32910
32849
33022
33009
32883
32728
32914
32887
33044
32961
32884
33030
32805
32947
32920
32819
32973
32767
32877
32922
32872
32922
32903
32907
32994
32959
32989
32936
32926
32947
32961
32845
32658
32907
32994
33062
32889
32739
32899
32891
32923
32841
32933
32827
32815
33147
32994
32940
32906
32625
33040
33016
32898
32949
32741
32983
32937
32923
32855
32550
33069
33107
33101
32993
32502
32818
33130
32963
32984
32660
32870
33044
33034
32981
32759
32686
32834
32852
32967
32734
32818
32838
32977
33057
33016
32778
32772
32798
32933
32968
32806
32817
32990
32891
33158
32873
32738
32931
32724
32868
32869
32758
33104
32901
33045
32702
32860
33015
32727
32946
32825
32865
33021
32854
32936
32909
32698
32912
32810
32806
32877
32807
32801
32894
32834
32995
32945
32993
32893
32637
33189
32860
32689
32880
32730
33042
32946
32777
32838
32889
32919
32808
32733
32917
32843
33062
32989
32906
32868
32820
32909
32757
32788
32861
32874
32753
32872
32952
32811
32939
32658
32769
32902
32916
32804
32806
32922
33102
32994
32797
32694
32733
33096
32815
32990
32753
32822
33050
32988
32731
32687
32921
32847
32837
32810
32795
33032
32902
32894
32893
32769
32861
33007
32873
33104
32850
32823
32892
32812
32893
32641
32823
32767
32849
33033
32853
32763
32807
33030
33136
32791
32619
32869
32756
33122
32875
32682
32821
32854
33027
32938
32753
32715
32946
33105
33023
32794
32701
32844
33008
33029
32875
32770
32850
32981
32990
32992
32849
32990
32956
33026
32946
32801
33032
32987
32986
32983
32657
32900
32994
32943
32955
32565
33098
32983
32910
32861
32584
32908
32883
33048
33059
32565
32931
32978
32745
33015
32770
32930
32835
32861
32966
32671
32913
33060
32864
32871
32897
32854
32952
32819
32829
32742
32969
32920
32820
32889
32929
32917
32939
32813
32780
32784
32871
32904
32868
32725
32992
32776
32747
32908
32769
32930
32805
32914
32770
32830
32785
32978
32724
32844
32815
32831
32937
32782
32908
32765
32889
32742
32769
32877
32875
32793
32754
32715
32785
32963
32796
32753
32740
32949
32891
32859
32908
32758
32849
32913
32858
32885
32904
32802
32763
32931
32868
32847
32806
32921
32760
32953
33032
32986
32847
32646
33107
33012
32929
32799
32705
33010
32928
32971
32749
32908
32891
32956
33057
32875
32759
32901
32964
32975
32820
32771
33008
32999
32891
32758
32759
33001
32910
32795
32751
32957
33047
32982
32927
32785
32862
32850
32860
32700
32756
32701
32928
32857
32825
32860
32708
32872
32845
32794
32953
32885
32813
32984
32761
32778
32884
32838
32875
32662
32822
32790
32948
33010
32580
32855
32993
32829
32878
32867
32706
32966
32883
32921
32817
32634
32817
32686
32981
32907
32758
32747
32824
33056
32895
32928
32714
32788
33015
33119
32886
32786
32783
32719
32894
33010
32660
33043
32745
32990
33102
32768
32882
32834
32992
33012
32992
32923
32902
32891
32938
32745
32936
32787
32743
32982
32721
33073
32798
32805
32890
32784
32975
32772
32847
32727
32922
32706
32838
33044
32813
32708
32744
33001
32827
32817
32712
32669
33048
32999
32768
32762
32675
32978
33057
32761
32709
32813
33099
33157
32830
32757
32820
32930
32948
32804
32699
32723
32961
33052
32967
32784
32911
32903
33013
32998
32898
32950
32995
32997
32958
32777
32794
32827
32853
32939
32734
32859
32779
32943
33047
32756
32776
32857
32995
32990
32824
32723
32668
32890
32980
32931
32805
32778
32869
33003
32891
32807
32619
32907
32943
32833
32809
32728
32966
32937
32897
32883
32804
32727
33109
32947
32832
32813
32703
32990
32824
32830
32880
32764
33000
32833
32761
32988
32784
32898
32747
32857
32948
32815
32816
32720
32822
32984
32766
32932
32706
32814
33037
32807
32911
32891
32786
32979
32813
32857
32923
32787
32829
32844
32759
32947
32727
32998
32887
33007
33009
32778
33025
33023
32838
33067
32896
32981
32894
32693
32974
32921
32780
32862
32737
32966
33081
32698
32966
32859
32824
33023
32775
32725
32803
32630
33093
32722
32742
32857
32641
33121
32724
32761
32836
32748
32926
32808
32794
32875
32768
33018
32801
32667
32795
32831
32971
32824
32773
32858
32955
32884
32807
32761
32684
32883
32798
32916
32888
32730
32977
32847
32862
32780
32896
32819
32827
33055
33040
32945
32816
32764
32748
32860
33039
32676
32869
32913
32950
32934
32930
32808
32812
32733
32804
32906
32809
32824
32704
32951
33005
32873
32796
32670
32780
33144
33105
32882
32799
32813
33040
32899
32768
32800
32769
32989
32950
32920
32946
32897
33028
32915
32791
32908
32771
32856
32991
32851
32954
32901
32873
32861
32718
32882
32747
32699
33012
32987
33056
32915
32739
32843
32771
33070
32880
32686
32834
32890
33057
32993
32671
32879
32829
32958
32893
32845
32739
32925
33114
33047
32753
32787
33018
32960
32923
32770
32743
33077
33007
32889
32874
32683
33041
33034
32761
32872
32860
33036
33152
32815
32736
32823
33098
32936
32873
32864
32784
33065
33010
32852
32903
32643
33039
32931
32845
32762
32912
33023
33016
32894
32730
32893
32854
32833
32983
32739
32839
33070
32868
32809
32788
32901
33073
32863
32806
32865
33078
32871
32878
32775
32760
32912
32924
32778
32711
33005
32860
32994
32808
32660
33003
33026
32897
32900
32706
33019
32874
32654
32919
32866
32735
32994
32855
32798
32920
32923
32812
32976
32825
32911
32754
32851
32819
32867
33001
32645
32765
32779
32868
32994
32729
32963
32783
32749
33127
32822
32732
32711
32890
33106
32850
32726
32689
32857
32929
32814
32733
32808
32721
32995
32798
32858
32812
32856
32991
32785
32769
32790
32905
32739
32923
32678
32929
32674
32921
33005
32794
32892
32629
32958
33117
32825
32858
32811
32864
33109
32835
32892
32711
32824
32993
32706
32810
32692
33049
33082
32931
32886
32751
32915
32883
32710
32863
32820
32615
33060
32807
32807
33009
32645
32929
32856
32783
32944
32916
32981
32914
32940
32857
32816
32991
32831
32958
32844
32779
33062
32693
32964
32840
32732
33065
32868
33023
32881
32938
32972
32716
32960
32730
32849
33041
32789
33126
32863
32888
32977
32608
33005
32835
32825
33031
32555
32934
32900
32886
33056
32788
32872
32795
33032
32883
32706
32948
33167
32908
32850
32839
32872
32922
32826
32768
32787
32914
33108
32856
32921
32856
32744
32981
32826
32826
32857
32786
33037
32692
32883
32996
32703
32977
32678
32973
32931
32839
32874
32640
33165
33103
32768
32935
32630
33043
32987
32779
32913
32616
32918
32968
32841
32842
32873
32953
32961
33125
32695
32666
32906
32907
32854
32632
32891
32921
32923
32809
32694
32821
32902
32831
33041
32775
32971
32954
32744
32873
32909
32837
32930
32716
32810
32937
32975
32850
32845
32838
32997
33027
32772
32935
32917
32801
32876
32890
32859
32888
32873
32879
32910
32933
32797
32704
32704
32664
33017
33055
32757
32823
33004
32913
33037
32796
32690
32839
32714
33050
32877
32833
32829
32823
32913
32935
32839
32833
33032
32828
32903
32829
32878
32777
32823
32902
32823
32879
32822
32901
33101
33014
32932
32984
32717
33060
32873
32670
32801
32850
32900
32985
32884
32881
32924
32999
32885
32887
32906
32850
32905
33014
32968
32914
32754
32859
32978
32838
32896
32964
32695
32936
33017
32941
32985
32594
32958
32872
32866
32803
32736
32978
32909
32781
32809
32789
32965
33033
32847
32882
32879
32871
32825
32773
32903
32894
33062
32743
32896
32854
32956
33140
32833
32817
32815
33074
33081
32690
32896
32847
32971
32911
32541
32843
33129
32985
32966
32656
32914
32954
32896
32998
32758
32690
32831
32835
32956
32745
32710
33009
32983
32862
32838
32717
32780
33080
33053
32842
32855
32723
32985
33051
32800
32922
32710
32894
32944
32801
32971
32908
33036
32954
32833
32796
32773
33002
32903
32755
32925
32881
32799
33055
32780
32740
33000
32945
33007
32746
32613
32951
33079
32854
32737
32738
32986
33073
33017
32735
32691
33052
32834
32898
32717
32637
33010
33111
32964
32940
32635
32890
33061
32786
32694
32796
33059
33083
33009
32854
32725
32948
32817
32776
32984
32701
32775
32988
32824
32920
32903
32754
33040
32738
32730
32961
32815
32855
32978
32857
32902
32792
32880
32829
32987
32853
32510
33012
32980
32799
32793
32711
32958
33138
32993
32932
32790
32707
32990
32780
32956
32789
32663
32891
32954
32825
32934
32900
32974
32875
32954
33040
32887
32883
32969
33025
32903
32874
32836
32733
32847
32858
32901
32950
32930
32682
32935
33056
33007
32923
32761
32894
33146
33176
32896
32907
32699
32950
33100
32730
32781
32964
33072
33052
32816
32759
32937
32984
32880
32876
32895
33026
32933
32877
32678
32941
32981
32841
32933
32799
32976
32951
32907
32750
32897
32826
32823
32875
32817
32895
32791
32848
32724
32973
32869
32786
32995
32824
33057
32908
32765
32968
32783
32794
32910
32855
32951
32852
32834
32810
32762
32927
32916
32967
32836
32830
33056
32858
33040
32878
32675
32950
32994
32945
32848
32643
32922
32987
32916
32922
32751
32663
32920
33187
32946
32778
32842
32731
32972
32889
32820
32909
32746
32977
32899
32739
32995
32826
32756
32950
32899
32875
32790
32957
32919
32935
33156
32737
32761
32774
33182
32980
32754
32698
32921
33093
33028
32746
32715
33091
33161
32910
32664
32650
33073
33123
33096
32729
32595
33127
33018
32963
32793
32726
32970
33003
32930
32723
32673
33002
32949
32973
32833
32748
32916
32833
33099
32855
32873
32943
32879
33000
33003
32879
32851
32843
32802
32892
32725
32743
32771
32996
32993
32844
32849
32645
32865
33104
32981
32975
32813
32779
33036
32791
32884
32669
32784
32800
32804
32947
32708
33129
32836
32787
33071
32793
32818
32840
32781
33084
33040
32999
32776
32724
32952
32663
33040
32834
32724
32896
32777
32974
32878
32666
33004
32920
32921
32926
32842
32794
32838
32932
32994
32915
32753
32791
32843
32869
32922
32796
32840
32805
32839
33021
32850
32777
32674
32843
32929
32885
32847
32726
32886
32845
32705
32971
32797
32625
32918
33018
32846
32872
32672
32843
33030
32861
32853
32654
32975
32974
33065
32856
32664
32858
32828
32874
32720
32722
33020
33031
32905
32895
32731
32933
32822
32802
32920
32757
32760
32651
33033
32878
32792
32813
32800
32935
32858
32973
32610
32848
33004
32936
32831
32880
32849
32787
32959
32805
32869
32886
33004
32775
32827
32823
32876
32981
32799
32824
32975
33226
32934
32835
32622
32869
33025
32860
32692
32770
33042
32935
32912
32840
32875
32732
32865
32817
32851
33060
32916
32740
32684
32876
32980
32963
32694
32773
33019
33037
32934
32725
32762
32831
32815
32859
32749
32828
32841
32935
32918
32709
32877
32984
32714
32872
32988
32925
32824
32663
32861
32774
32866
32855
32694
32945
32796
32881
32888
32784
32703
32910
32816
32834
32835
32799
32952
32852
32765
32766
32805
32767
32971
32937
32746
32940
32967
33080
32944
32730
32749
32852
33059
32696
32816
32806
32995
33121
32765
32687
32737
32867
33052
32944
32819
32929
32888
32950
32823
32879
32826
32755
33009
32824
32842
33069
32770
32979
33004
32871
32902
32718
32964
32986
32900
32788
32667
32713
32940
32941
32959
32762
32914
32804
33017
33000
32836
32917
32942
33082
32961
32700
32660
32772
33025
32893
32817
32724
33035
33123
32846
32781
32859
32972
33124
32888
32807
32673
32882
32946
32699
32779
32708
33134
32931
32873
32895
32725
33098
32815
32730
33016
32855
32834
32839
32613
32971
32985
32838
32819
32604
33006
33057
32882
32742
32618
33008
32992
32784
32783
32666
32941
32846
32788
32832
32631
33006
32923
32791
32860
32792
32911
32764
32741
32975
32692
32995
32662
32731
32987
32772
32971
32677
32720
32973
32703
33015
32927
32737
32826
32673
32901
32914
32874
32960
32717
33031
32962
32819
32774
32701
32834
32796
33038
32908
32786
32812
32977
32947
32825
32778
32770
32846
33036
32922
32909
32774
32723
33019
32749
32850
32772
32769
32796
32966
32963
32775
32802
32866
32851
32926
32956
32789
32985
32978
33072
32797
32733
32743
32762
33002
32750
32854
32774
33047
33010
32929
32932
32794
33020
32922
32851
32821
32820
32941
32945
32677
32884
32881
32930
32950
32846
32843
32826
32977
32841
32749
32709
32857
32948
32749
32716
32750
32760
33091
32826
32885
32849
32859
33049
33024
32756
32851
32886
32873
32778
32975
32932
32793
33016
32773
32815
32930
32784
33035
32803
32941
33041
32883
32924
32801
32832
32904
33073
32788
32643
33040
32857
32904
32898
32777
33095
32805
32877
32789
32663
33097
32914
32679
32783
32769
33127
32689
32703
32866
32760
33097
32779
32599
32993
33008
32959
32865
32763
32970
32847
32991
32717
32825
33063
32787
32900
32705
32773
33047
33033
33001
32708
32721
33040
32911
32794
32673
33135
32997
32884
32804
32624
32921
32806
32840
33012
32864
32870
32840
32927
32744
32820
32904
32966
32649
32872
33054
33009
32804
32768
32818
33059
32974
32805
32829
32841
32991
32826
32873
32907
32772
32916
33016
32846
32720
32798
33052
33022
32927
32873
32758
32854
32810
32889
32869
32760
32649
32867
33046
32950
32741
32787
32971
32892
32795
32694
32827
32779
33153
32888
32704
32834
32709
32946
32823
32723
32862
32871
33005
32961
32724
32778
32853
32975
32885
32810
32689
32698
32943
33032
32706
32904
32843
32877
32902
32694
32649
32754
33022
32949
32803
32884
33024
32859
32863
32854
32905
32876
32716
32933
32874
32955
32884
32834
32936
32697
32877
32917
32798
32955
32940
32878
32853
32717
32944
32772
32899
32780
32591
33086
32883
32713
32866
32696
32963
33059
32827
32767
32743
32916
32838
32901
32825
32763
32810
32847
32899
32976
32773
32694
32811
32899
32946
32949
32870
32740
33146
32945
32890
32728
32625
33078
33033
32936
32851
32668
32868
32873
32797
32806
32663
32919
33002
33075
32957
32759
32915
32760
32769
32840
32798
32856
32979
32765
32997
32761
32755
32909
32790
32901
32792
32996
32987
32950
32899
32720
32832
32861
32919
32696
32868
32786
32915
32997
32761
32896
32736
32942
32880
32997
32822
32835
32873
32969
32751
32863
32782
32697
32991
32939
32836
32885
32933
32992
32995
32879
32790
32933
32960
32905
32969
32752
32937
32886
32818
33203
32981
32921
32801
32942
33005
32848
32908
32843
33018
33118
32767
32841
32880
32825
33173
32727
32885
32830
32831
33103
32951
32668
32708
32925
32948
32750
32788
32712
33018
33080
32823
32602
32859
32833
33087
32974
32703
32821
33043
32965
32876
32821
32814
32975
32881
32739
32819
32904
32966
32956
32811
32769
33168
32886
32914
32615
32711
33209
32846
32692
32591
32847
33186
32980
32747
32620
32712
33199
32951
32693
32782
32713
33095
32846
32739
32831
32634
32987
32877
32657
32860
32783
32944
33094
32654
32804
32946
32880
33098
32681
32914
32928
32716
32921
32672
32788
32930
32728
33003
32756
32966
33044
32595
32928
32826
32697
32960
32691
33000
32959
32877
32948
32749
32797
32835
32717
32942
32959
32688
33096
32967
32949
32772
32722
32916
32828
32736
32770
32910
32903
32960
32628
32928
32834
32943
32970
32726
32863
32784
33045
32844
32782
32738
32936
32877
32920
32733
32705
32950
32894
32907
32745
32693
32864
33113
32984
32780
32741
32839
33100
32783
32868
32725
32925
32895
32867
32812
32806
32765
32752
33007
32890
32864
32724
32845
32840
32940
32792
32752
32871
32894
33029
32923
32739
32708
33067
32980
32820
32739
32745
33079
32850
32629
32837
32724
32965
32875
32801
32884
32832
33167
32920
32826
32905
32679
32946
32884
32859
32892
32748
32875
32879
32751
32794
32679
33024
32786
32913
32909
32706
32933
32866
32721
32949
32745
32774
32856
32850
32891
32709
32907
32823
32836
32933
32893
32759
32947
32947
33036
32759
32779
32813
32989
32865
32807
32811
33038
32913
32934
32760
32986
33045
32795
32840
33032
32870
32975
32827
32663
32810
32812
32959
32864
32736
32988
32953
32996
32944
32665
32983
32943
32866
32905
32768
32991
32869
32975
32899
32748
32873
32739
33095
32886
32795
32952
32802
33173
32801
32798
32841
32871
32931
32844
32703
32680
32907
33018
32979
32930
32929
32769
32871
32824
32838
32927
32834
32861
32720
32888
32954
32869
32723
32905
32882
32992
33035
32868
32899
32904
32978
33037
32758
32802
32848
32925
32810
32798
32783
32963
32995
32907
32803
32915
32846
32990
32916
32981
32878
32869
33022
32970
32876
32891
32879
32823
32868
32977
32780
32724
33021
32909
32967
32958
32790
32960
32928
33023
32917
32798
32989
32759
32904
32959
32762
32812
32861
32914
32946
32656
32976
32887
32984
33044
32852
32826
32754
32984
32900
32616
32764
32781
33093
32908
32760
32836
32874
33104
32771
32864
33059
32809
32825
32846
32853
32915
32808
32789
32676
32834
33055
32934
32896
32747
32829
32983
32716
32879
32737
33041
32886
32822
32854
33083
32899
32802
32888
32800
32973
32916
32658
32815
32942
32987
32974
32825
32713
32755
33181
32958
32979
32821
32651
33056
32913
32870
32909
32717
32842
32808
32961
32776
32929
32889
32869
33116
32918
32732
32903
32793
32906
32877
32871
32876
32886
32827
32710
32760
32991
32891
32739
32698
32890
32966
32976
32720
32809
32858
32867
32948
32725
32859
32883
32715
33018
32687
32788
32798
32793
33004
32741
32843
32750
32657
33014
32981
32720
32825
32712
33016
32879
32841
32775
32757
32933
32902
32829
32828
32734
32868
32915
32777
32783
32796
32832
33028
33022
32833
32792
32825
32932
33028
32666
32883
32818
32945
32992
32863
32764
32760
32942
32873
32753
32779
32912
32869
32922
32854
32847
32966
32799
32914
32926
33006
32883
32770
32808
32853
32943
32991
32767
32638
32765
32893
33028
32793
32843
32863
33067
32867
32757
32752
32783
32832
32833
32843
32810
32831
33036
32964
32674
32950
32936
32876
33115
32967
32893
33090
32743
32867
32826
32741
33137
32744
32995
32855
32782
32935
33009
32897
32777
32940
32993
32843
32989
32810
32671
32964
33078
32879
32745
32678
32827
33060
33016
32665
32893
32690
33118
32840
32620
32903
32634
33016
32835
32702
32784
32906
32990
33019
32676
32798
32814
32886
32984
32803
32815
32752
32954
32936
32685
32919
32858
32868
32979
32766
32784
33018
32947
32892
32859
32803
32869
32988
32920
32814
32808
33185
32918
32789
32679
32861
33028
32971
32900
32721
32842
32806
33083
33023
32723
32640
32850
32963
33196
32841
32638
32951
32902
32994
32801
32669
32941
32816
33075
32828
32710
32791
32849
32967
32951
32759
33024
32707
32970
32817
32850
33072
32876
32937
32832
32836
33066
32853
32871
32663
32762
32940
32863
32796
32657
32917
32901
33018
32931
32685
32818
32956
32949
33062
32725
32632
32925
32836
33086
32755
32774
32906
32825
33025
32873
32851
32782
33075
32958
32888
32684
32971
32958
32779
32854
32777
33159
33120
32695
32801
32943
33096
33034
32587
32781
32828
33032
32894
32647
32788
32783
32942
32942
32691
32815
32920
32938
33070
32720
32761
32877
32716
33000
32763
32641
32936
32790
32769
32837
32833
32868
32786
32930
32831
32797
32845
32820
32791
32898
32854
33001
32700
32652
32828
32930
33048
32766
32670
33016
32949
32975
32761
32696
32861
32912
33029
32904
32777
32853
32885
32941
32971
32752
32717
32955
32980
32781
32722
32929
32978
32982
32872
32718
32866
33043
32954
32789
32884
32902
32970
32923
32725
32759
32898
32921
32745
32830
32838
32968
32838
32943
32944
32946
32930
32829
32752
32879
32772
32955
32795
32700
32852
32790
32879
32758
32749
32926
32834
32994
32847
32870
32890
32933
33049
33131
32777
32712
32835
32909
33041
32808
32723
32803
32903
33045
32770
32726
32701
32834
33114
32916
32826
32768
32891
33123
32886
32767
32899
32658
33058
32774
32793
32708
32782
32906
32836
33055
32729
32965
32966
32887
32916
32853
32892
33082
32680
32851
32804
32857
32865
32717
32922
32748
32893
32821
32917
32832
32961
32925
32848
32832
32818
32949
32782
32975
32842
32741
32994
32761
32997
32710
32764
32835
32717
33012
33055
32794
32896
32970
32944
32975
32840
33019
32899
33034
32810
32763
32766
32815
32982
32862
32788
32738
32863
33067
32897
32862
32918
32857
33029
32986
32741
32811
32851
32997
32820
32811
32727
32719
33056
32772
32925
32752
32662
33089
32956
32807
32691
32734
33022
33038
32744
32706
32860
32943
32832
32768
32887
32755
33067
32855
32760
32734
32772
33006
33022
32663
32758
32807
32968
32913
32707
32737
32937
32866
32749
32909
32891
32982
32877
32951
32664
32949
32889
32859
32923
32767
33084
32847
32980
32823
32743
32878
32828
32938
32748
32865
33014
32833
33110
32890
32743
32877
32929
32951
32938
32700
32821
33021
32926
32852
32998
32682
32740
33049
32790
32930
32790
32925
33023
32919
32773
32735
32831
32920
32859
32997
32754
32916
32777
32800
33042
32817
32669
32797
32767
32920
32874
32777
32690
32932
32951
32972
32794
32749
32656
33186
32880
32736
32722
32783
33205
32852
32677
32725
32815
33056
32970
32810
33036
32900
33010
32864
32730
32850
32772
32917
32999
32804
32982
33037
32887
32905
32751
33057
32941
32761
32743
32814
33159
33015
32702
32870
32679
33098
32786
32700
32969
32908
32947
32824
32699
32994
32925
32810
32859
32751
32886
32804
32985
32767
32731
32869
32901
32928
32755
32882
32900
33074
32781
32753
32875
32852
32893
32798
32715
32776
32954
32896
32904
32757
32890
32910
33118
32682
32789
32667
32825
33056
32831
32909
32568
32835
32917
32964
32837
32738
32846
32987
32923
33016
32776
32739
32735
32804
33131
32913
32682
32782
32963
33089
33045
32793
32751
33021
33025
33071
32920
32596
32963
33081
32898
32714
32760
32859
33076
32982
32879
32718
32844
33098
32992
32913
32891
32780
32890
32932
32760
32794
32745
33026
32933
32822
32820
32751
33020
32805
32844
32797
32726
32923
33071
32893
32891
32841
32830
32788
32842
32850
32852
32952
32822
32791
32714
33014
32728
32903
32751
32889
32989
32815
32912
32761
32910
32777
32916
32886
32819
32785
33015
32899
33113
32818
32787
32923
32719
32937
33008
32751
32791
32943
32929
32935
32814
32876
32801
32930
32875
32717
32875
32690
32822
33106
32873
32802
32780
32768
32932
32864
32795
32859
32882
32927
32903
32852
32773
32844
33096
32809
32871
32906
32781
32842
32848
32755
32889
32718
32895
32832
32995
32988
32612
32936
32949
32752
32858
32806
32849
32965
32763
32882
32823
32900
32891
32884
32837
32818
33060
32897
32948
32822
32838
32971
32868
32753
32778
32895
32802
32845
32695
32882
32911
32845
32893
32694
32855
32860
33059
32741
32726
32856
32896
32889
32902
32787
32806
32925
32841
32877
32760
32863
32974
33000
32826
32857
32935
32887
33018
32947
32981
32907
32692
32946
33023
32861
32907
33027
32890
32971
32747
32914
32893
32901
32978
32882
32810
32977
32870
32743
32882
32715
32801
32916
32904
32768
32765
33061
32808
32895
32754
32681
32945
33132
32832
32897
32758
32928
32999
32703
32732
32890
32800
33089
32865
32653
32952
32937
33076
32837
32649
32874
32775
32911
32923
32652
32911
32760
32784
32787
32752
32845
32894
32834
32907
32889
32848
32863
32693
32857
32901
32733
32943
32866
32736
32914
32832
32869
32773
32967
32899
32851
32957
32973
32889
32944
32742
32959
32854
32766
32963
32777
32957
32776
32818
33034
32824
32813
32668
32817
32783
32929
32878
32979
32819
32788
32981
32905
32778
32893
32925
32839
32831
32951
32924
32760
32836
32735
32995
32945
32700
32907
32916
33006
33022
32809
32798
32713
32968
32953
32825
32865
32848
32945
33001
32870
32809
32706
32858
32962
32965
32876
32738
32777
32781
32880
32766
32852
32696
32731
33097
32833
32813
32792
32773
32947
32772
32857
32792
32822
32919
32805
32911
32674
32800
32945
32801
32888
32757
32710
33004
32883
32608
32811
32848
32867
32902
32726
32770
32903
32969
32857
32746
32739
32949
32978
32864
32758
32769
32786
32769
32859
32825
32697
32859
32755
32846
32818
32785
32935
32827
32942
32874
32823
32849
32840
32745
32983
32832
32960
32905
32692
32869
32821
32855
32867
32603
32897
32932
32966
32676
32649
33004
32949
32921
32789
32714
32877
33198
32980
32896
32677
32778
33004
32792
32938
32826
33101
33090
32934
32928
32888
32910
32916
32943
32960
32875
32916
32889
32879
32940
32735
33157
32933
32848
33013
32997
33043
32831
32798
32886
32829
32780
32724
32982
32807
32894
32891
32653
33011
32883
32839
33076
32889
32941
32919
32796
32890
32775
32850
32711
32937
33016
32757
32963
32785
32711
33039
32914
32800
32703
32901
32998
33043
32887
32779
32770
32878
32821
32801
32831
32877
32839
32903
33015
33001
32770
32664
32820
32897
32791
32814
32703
33042
33057
33012
32795
32786
32870
32714
33048
32926
32689
32926
32888
32895
32867
32723
32933
32762
32875
32917
32770
33020
32854
33011
33096
32691
32831
32867
33030
32974
32700
32836
32853
32994
32852
32791
33003
32897
32815
32792
32898
32949
33092
32914
32806
32902
32964
33042
32749
32540
32895
32947
32981
32599
32746
32920
33059
33100
32673
32701
32842
32992
33099
32687
32869
32766
32912
33078
32660
32768
32800
32829
33035
32640
32885
32706
32820
33129
32665
32811
32701
32710
33015
32683
33016
32779
32608
33173
32820
32740
32777
32587
33087
32901
32976
32677
32671
33022
32701
33043
32668
32623
33166
32960
33065
32770
32592
32958
33008
32865
32731
32646
33011
32941
32963
32697
32776
32929
32641
33010
32822
32886
32961
33038
32872
32843
32722
32937
32791
32862
32782
32855
32963
32851
32797
32709
32877
32728
32851
32921
32946
32890
32936
33044
32834
32841
32882
32907
32939
32947
32978
32863
32698
32889
32846
32946
32707
32643
32989
32841
33216
32701
32650
32937
32738
32894
32797
32769
32987
32940
32955
32755
32715
32913
32644
33082
32822
32688
32974
32713
33058
32878
32794
32923
32769
33013
32848
32901
32794
32920
32931
32868
32718
32667
32789
32956
33016
32861
32725
32724
33061
32805
32951
32751
32790
33019
32780
32768
32707
32881
32726
32801
32926
32802
32841
33120
32845
32823
32870
32691
32932
32961
32701
32940
32795
32799
32937
32719
32834
32846
32768
32954
32880
32785
32803
32909
32842
32780
32874
32848
32775
32758
32975
32737
32955
32717
32657
33020
32806
32958
32830
32763
33092
32831
32821
32835
32710
33039
32889
32700
32793
32679
33113
33015
32813
32851
32699
32984
33032
32821
32872
32773
33013
32937
32622
33092
32723
33091
32865
32710
32776
32727
32922
32932
32756
32701
32897
32771
33078
32605
32901
32864
32961
32995
32620
32853
32927
32988
33019
32656
32862
32877
32953
32945
32819
32959
32856
32883
32911
32634
33067
32907
32965
32796
32737
32947
32813
32895
32868
32674
33078
33033
32889
32598
32800
32902
32753
32911
32641
32779
33016
33181
33003
32783
32782
32898
32978
32784
32714
32791
32930
32924
32817
32624
32818
32768
32921
33082
32760
33020
32797
32935
32944
32721
32866
32631
32927
33031
32870
32920
32558
32815
33075
32789
32832
32744
32875
33032
32982
32809
32824
32791
32783
32856
32900
32780
33005
32856
32856
33000
32961
33031
32954
32737
32730
33026
32888
32652
32977
32868
33034
32966
32741
32791
33044
32999
32960
32896
32686
33011
33076
32935
32849
32756
32926
33049
32847
32841
32757
32918
33038
32922
32881
32649
32726
33044
32867
33073
32830
32650
33153
33054
32998
32849
32704
32866
32921
32940
32802
32643
32971
32863
33171
33084
32768
32978
32999
32979
32973
32870
32827
32916
32916
33020
32876
32876
32955
32985
32951
32736
32939
32915
32962
32811
32669
32968
32892
32986
32802
32855
32837
32761
32934
32871
32833
32901
33045
33110
32911
32780
32864
32978
33062
32865
32648
33003
33008
33022
32813
32790
32917
32886
32870
32840
32962
32862
32867
33018
32972
32894
32951
32936
33009
32982
32853
32836
32761
33072
33043
33027
32771
32709
32924
33022
32845
32921
32697
32985
32941
32866
32875
32902
32823
32952
32853
32936
32803
32827
32947
32931
33025
32862
32680
32734
32851
32836
32804
32726
32701
32896
32815
32919
32845
32937
33035
32659
32867
32931
32723
33039
32845
32711
32963
32782
32860
32823
32820
32969
32656
33100
32948
32891
32955
32812
33041
32976
32813
32887
32656
33041
32904
32739
32888
32736
32981
32954
33018
32898
32770
33097
32881
32927
32741
32749
32985
32780
32718
32810
32886
33072
32681
32901
32919
32862
32929
32718
33067
32870
32982
32925
32636
32853
32814
32854
32824
32846
32963
32979
32998
32800
32806
32966
32907
32885
32963
32995
32954
32744
32876
32711
32876
32891
32754
32870
32946
33030
32822
32964
32697
32929
32877
32783
32738
32810
32907
32967
32730
32747
32902
32635
32825
32877
32747
32895
32807
32773
32733
32944
32872
32593
32720
32950
32899
32957
32822
32605
32913
32788
32821
32763
32736
32881
32902
32981
32909
32718
32687
33006
32922
32919
32767
32840
32802
33027
33049
32881
32827
32749
32876
33030
32898
32769
32744
33102
33136
32943
32647
32840
32869
32885
32964
32668
32714
32903
33082
32897
32815
32861
32735
32960
32865
32772
32948
32938
32773
32905
32585
32807
32960
32828
32959
32648
32974
33024
32969
32890
32676
32968
32777
32917
33066
32664
32927
32835
32730
32997
32865
32827
32773
32599
33164
32785
32823
32730
32649
33056
32765
32957
32860
32683
32852
32710
32920
32903
32808
32807
32749
32991
32939
32884
32849
32640
33024
33132
32931
32724
32753
33029
32942
32963
32696
32791
32875
32785
32968
32663
32909
33168
32805
32826
32937
32716
33003
32880
32762
32898
32637
33093
32989
32786
32703
32735
32898
32861
32774
32810
33015
32977
33016
32690
32814
32834
32899
33055
32833
32731
32885
32964
33007
32814
32836
32953
32845
32782
32709
32776
32964
33041
32937
32916
32845
32976
33048
32802
32848
33019
32864
32918
32766
32886
32808
32950
32863
32735
32893
32806
32971
33004
32720
32891
32895
32814
32904
32877
32748
32741
32854
32886
32936
32685
32853
33093
32887
32946
32732
32761
32936
32616
32925
32813
32878
32953
32818
32847
32737
32993
32975
32788
32898
32741
32974
32921
32883
32903
32714
32796
32772
32849
33009
32866
33109
32964
32900
32876
32765
32904
32763
32788
32956
32975
32892
32647
32940
32892
32764
32911
32724
32861
32905
33066
33016
32950
32685
32700
32985
32796
32856
32930
32815
32873
32980
32907
32738
32739
32747
32795
32999
32858
32746
32908
32906
32985
32849
32935
32752
32721
32890
32865
32884
32887
32892
32738
32933
32960
32824
32799
32659
32942
33061
32998
32695
32719
32814
33050
32972
32675
32761
32939
33133
32984
32750
32575
32896
33056
32888
32738
32639
32924
32920
33085
32727
32691
32730
32716
33044
32868
32755
32645
32933
32980
32823
32842
32812
32757
33028
32897
32880
32735
32808
32961
32840
32902
32647
32766
32853
32967
32905
32800
32890
32867
32946
33003
32836
32700
32735
32914
33056
32869
32814
32851
32855
32906
32878
32812
32657
33026
33038
33012
32823
32709
32918
32892
32772
32751
32843
32895
32951
32941
32815
32733
32977
33039
32815
32800
32818
33017
32951
32957
32740
32862
32926
32712
33048
32837
32938
32958
32822
33014
32963
32802
32783
32863
32872
32982
32997
32783
32828
32941
32905
33140
32934
32714
32929
32949
33026
32958
32752
32803
32829
32933
32987
32686
32685
32821
33070
33123
32831
32769
32710
32993
32932
32767
32918
32619
32933
33030
32791
32918
32811
32720
32988
32855
32760
32790
32753
32839
32840
32847
32898
32852
32832
32829
32851
32691
32797
32841
32879
32976
32927
32918
32937
32967
32791
32834
32783
32814
32964
32757
32866
32844
32900
33015
32875
32754
32815
33172
32935
32854
32861
32846
33072
32964
32984
32842
32658
33008
32912
32755
32802
32703
32860
33028
32897
32851
33031
32927
32771
32856
32873
32813
32915
32835
33042
32937
32972
32829
32677
32840
32707
32972
32877
32770
32935
32927
32933
32857
32684
32888
32858
32890
32952
32750
33066
32928
32758
32724
32631
33097
32809
32747
32905
32817
32936
32856
32810
32849
32904
32917
32803
32827
32943
32829
33123
32697
32701
32888
32839
32971
32738
32566
32936
32860
33076
32920
32663
32868
32753
32958
33000
32752
32924
32752
33033
33074
32728
32714
32767
32773
33067
32762
32712
32881
32887
33015
32941
32701
32925
32809
33001
33017
32856
33080
32813
32876
32790
32769
32887
32781
32864
32920
32718
33069
32824
32800
32873
32663
32978
32873
32782
32902
32611
32906
32804
32885
32812
32741
32738
32770
33115
32994
32712
32970
32715
32802
33125
32846
32735
32832
32700
32980
32770
32737
32875
32786
33073
32868
32898
32709
32841
32950
32859
32844
32774
32766
33044
32822
32705
32854
32695
32945
33007
32747
32792
33033
32963
32903
32840
32757
32765
33022
32803
32843
32833
32887
32943
32626
32849
32731
32928
33011
32751
32837
32746
33037
32991
32617
32836
32815
32926
33012
32641
32763
32926
32823
32946
32855
32837
32754
32711
32956
32709
32950
32763
32666
33026
32857
32793
32697
32697
32838
32928
32967
32795
32821
32933
32935
32923
32799
32863
32778
32637
32893
32955
32820
32947
32799
32864
32992
32943
32719
32893
32940
33042
32806
32776
32809
33022
33016
32814
32793
32889
32997
32942
32712
32777
33135
33019
32949
32583
32800
33061
32988
32960
32680
32683
32975
33008
32917
32578
32591
32974
32931
33011
32705
32844
33005
32980
33032
32811
32863
33149
32952
32857
32950
32828
32873
32765
32916
32911
32671
32903
32851
32912
32967
32744
32911
32850
32922
33114
32636
32842
32868
32806
33047
32748
32579
32994
32728
33146
32796
32730
32796
32753
33086
32802
32676
32656
32848
33130
32822
32870
32725
32863
33109
32835
32742
32891
32782
32961
32809
32816
32711
32790
32839
32817
33073
32859
33011
32810
32724
32948
33022
32871
32787
32748
32899
32839
32924
32855
32727
32860
32870
32951
32866
32970
32734
32970
32973
32949
32800
32584
32926
32962
33185
32889
32725
32798
32895
33033
32982
32762
32863
32897
32986
32929
32772
32922
32985
32848
32846
32723
32897
33025
33024
33045
32883
32806
32870
32932
32988
32855
32711
33067
32958
32900
32646
32796
32774
32856
32983
32790
32903
32967
32826
32892
32892
32725
32945
32726
33020
32775
32732
32866
32861
32893
32755
32677
32937
33062
32983
32813
32887
33015
32823
32858
32740
32778
33051
33087
32892
32815
32817
32825
32953
32741
32625
32906
33067
32949
32905
32733
33079
32988
32761
32846
32849
32864
33003
32975
32915
32831
32944
32976
32832
32726
32748
33093
32895
32837
32997
32745
33199
32727
32713
32774
32957
32968
32668
32771
32727
33102
32978
32865
32749
32823
32908
33021
32793
32701
32820
32829
32989
32876
32854
32950
33016
32766
32780
32857
32822
32854
32756
32967
32847
32985
32896
32853
32853
32806
32926
33083
32932
32918
33044
33040
32892
32744
32808
32805
32954
32928
32870
33134
32768
32822
33002
32769
32821
32918
32696
32849
32939
33115
32921
32779
32802
32624
32936
32989
32683
32923
32756
33025
32926
32815
32762
32858
32857
32791
32935
32739
32954
32823
32960
32928
32830
32856
32846
32951
32866
32867
32992
32909
32947
32923
32855
33046
33084
32809
32869
33052
32902
33010
32779
32801
32840
32741
33056
33000
32744
32912
32846
32899
32963
32921
32777
32695
33159
32922
32820
32819
32650
33098
33056
32926
32813
32734
32854
32826
33055
32722
32805
32822
32947
32929
32802
32660
32777
33134
32953
32791
32727
32882
32973
32985
32912
32842
32621
32872
32813
32788
32900
32669
33051
32766
32879
32961
32657
32887
32766
32924
33149
32755
32857
32851
33012
32907
32767
33020
32716
32941
33023
32746
32992
32883
32773
32997
32988
32845
32841
32979
32984
32888
32891
32908
32764
32699
32834
32986
32905
32976
32719
32878
33107
32988
32904
32530
32812
32958
32980
32803
32615
32936
32934
32863
32887
32676
32904
32910
32865
32980
32764
32842
32720
32703
33070
32876
32649
32790
32779
32821
32942
32785
32664
32748
32894
32822
33032
32749
32792
32898
32793
32919
32750
32889
32865
32935
33019
32765
32832
32714
32634
32878
32815
32724
32807
32896
32915
33007
32831
32990
32681
32823
32908
32773
32996
32847
32849
32880
32740
32832
32724
32770
32964
33023
32819
32857
32773
33073
32910
32852
32964
32883
33060
32912
32692
32831
32888
32788
32908
32877
32750
32877
33081
32925
32822
32963
32731
32834
32931
32970
32925
32918
32895
32869
32931
32877
32884
32759
32838
32897
32894
33008
32985
32903
32708
32974
32957
32854
32869
32743
32868
32951
32830
32847
32805
33042
32823
32846
33004
32785
32843
32739
32892
32995
32894
32969
32742
32964
32971
32806
32976
32707
32780
32942
32787
32929
32776
32839
32813
32811
32743
32733
32987
32778
32891
32876
32751
33031
32780
32788
32704
32881
32955
32692
32860
32764
32934
32928
32750
32840
32786
32906
32988
32633
32835
32726
32933
32814
32705
32828
32695
33003
32934
32622
32868
32865
32958
32793
32629
32812
32818
32994
32820
32832
32739
32872
32885
32767
32833
32796
32710
32917
32936
32977
32877
32855
32910
32854
32986
33060
32711
32689
32849
32978
32858
32823
32976
32805
32986
32875
32766
32866
32875
32886
33042
32969
32937
32808
32818
32843
32959
32725
32854
32745
32826
33235
32895
32910
32752
32884
32883
32800
32626
32763
32944
33036
32739
32720
32890
32765
33122
32807
32815
32979
32806
32960
32963
32750
32844
32872
32808
32905
32894
33026
32978
32812
32779
32791
33064
32960
32981
33003
32949
32927
32828
32762
32950
32970
32827
33128
32770
32958
32840
32762
32916
33029
32817
32778
32895
32923
32942
32895
32841
32888
32879
32834
32789
32831
32836
32938
32963
32754
32889
33017
32751
32898
32687
32806
33185
32985
32669
32702
32954
32920
33042
32780
32784
33035
33102
33003
32877
32728
33061
33001
32771
32653
32863
33020
33025
32999
32762
32920
33039
32856
32888
32906
32819
33072
33028
32809
32912
32757
33091
32941
32711
32889
32810
33168
32916
32741
32985
32734
33079
33020
32612
32915
32839
33001
32919
32679
32932
32694
33123
32873
32650
32888
32622
33045
32953
32745
32879
32821
32853
32967
32734
32864
32974
32806
32855
32862
33009
32773
32750
32804
32889
33012
32796
32782
32972
32969
33056
32871
32656
32949
33050
32942
32975
32641
32742
33095
32884
32977
32700
32839
33078
32822
32798
32738
33025
32954
32702
33006
32732
32952
32868
32606
32879
32920
32904
33033
32612
33013
32998
32791
32960
32723
32685
33043
32953
32980
32674
32790
32897
32746
33024
32645
32750
32951
32907
33061
32799
32979
32887
32701
32962
32850
32734
32813
32704
32936
32985
32892
32789
32569
32957
33019
32865
32811
32776
33052
33114
33138
32834
32854
32742
32901
32886
32740
32763
32816
32986
32958
32861
32766
32955
32973
32892
32909
33014
32994
32981
32967
32816
33035
32932
32849
32870
32701
32901
33060
32988
32853
32789
32865
32985
32952
33021
32849
32985
32999
33069
33017
32709
32864
32872
32848
32925
32751
32821
32718
32811
33122
32799
32928
32871
32749
33082
33006
32804
32768
32741
32827
32936
32913
32844
32747
33040
33031
32880
32738
32724
32959
33093
32879
32917
32744
33046
32906
32756
32824
32900
32847
32979
32775
32727
32798
32833
33046
32739
32832
32833
32862
32922
32838
32876
32680
32966
32967
32567
32935
32831
32895
32989
32887
32926
32685
33029
32962
32641
32854
32793
32822
33027
32709
32818
32797
32988
32923
32762
32975
32890
32823
32919
32997
32883
32951
32861
32837
32902
32903
32968
32640
32792
32794
32880
33074
32741
32651
33019
33022
32963
32906
32813
32961
32932
33169
32988
32750
32768
32764
32930
32967
32812
32704
33005
32973
33050
32944
32795
32784
32792
33081
33080
32705
32811
32998
32874
32951
32775
32785
32790
32789
33044
32884
32962
32939
32630
32892
32926
32746
32938
32661
32761
33032
32745
32749
32651
32896
33027
32872
32850
32697
32981
32913
32892
32864
32722
32697
32846
32906
32749
32795
32584
32896
33139
32894
32765
32779
32689
33107
32947
32829
32812
32725
33034
32890
32795
32713
32721
32953
32831
32741
32825
32808
33075
32807
32909
32822
32680
32921
32685
32907
32861
32933
32775
32948
32942
32741
32969
32882
32738
32917
32834
32886
33030
32959
33072
32834
32899
32969
32685
32891
32803
33016
33031
32848
32919
32801
33027
32882
32607
32999
32943
33019
32868
32683
32748
33057
32912
32720
32752
32646
33079
32904
32767
32754
32678
33036
32965
32777
32664
32776
33041
32946
32801
32841
32705
33016
32936
32677
32904
32864
32798
32873
32834
32848
32987
33007
32664
32771
32797
32957
33035
32806
32737
32867
33068
32919
32926
32765
32737
33026
32979
32870
32817
32982
33003
32854
32844
32789
32640
33060
32979
33060
32703
32778
32900
32768
32970
32813
32656
32930
32879
32894
32804
32765
33000
32868
33005
32946
32573
32801
32987
32926
33029
32603
32907
33139
32829
32900
32602
32797
33058
32692
32980
32628
32953
33001
32755
33010
32785
32686
32977
32825
32808
32841
32768
33048
32898
32918
32918
32598
32746
32817
33056
33026
32655
32733
33063
32956
32974
32673
32747
32929
32871
32997
32803
32811
32770
32827
32968
32836
32710
32927
32947
32982
32929
32858
32749
32713
32802
32971
32992
32840
32653
33021
32883
33001
32933
32757
32859
32932
32908
32886
32763
32870
32806
32899
32844
32641
32952
33014
32903
32906
32844
32934
32856
32878
32801
32865
32783
32853
32802
32774
32917
32744
32817
32794
32765
32977
32789
32881
32816
32944
32902
32998
32797
32887
32714
32711
32988
32940
32866
32650
33035
33081
32966
32749
32723
32755
33110
33024
32832
32922
32748
33054
33008
32757
32747
32918
32869
32836
32847
32802
33097
33014
32754
32784
32901
32952
32783
32949
32797
32839
32989
32774
32798
33015
32728
32899
32863
32775
33132
33000
32807
32699
32963
33044
32810
32642
32570
33024
33081
32988
32692
32628
32988
32929
32960
32784
32720
32911
32971
33006
32770
32623
32932
32796
32788
32832
32706
33095
33052
33044
32821
32765
32861
32688
32966
32829
32857
32954
32917
32880
32738
32807
32777
32772
32873
32792
32831
32947
32813
32843
33027
32836
32848
32684
32969
32786
32916
32815
32696
32881
33087
32734
32728
32619
32696
33130
32851
32886
32641
32914
33094
32873
32840
32778
32769
33009
32912
32940
32758
32687
32988
32836
32923
32672
32749
33006
32883
33088
32689
32854
32913
32821
32965
32962
32673
32745
32849
32868
32899
32833
32929
32717
32916
32951
32806
32914
32815
32939
33044
32955
32814
32783
32702
33094
32979
32790
32770
32775
32936
32888
32921
32776
33003
32876
32980
33030
32842
32881
32788
32964
32796
32787
32928
32883
32973
32962
32753
32816
32782
32805
33026
32798
33021
32749
32946
32862
32574
33036
32801
32826
33003
32701
32867
33001
32748
32999
32835
32803
32929
32800
32981
32691
32877
32825
32698
33128
32872
32952
32939
32715
32978
32851
32758
32768
32745
32907
32792
32896
33087
32835
32759
32885
32856
33067
32781
32697
32846
32910
33017
32827
32820
32769
32727
32948
32859
32973
32821
32773
32869
32780
32954
32995
32841
33008
32986
33068
32903
32697
32856
32939
32937
32933
32782
32862
32953
32996
32856
32736
32950
32787
33005
32848
32898
32919
32861
32819
32731
32920
32882
32868
33011
32822
32715
33033
33046
32914
32804
32839
32920
32865
32777
32838
32767
32778
32799
32769
32921
32994
33016
32892
32845
32900
32820
32994
32929
32981
32900
33092
32919
32802
32713
32868
32976
32936
32802
32724
32959
32977
32955
32769
32770
32758
32832
33083
32778
32694
32923
33032
33049
32723
32670
33020
32854
32927
32808
32604
32922
32865
33187
32757
32662
32857
32747
32936
32982
32713
32936
33002
33048
32868
32715
32828
32713
32987
32995
32817
32771
32945
32866
33151
32920
32659
32802
32758
33178
33001
32592
32776
32774
32988
32947
32606
32748
32962
33132
32907
32755
32849
32683
32992
32974
32731
32896
32851
32870
32911
32883
32765
32871
32759
32741
32860
32845
32931
32939
32875
32857
32829
32812
32772
32861
32789
32863
32893
32982
32792
32987
32761
32853
33045
32740
32777
32760
33137
32952
32727
32771
32881
33107
32979
32646
32937
32896
33150
33013
32846
32848
32816
33037
32966
32766
32719
32738
32919
32937
32887
32696
32761
33020
32948
32964
32856
32771
32932
32905
33018
33045
32753
32987
32791
32868
32802
32969
32837
32651
32868
32939
32972
32952
32738
32805
33037
33163
32847
32699
33003
32828
33048
32767
32783
32843
32766
33117
32842
32672
33015
32899
32979
32893
32854
32886
32809
32864
32794
32883
32811
32737
32960
32952
32936
32851
32678
32923
32862
32812
32852
32916
32819
32941
32892
32770
32964
33011
32728
32735
32934
32810
32866
32792
32771
32950
32851
32903
32615
32761
32876
32905
32918
32686
32762
33015
32897
33004
32770
32579
32877
32785
32759
32854
32748
32955
32894
32879
32820
32676
32757
32790
33048
32704
32726
32892
32915
32978
32886
32748
32821
33024
32943
32913
32756
32911
33016
32922
32719
32731
32895
32887
33083
32847
32696
32850
33036
32957
32830
32686
32831
32902
32836
32901
32688
32941
32797
32805
32844
32754
32839
32847
32933
32811
32790
32725
32901
32880
32916
32839
32855
32870
32809
33028
32843
32818
32834
32792
32845
32785
32894
32897
32856
32698
32847
32806
32948
33062
32854
32922
32851
32947
33023
32758
32744
32793
32973
32976
32706
32793
32957
32905
33054
32793
32683
32831
32867
32983
32889
32753
33002
32937
32930
32846
32853
32992
32784
32879
32743
33006
32992
32721
32935
32901
32702
32990
32645
32882
33050
32915
33040
32817
32771
32887
32895
32994
32697
33030
32868
33025
33031
32677
32790
32888
32721
33108
32823
32780
32931
32843
33093
32930
32788
32754
32852
33017
33080
33045
32939
32913
32977
32863
32924
32802
32768
32889
33019
33051
32881
32737
32996
33034
32896
32874
32925
32893
32954
32964
32894
33002
32659
32816
32941
32869
32969
32887
33016
32938
32781
32771
32882
32858
32972
32805
32892
32837
32893
32937
32527
32810
32816
32801
33049
32602
32847
32934
32996
32909
32659
32606
33038
32846
32780
32765
32757
33028
32937
32810
32773
32920
33024
32820
32866
32862
32850
33086
32844
32740
32983
32846
32933
32867
32697
33128
32885
32762
32857
32841
32953
32876
32907
32727
33023
33029
32922
32920
32813
32778
32906
32835
32825
32783
32934
32964
32972
32779
32749
32917
32888
32944
32968
32738
32979
32986
33091
32791
32828
33041
32808
32952
32829
32781
32946
33037
32771
32746
32959
32773
32903
32822
32797
33041
33024
32998
32831
32657
32997
32940
32864
32926
32737
32989
32729
32783
32991
32612
32926
32714
32835
33101
32784
32851
32778
33100
33042
32708
32940
32777
32901
33029
32623
32869
32779
32842
32989
32566
32892
32867
32902
32905
32770
32859
32891
32934
33090
32768
32709
32878
32771
32839
32791
32736
32851
33007
32783
32872
32871
32903
32954
32914
32940
32860
32968
33200
32805
32830
32737
32756
32949
32856
32820
32813
32946
32950
32865
32922
32855
32636
32903
32926
32826
32927
32699
33013
32953
32691
33010
32786
32949
33103
32947
32965
32922
32873
32937
32822
32827
32809
32840
32812
32808
32892
32864
33034
32803
32780
33081
32888
33060
32823
32761
33096
32683
32782
32769
32947
32996
32806
32877
32725
33029
32789
32695
32918
32950
32997
32981
32762
32903
32978
32738
32844
32970
32701
32939
32887
32867
33018
32801
32738
32798
32972
32995
32739
32814
32859
32941
33063
32805
32675
32807
32891
33031
32746
32716
32804
32856
33087
32804
32668
32951
32921
32980
32754
32747
33019
32803
32935
32735
32638
33122
32937
32903
32784
32656
32934
32763
33191
32772
32763
32872
32849
33029
32841
32737
32821
32978
33007
32885
32753
32910
32837
33111
32930
32880
32737
32749
32991
32983
32871
32778
32733
32858
32823
32899
32740
32619
32873
32729
32834
32901
32701
33091
32898
32889
32920
32693
32731
32792
32881
33021
32749
32749
32940
32705
32936
32818
32847
32957
32734
32984
32863
32857
33087
32744
32918
32872
32832
32986
32723
32949
32942
32762
32894
32788
32683
32913
32879
32971
32871
32891
32912
32600
32883
32966
32775
33030
32850
32790
33110
32955
32911
32724
32758
32978
32791
32821
32765
33031
32912
32817
32848
32811
32863
32999
32832
32959
32785
32820
32858
32634
32798
32792
32869
32852
32838
32946
32981
32715
32936
32681
32874
32811
32618
33031
32782
32974
32935
32723
32903
32820
32855
32940
32815
32899
33040
33057
32932
32732
33014
32802
32745
32887
32847
33017
32862
32844
32926
32776
32996
32941
32826
32730
32897
32970
32938
32921
32949
32903
32942
32785
32896
33039
32839
32939
32826
32896
32890
32781
33000
32830
32946
33028
32759
33131
32888
32934
33045
32871
32875
32754
32678
32860
32860
33108
32909
32797
32899
32783
33137
32966
32786
32837
32756
33036
33121
32962
32849
32805
32866
32936
32852
32885
32695
32815
32994
32939
32951
32851
32835
33031
32831
33060
33050
32894
32920
32853
33118
33006
32774
32771
32653
33021
32956
32810
32986
32754
32968
32819
32831
32920
32939
32947
32875
32973
32787
32861
32882
32736
32829
32674
32978
32892
32812
32809
32825
32908
32791
32832
32808
32645
32880
32979
32850
33019
32815
32800
32746
32874
33118
32760
32814
32746
32842
32999
32915
32843
32727
33100
33027
32798
32737
32748
32976
33040
33001
32788
32738
33063
33034
32786
32745
32810
32960
33056
32794
32768
32798
33120
32932
32842
32712
32803
33108
32797
32796
32890
32763
33194
32895
32858
32788
32865
33105
32915
32909
32771
32994
32945
32829
32937
32782
32853
32939
32754
32916
33057
32846
32855
32769
33027
32894
32943
32833
32755
32811
32936
32960
32838
32827
32676
32759
33029
32831
32825
32675
32869
33095
32865
32877
32715
32775
32946
32827
32813
32763
32798
32899
32785
32720
32825
32803
32940
32797
32827
