31424
31345
31278
31413
31343
31337
31329
31302
31300
31382
31353
31458
31256
31372
31286
31453
31399
31147
31328
31246
31492
31510
31249
31272
31297
31389
31442
31214
31278
31377
31484
31362
31267
31176
31379
31466
31315
31383
31342
31354
31350
31334
31381
31218
31372
31210
31377
31608
31176
31307
31157
31417
31684
31172
31297
31345
31434
31626
31213
31211
31223
31413
31542
31094
31330
31336
31474
31456
31257
31266
31314
31376
31551
31405
31373
31357
31286
31470
31360
31490
31348
31226
31369
31258
31608
31455
31081
31321
31433
31569
31321
31148
31467
31408
31619
31334
31167
31405
31180
31524
31287
31301
31291
31245
31576
31236
31190
31407
31382
31459
31235
31426
31465
31333
31259
31237
31344
31552
31390
31324
31450
31498
31383
31338
31428
31436
31473
31520
31332
31416
31529
31458
31420
31291
31386
31509
31364
31496
31455
31284
31531
31511
31430
31462
31502
31573
31426
31566
31458
31354
31525
31314
31512
31433
31222
31217
31306
31453
31448
31282
31492
31505
31500
31435
31274
31419
31346
31409
31219
31203
31220
31418
31315
31284
31316
31223
31406
31397
31339
31434
31328
31418
31430
31388
31399
31076
31334
31230
31372
31634
31298
31380
31251
31474
31479
31262
31223
31306
31422
31261
31264
31286
31212
31421
31268
31364
31462
31336
31566
31334
31347
31218
31452
31408
31231
31387
31272
31359
31427
31219
31309
31496
31481
31439
31410
31385
31512
31507
31327
31327
31247
31434
31495
31343
31479
31395
31442
31355
31394
31321
31295
31635
31318
31240
31399
31427
31449
31379
31284
31406
31346
31494
31380
31436
31396
31310
31454
31198
31265
31297
31425
31417
31326
31283
31415
31426
31376
31434
31400
31375
31392
31479
31421
31439
31388
31348
31353
31500
31278
31384
31347
31201
31621
31289
31488
31446
31364
31548
31272
31455
31328
31474
31466
31219
31516
31309
31448
31471
31340
31602
31424
31641
31395
31231
31666
31495
31494
31319
31308
31690
31470
31441
31282
31356
31464
31676
31397
31225
31492
31433
31631
31458
31246
31467
31490
31709
31310
31210
31500
31345
31588
31304
31331
31448
31135
31603
31361
31230
31545
31302
31534
31381
31276
31477
31432
31369
31292
31207
31356
31180
31394
31552
31427
31421
31206
31540
31279
31356
31432
31396
31536
31271
31395
31343
31166
31479
31235
31424
31385
31281
31490
31318
31344
31313
31289
31545
31235
31448
31502
31266
31522
31284
31370
31383
31127
31499
31329
31394
31207
31276
31463
31305
31371
31306
31285
31515
31382
31467
31383
31441
31435
31388
31459
31256
31437
31313
31266
31257
31458
31406
31235
31261
31389
31572
31565
31423
31409
31481
31464
31533
31251
31235
31504
31412
31351
31374
31265
31312
31462
31459
31335
31424
31471
31333
31418
31460
31266
31351
31389
31446
31367
31228
31510
31445
31339
31194
31340
31295
31312
31408
31274
31259
31456
31307
31467
31414
31421
31606
31351
31505
31329
31482
31474
31241
31300
31398
31540
31381
31170
31488
31383
31376
31481
31267
31371
31554
31391
31365
31435
31335
31446
31223
31327
31325
31478
31412
31247
31454
31415
31461
31349
31171
31599
31518
31343
31560
31326
31372
31503
31494
31419
31363
31514
31409
31473
31484
31358
31447
31361
31463
31537
31336
31315
31432
31417
31369
31390
31189
31331
31519
31525
31397
31127
31400
31416
31353
31370
31201
31474
31452
31441
31322
31269
31453
31431
31478
31415
31135
31540
31413
31509
31266
31354
31558
31305
31304
31321
31469
31601
31314
31485
31333
31269
31596
31271
31372
31294
31479
31406
31275
31335
31360
31553
31431
31239
31313
31404
31476
31424
31376
31442
31282
31502
31493
31306
31187
31423
31440
31290
31504
31442
31408
31309
31299
31345
31316
31572
31410
31358
31424
31348
31511
31337
31229
31329
31272
31587
31291
31331
31547
31282
31477
31225
31313
31492
31247
31423
31242
31306
31525
31380
31487
31250
31332
31604
31420
31270
31216
31438
31550
31563
31281
31129
31286
31606
31702
31406
31155
31313
31599
31650
31554
31138
31165
31554
31487
31404
31202
31185
31585
31427
31453
31231
31217
31562
31599
31685
31273
31289
31498
31422
31640
31421
31290
31295
31377
31668
31361
31248
31347
31494
31499
31493
31262
31386
31417
31351
31472
31165
31330
31386
31479
31666
31157
31392
31345
31524
31574
31097
31424
31368
31475
31659
31243
31443
31417
31571
31494
31191
31509
31455
31537
31483
31160
31353
31229
31634
31496
31244
31532
31353
31629
31501
31239
31468
31383
31613
31413
31234
31462
31279
31472
31208
31143
31440
31176
31567
31433
31263
31558
31311
31473
31331
31198
31439
31406
31413
31341
31316
31451
31363
31427
31366
31397
31515
31282
31587
31457
31468
31363
31304
31311
31442
31411
31344
31329
31599
31620
31504
31220
31176
31526
31596
31523
31122
31218
31266
31534
31360
31195
31207
31272
31573
31413
31166
31228
31407
31564
31491
31106
31390
31352
31444
31330
31255
31371
31243
31381
31362
31326
31479
31416
31429
31378
31369
31402
31372
31470
31469
31444
31226
31426
31349
31317
31461
31279
31468
31572
31364
31563
31446
31545
31497
31279
31455
31370
31484
31361
31400
31370
31293
31621
31461
31299
31460
31329
31351
31473
31363
31259
31428
31461
31469
31410
31191
31284
31495
31468
31511
31268
31240
31314
31560
31407
31165
31350
31260
31522
31375
31105
31423
31462
31518
31455
31150
31382
31435
31460
31286
31325
31480
31331
31577
31350
31313
31431
31265
31552
31538
31390
31309
31276
31495
31378
31375
31226
31379
31580
31544
31393
31382
31305
31475
31522
31197
31369
31392
31385
31671
31448
31289
31291
31468
31509
31320
31503
31560
31468
31434
31241
31453
31445
31389
31369
31272
31441
31371
31299
31232
31360
31335
31305
31399
31144
31331
31386
31292
31363
31226
31488
31407
31156
31269
31348
31431
31258
31203
31262
31237
31577
31353
31272
31271
31318
31490
31439
31400
31421
31459
31398
31513
31299
31389
31424
31273
31319
31438
31402
31292
31335
31392
31354
31423
31301
31257
31569
31357
31591
31481
31314
31408
31268
31383
31564
31301
31313
31330
31505
31425
31276
31466
31182
31511
31545
31209
31496
31387
31491
31421
31258
31361
31370
31424
31408
31352
31251
31353
31554
31418
31409
31394
31351
31414
31520
31303
31263
31371
31333
31457
31429
31164
31247
31286
31580
31389
31143
31417
31431
31406
31271
31225
31208
31457
31284
31384
31276
31295
31490
31228
31418
31272
31316
31543
31410
31389
31355
31417
31484
31243
31458
31459
31501
31480
31299
31476
31439
31503
31449
31292
31437
31466
31535
31467
31301
31322
31473
31410
31246
31373
31317
31442
31481
31399
31217
31368
31408
31325
31358
31202
31506
31366
31209
31371
31297
31397
31269
31193
31444
31364
31495
31391
31328
31485
31131
31664
31387
31101
31427
31286
31591
31505
31203
31288
31321
31391
31417
31181
31324
31323
31470
31417
31125
31218
31353
31352
31288
31188
31216
31465
31292
31420
31339
31241
31262
31272
31326
31280
31393
31408
31228
31307
31255
31501
31496
31174
31445
31318
31543
31456
31226
31436
31323
31394
31438
31362
31270
31368
31573
31397
31321
31402
31310
31607
31424
31295
31369
31287
31551
31625
31379
31223
31315
31510
31606
31398
31189
31240
31609
31544
31403
31259
31090
31624
31694
31337
31170
31141
31626
31663
31411
31128
31243
31618
31504
31172
31172
31277
31653
31503
31318
31226
31279
31718
31496
31380
31244
31275
31658
31429
31246
31387
31327
31648
31390
31223
31377
31376
31706
31539
31364
31346
31360
31509
31515
31316
31282
31430
31523
31491
31460
31323
31336
31622
31690
31285
31227
31535
31512
31657
31430
31188
31492
31348
31588
31442
31271
31598
31480
31643
31536
31393
31390
31390
31595
31371
31226
31602
31352
31423
31436
31305
31445
31352
31479
31540
31501
31393
31401
31443
31357
31312
31176
31357
31336
31373
31434
31251
31332
31192
31397
31449
31197
31490
31457
31550
31378
31061
31382
31337
31380
31405
31275
31341
31318
31321
31220
31426
31464
31442
31299
31354
31434
31447
31475
31191
31421
31404
31542
31306
31167
31334
31498
31356
31374
31219
31486
31528
31323
31413
31315
31451
31384
31374
31250
31319
31338
31259
31410
31307
31285
31327
31511
31383
31255
31457
31417
31310
31505
31385
31436
31352
31200
31514
31244
31373
31296
31338
31439
31188
31466
31347
31486
31306
31202
31548
31404
31433
31349
31292
31387
31277
31546
31341
31232
31375
31395
31608
31392
31337
31542
31554
31599
31338
31343
31564
31440
31478
31266
31415
31363
31333
31484
31372
31467
31552
31576
31568
31457
31463
31518
31548
31463
31358
31407
31422
31369
31326
31371
31327
31333
31622
31554
31561
31457
31495
31449
31601
31539
31376
31463
31328
31413
31351
31250
31369
31360
31525
31710
31490
31501
31256
31523
31410
31522
31448
31162
31416
31466
31477
31317
31075
31404
31540
31497
31256
31316
31443
31446
31532
31283
31432
31473
31355
31400
31357
31454
31375
31383
31450
31311
31461
31341
31407
31273
31477
31561
31329
31284
31176
31544
31426
31438
31242
31148
31613
31528
31395
31281
31275
31523
31424
31360
31334
31175
31534
31410
31332
31467
31235
31429
31235
31390
31418
31330
31466
31192
31311
31448
31233
31434
31158
31313
31449
31291
31465
31176
31205
31415
31260
31459
31355
31456
31515
31215
31546
31353
31348
31372
31179
31473
31445
31478
31356
31259
31365
31620
31497
31488
31336
31431
31518
31607
31560
31366
31389
31371
31507
31444
31525
31379
31427
31525
31499
31470
31368
31444
31346
31430
31375
31271
31478
31480
31506
31370
31262
31335
31321
31403
31393
31429
31501
31488
31504
31323
31382
31332
31360
31409
31377
31431
31336
31411
31320
31401
31421
31212
31333
31537
31574
31515
31209
31480
31450
31443
31312
31328
31349
31352
31546
31399
31241
31309
31550
31562
31465
31382
31297
31503
31499
31252
31426
31390
31514
31386
31221
31563
31285
31344
31440
31270
31442
31226
31299
31627
31332
31383
31326
31295
31480
31318
31435
31407
31489
31420
31364
31302
31340
31367
31460
31432
31418
31348
31386
31565
31449
31334
31341
31363
31526
31466
31270
31351
31432
31430
31392
31296
31335
31387
31391
31295
31261
31201
31368
31443
31390
31280
31172
31357
31425
31226
31345
31338
31393
31355
31217
31398
31306
31366
31487
31272
31541
31270
31376
31604
31336
31505
31335
31591
31576
31253
31472
31374
31384
31535
31361
31396
31454
31443
31457
31397
31377
31413
31441
31379
31424
31255
31451
31317
31335
31399
31167
31315
31292
31344
31529
31342
31455
31390
31362
31459
31321
31465
31285
31353
31374
31219
31458
31308
31266
31390
31272
31392
31310
31279
31335
31436
31531
31269
31366
31376
31254
31399
31217
31185
31248
31254
31345
31366
31204
31108
31301
31327
31356
31217
31271
31414
31364
31157
31392
31284
31312
31447
31174
31481
31344
31389
31485
31269
31542
31383
31445
31367
31204
31623
31495
31437
31278
31322
31667
31297
31255
31334
31171
31475
31420
31349
31342
31317
31379
31378
31260
31425
31338
31315
31405
31365
31355
31529
31350
31200
31339
31576
31312
31247
31314
31391
31590
31469
31279
31136
31332
31273
31456
31214
31148
31376
31376
31558
31343
31194
31319
31370
31583
31300
31365
31439
31326
31692
31220
31362
31474
31260
31481
31335
31411
31372
31295
31446
31321
31401
31481
31200
31466
31259
31348
31393
31263
31409
31251
31320
31252
31342
31409
31350
31446
31166
31530
31442
31355
31348
31225
31476
31531
31444
31465
31257
31413
31498
31400
31394
31361
31452
31521
31576
31347
31361
31370
31510
31460
31368
31448
31273
31479
31489
31375
31323
31236
31479
31521
31462
31507
31329
31514
31596
31411
31488
31387
31454
31512
31402
31595
31191
31462
31436
31366
31584
31328
31531
31313
31232
31589
31504
31611
31272
31295
31455
31375
31434
31248
31122
31452
31417
31461
31395
31241
31401
31368
31397
31376
31365
31475
31344
31295
31510
31274
31264
31406
31351
31508
31369
31525
31433
31405
31344
31627
31453
31445
31438
31312
31474
31372
31497
31440
31388
31273
31438
31549
31518
31422
31323
31411
31340
31553
31302
31228
31411
31379
31415
31366
31270
31397
31576
31525
31437
31301
31410
31517
31457
31374
31268
31272
31353
31502
31232
31172
31495
31495
31368
31258
31472
31411
31356
31396
31168
31207
31517
31353
31335
31302
31307
31309
31382
31365
31313
31504
31426
31317
31210
31373
31478
31466
31420
31226
31493
31415
31351
31577
31139
31455
31373
31426
31524
31185
31375
31312
31485
31448
31158
31370
31312
31545
31386
31108
31480
31253
31498
31348
31195
31436
31307
31519
31291
31281
31398
31372
31506
31294
31254
31354
31448
31574
31399
31144
31436
31482
31439
31443
31198
31345
31459
31494
31389
31292
31229
31454
31510
31438
31324
31386
31346
31422
31505
31194
31235
31319
31438
31416
31153
31329
31261
31510
31412
31166
31425
31264
31484
31577
31430
31522
31325
31379
31593
31296
31409
31166
31563
31465
31257
31442
31269
31507
31563
31306
31406
31232
31300
31545
31288
31312
31145
31305
31517
31150
31100
31345
31461
31519
31128
31162
31339
31499
31597
31208
31102
31256
31296
31628
31321
31061
31350
31280
31567
31351
31299
31483
31394
31486
31284
31280
31471
31333
31487
31292
31293
31478
31342
31390
31300
31328
31384
31455
31308
31301
31282
31348
31457
31375
31223
31212
31442
31578
31434
31159
31245
31432
31551
31476
31202
31172
31456
31533
31584
31324
31231
31637
31407
31524
31286
31250
31503
31491
31341
31242
31426
31577
31550
31392
31249
31508
31438
31574
31401
31258
31627
31412
31523
31264
31178
31489
31467
31714
31326
31236
31462
31556
31609
31331
31317
31518
31401
31471
31397
31411
31503
31535
31487
31309
31511
31456
31541
31487
31463
31654
31317
31494
31474
31347
31603
31417
31464
31453
31464
31458
31319
31420
31524
31492
31528
31537
31335
31501
31593
31428
31272
31373
31551
31618
31383
31277
31514
31430
31462
31425
31479
31516
31298
31689
31483
31523
31517
31193
31751
31414
31499
31518
31222
31535
31524
31464
31429
31188
31506
31603
31659
31547
31121
31437
31530
31424
31528
31238
31393
31450
31409
31513
31331
31262
31387
31356
31535
31266
31333
31322
31429
31576
31459
31372
31196
31418
31393
31526
31204
31231
31542
31306
31559
31311
31209
31460
31248
31495
31374
31300
31577
31420
31592
31205
31417
31595
31240
31466
31262
31341
31442
31325
31364
31487
31345
31398
31351
31323
31449
31395
31304
31422
31353
31522
31521
31421
31313
31160
31713
31305
31250
31452
31247
31647
31421
31287
31341
31317
31414
31422
31345
31435
31315
31503
31479
31361
31377
31310
31438
31251
31270
31277
31394
31305
31226
31400
31429
31426
31241
31329
31323
31448
31349
31268
31420
31558
31459
31183
31162
31346
31576
31418
31423
31185
31266
31654
31390
31249
31157
31399
31460
31336
31405
31353
31505
31358
31373
31440
31367
31392
31363
31294
31559
31376
31277
31435
31258
31446
31307
31366
31261
31354
31575
31400
31276
31318
31462
31578
31386
31137
31264
31266
31529
31377
31232
31197
31287
31463
31477
31322
31221
31416
31626
31637
31431
31396
31427
31626
31540
31430
31339
31396
31626
31476
31521
31310
31492
31476
31595
31557
31348
31522
31546
31431
31565
31260
31390
31490
31373
31501
31208
31584
31421
31433
31513
31111
31509
31397
31524
31531
31053
31536
31391
31386
31631
31221
31446
31435
31392
31498
31258
31556
31545
31376
31416
31275
31382
31498
31384
31308
31425
31495
31418
31381
31494
31511
31404
31424
31302
31256
31223
31378
31385
31255
31287
31508
31255
31288
31378
31297
31350
31260
31275
31266
31283
31248
31298
31170
31301
31219
31250
31315
31115
31278
31228
31242
31262
31217
31386
31153
31322
31247
31129
31341
31370
31382
31259
31257
31404
31340
31338
31250
31385
31344
31324
31237
31395
31459
31216
31289
31413
31324
31449
31371
31480
31339
31403
31501
31512
31463
31230
31531
31465
31453
31405
31150
31585
31520
31428
31323
31345
31518
31510
31475
31351
31382
31408
31546
31456
31332
31384
31440
31456
31356
31281
31277
31463
31434
31176
31269
31379
31307
31387
31297
31287
31263
31285
31274
31203
31262
31121
31373
31334
31152
31331
31216
31371
31220
31284
31377
31233
31410
31305
31269
31295
31290
31373
31335
31219
31265
31358
31432
31429
31253
31337
31367
31225
31472
31403
31302
31399
31234
31437
31242
31267
31253
31277
31395
31389
31357
31269
31333
31415
31443
31503
31190
31274
31502
31496
31394
31267
31332
31320
31362
31445
31202
31438
31334
31454
31580
31192
31479
31460
31344
31461
31402
31426
31277
31392
31380
31288
31507
31219
31256
31426
31240
31389
31376
31389
31355
31320
31332
31144
31366
31234
31304
31234
31459
31443
31245
31181
31220
31414
31435
31269
31203
31259
31452
31523
31258
31251
31150
31498
31459
31294
31204
31295
31622
31624
31422
31301
31312
31534
31502
31401
31298
31324
31325
31514
31571
31178
31448
31426
31447
31560
31375
31430
31314
31484
31372
31297
31316
31304
31349
31435
31383
31392
31281
31506
31487
31359
31313
31310
31436
31393
31358
31232
31258
31437
31421
31374
31415
31266
31353
31428
31463
31313
31107
31282
31381
31292
31362
31251
31375
31519
31395
31408
31213
31256
31407
31361
31199
31292
31196
31465
31298
31204
31449
31280
31436
31260
31236
31435
31270
31369
31241
31326
31393
31195
31356
31292
31302
31409
31225
31432
31279
31357
31391
31289
31354
31395
31300
31536
31375
31391
31467
31232
31554
31439
31345
31607
31301
31505
31404
31441
31585
31402
31537
31478
31410
31482
31359
31407
31368
31232
31462
31387
31250
31357
31291
31369
31481
31145
31398
31381
31200
31519
31234
31233
31188
31142
31550
31285
31263
31314
31237
31625
31202
31296
31385
31229
31515
31335
31397
31234
31328
31475
31340
31239
31279
31375
31423
31369
31308
31360
31548
31329
31445
31290
31190
31427
31335
31499
31302
31349
31363
31330
31207
31447
31354
31301
31369
31373
31412
31532
31296
31253
31310
31342
31406
31261
31437
31372
31345
31435
31331
31378
31308
31150
31273
31342
31390
31386
31321
31396
31536
31363
31283
31384
31347
31570
31524
31429
31324
31324
31567
31386
31309
31229
31310
31458
31433
31462
31470
31419
31498
31457
31288
31394
31295
31295
31488
31282
31496
31404
31206
31425
31262
31428
31324
31291
31492
31396
31608
31378
31232
31395
31358
31647
31347
31196
31394
31410
31522
31571
31294
31186
31371
31421
31437
31402
31271
31567
31556
31494
31442
31291
31465
31659
31542
31280
31312
31570
31526
31341
31382
31274
31520
31565
31345
31450
31324
31633
31616
31255
31327
31362
31552
31449
31445
31357
31287
31540
31496
31434
31456
31263
31538
31487
31413
31290
31434
31428
31414
31439
31261
31487
31396
31371
31433
31292
31347
31483
31331
31427
31255
31401
31563
31316
31193
31374
31412
31340
31322
31167
31326
31396
31316
31337
31226
31418
31499
31539
31320
31175
31697
31476
31350
31345
31371
31549
31348
31281
31461
31302
31337
31539
31321
31297
31457
31402
31342
31449
31257
31485
31280
31284
31225
31396
31580
31181
31250
31247
31407
31539
31282
31449
31284
31175
31673
31224
31329
31176
31373
31457
31215
31229
31293
31409
31413
31274
31209
31323
31253
31344
31408
31401
31293
31331
31365
31368
31269
31315
31309
31258
31352
31190
31335
31244
31310
31511
31380
31469
31181
31464
31489
31310
31373
31217
31472
31498
31309
31392
31191
31348
31572
31324
31420
31286
31587
31609
31393
31445
31310
31450
31472
31302
31378
31321
31290
31488
31265
31433
31476
31231
31569
31323
31312
31496
31421
31509
31409
31418
31343
31309
31547
31347
31498
31368
31340
31552
31242
31477
31396
31328
31613
31306
31569
31366
31305
31550
31337
31570
31274
31450
31605
31283
31588
31371
31419
31647
31169
31584
31304
31381
31439
31073
31468
31355
31450
31529
31153
31281
31443
31489
31348
31176
31462
31623
31399
31316
31252
31239
31558
31336
31228
31262
31423
31601
31269
31429
31397
31391
31461
31165
31390
31424
31291
31444
31212
31473
31533
31246
31463
31236
31395
31475
31425
31438
31201
31611
31521
31287
31444
31138
31420
31544
31265
31437
31221
31390
31562
31319
31395
31389
31367
31422
31489
31295
31241
31437
31282
31398
31183
31363
31485
31385
31395
31226
31443
31397
31377
31515
31322
31502
31384
31312
31453
31343
31439
31412
31286
31245
31535
31415
31342
31430
31298
31461
31409
31343
31504
31478
31323
31370
31340
31277
31411
31340
31433
31407
31336
31434
31298
31189
31227
31464
31578
31294
31333
31356
31357
31459
31206
31085
31262
31190
31344
31418
31289
31345
31263
31319
31443
31218
31202
31407
31391
31427
31319
31323
31290
31248
31362
31393
31388
31388
31393
31599
31516
31434
31440
31252
31619
31493
31340
31373
31315
31452
31421
31353
31366
31535
31531
31552
31370
31498
31479
31432
31555
31490
31456
31277
31317
31564
31449
31474
31444
31260
31482
31531
31447
31358
31117
31421
31360
31382
31411
31272
31529
31435
31254
31351
31407
31585
31472
31358
31390
31426
31441
31417
31303
31370
31501
31647
31237
31495
31355
31499
31567
31307
31463
31276
31439
31621
31332
31306
31472
31463
31547
31135
31426
31489
31434
31574
31248
31390
31473
31414
31604
31217
31194
31316
31476
31437
31226
31311
31382
31483
31455
31327
31333
31403
31634
31467
31286
31464
31341
31471
31504
31363
31364
31352
31410
31457
31328
31470
31423
31484
31511
31313
31335
31411
31503
31533
31251
31398
31399
31353
31515
31258
31277
31358
31451
31633
31242
31081
31594
31516
31333
31174
31201
31549
31556
31454
31226
31262
31484
31470
31417
31259
31261
31506
31595
31541
31485
31210
31417
31613
31299
31365
31294
31451
31521
31469
31403
31376
31472
31458
31306
31505
31296
31300
31525
31429
31407
31343
31325
31566
31375
31392
31474
31406
31483
31413
31330
31459
31328
31293
31466
31453
31390
31163
31458
31440
31384
31445
31167
31434
31518
31465
31343
31341
31295
31548
31348
31551
31399
31346
31405
31451
31401
31481
31408
31437
31487
31368
31601
31473
31511
31513
31490
31461
31437
31462
31412
31423
31388
31482
31505
31473
31252
31424
31584
31706
31568
31281
31480
31614
31610
31395
31365
31341
31478
31568
31238
31310
31459
31570
31580
31358
31343
31533
31425
31351
31303
31439
31434
31441
31356
31190
31420
31422
31349
31389
31243
31347
31472
31303
31328
31286
31238
31298
31269
31354
31403
31262
31336
31316
31412
31355
31369
31518
31274
31582
31443
31300
31490
31325
31474
31368
31298
31532
31463
31395
31399
31266
31476
31467
31442
31333
31386
31430
31405
31483
31459
31279
31361
31353
31407
31405
31238
31384
31401
31353
31453
31249
31272
31483
31578
31464
31241
31429
31276
31514
31424
31227
31465
31238
31465
31383
31364
31578
31430
31412
31453
31423
31429
31361
31407
31372
31535
31594
31216
31298
31349
31675
31543
31313
31254
31533
31611
31558
31256
31162
31566
31713
31531
31209
31235
31600
31644
31589
31283
31081
31573
31494
31563
31325
31187
31667
31352
31463
31275
31271
31411
31410
31656
31275
31269
31447
31353
31481
31419
31395
31428
31235
31436
31504
31439
31293
31282
31316
31375
31190
31357
31367
31373
31565
31336
31373
31223
31373
31577
31453
31428
31321
31339
31473
31325
31334
31130
31432
31468
31267
31502
31277
31561
31463
31345
31490
31353
31435
31450
31295
31614
31470
31399
31254
31306
31511
31263
31588
31388
31251
31439
31258
31525
31486
31283
31563
31422
31374
31499
31349
31405
31380
31354
31444
31381
31270
31316
31379
31360
31430
31304
31326
31347
31360
31409
31401
31354
31323
31398
31435
31347
31425
31392
31321
31393
31293
31472
31237
31167
31475
31402
31515
31342
31083
31451
31463
31362
31320
31157
31428
31426
31499
31340
31094
31401
31334
31473
31338
31250
31500
31467
31532
31341
31268
31446
31329
31330
31393
31206
31270
31188
31506
31367
31375
31359
31252
31383
31411
31442
31239
31388
31443
31424
31334
31293
31320
31406
31364
31267
31378
31418
31594
31305
31361
31322
31561
31476
31334
31356
31399
31617
31517
31308
31263
31483
31466
31252
31170
31409
31436
31402
31307
31351
31302
31402
31379
31204
31236
31488
31481
31299
31165
31390
31400
31420
31251
31220
31536
31437
31478
31125
31353
31420
31292
31456
31204
31318
31431
31361
31419
31359
31396
31478
31321
31361
31475
31432
31340
31144
31353
31413
31295
31351
31340
31466
31254
31316
31490
31276
31314
31204
31351
31304
31215
31414
31376
31390
31325
31261
31436
31363
31553
31394
31249
31374
31413
31662
31496
31156
31262
31391
31602
31252
31328
31432
31623
31562
31256
31315
31332
31402
31588
31430
31510
31438
31398
31499
31436
31442
31320
31254
31512
31385
31443
31507
31301
31542
31445
31343
31522
31262
31516
31430
31356
31409
31259
31397
31428
31458
31513
31274
31430
31345
31500
31555
31368
31383
31365
31579
31383
31192
31133
31349
31557
31464
31272
31207
31462
31505
31360
31196
31214
31382
31546
31329
31297
31141
31470
31347
31176
31311
31262
31589
31420
31277
31430
31253
31529
31268
31177
31359
31272
31346
31316
31143
31458
31442
31257
31267
31121
31358
31482
31315
31190
31133
31432
31471
31220
31302
31183
31372
31395
31188
31294
31147
31486
31321
31135
31359
31144
31378
31216
31115
31298
31180
31440
31238
31214
31477
31163
31400
31171
31257
31431
31182
31583
31302
31338
31280
31192
31401
31407
31478
31415
31300
31427
31441
31384
31282
31259
31326
31329
31560
31399
31327
31154
31492
31411
31377
31276
31238
31378
31480
31442
31375
31375
31239
31372
31294
31515
31276
31165
31446
31396
31428
31346
31257
31295
31373
31565
31445
31342
31477
31500
31645
31414
31402
31387
31389
31453
31238
31316
31224
31504
31548
31349
31473
31393
31454
31392
31260
31317
31224
31504
31255
31192
31290
31240
31429
31315
31200
31263
31410
31362
31244
31211
31263
31302
31351
31301
31178
31263
31369
31594
31375
31388
31439
31317
31576
31439
31305
31440
31278
31423
31281
31359
31433
31393
31547
31264
31396
31456
31441
31558
31288
31494
31524
31386
31511
31234
31439
31511
31493
31290
31164
31558
31351
31390
31418
31270
31566
31303
31301
31405
31188
31600
31313
31110
31281
31204
31546
31304
31181
31376
31401
31690
31281
31108
31611
31469
31517
31272
31217
31509
31431
31443
31182
31392
31512
31386
31466
31230
31309
31511
31548
31525
31257
31269
31501
31436
31367
31246
31541
31564
31353
31334
31186
31516
31420
31329
31454
31238
31307
31430
31390
31313
31403
31417
31434
31149
31352
31510
31614
31345
31236
31352
31527
31449
31231
31342
31428
31444
31410
31506
31431
31287
31390
31553
31315
31424
31366
31424
31400
31430
31424
31218
31405
31297
31481
31391
31181
31169
31362
31620
31383
31245
31359
31402
31432
31194
31247
31324
31280
31529
31291
31235
31254
31363
31367
31458
31262
31348
31325
31546
31476
31248
31408
31385
31523
31486
31318
31225
31302
31461
31541
31278
31413
31260
31360
31412
31249
31145
31309
31361
31393
31275
31376
31555
31326
31499
31208
31390
31436
31200
31485
31369
31353
31420
31221
31415
31392
31381
31458
31247
31603
31418
31414
31330
31202
31348
31308
31297
31321
31265
31519
31319
31190
31371
31217
31437
31389
31271
31243
31310
31300
31310
31298
31295
31266
31205
31269
31520
31441
31297
31247
31200
31360
31460
31444
31382
31277
31393
31400
31334
31294
31092
31531
31364
31309
31351
31239
31383
31389
31370
31354
31278
31409
31455
31562
31493
31158
31542
31330
31363
31331
31281
31519
31376
31428
31447
31341
31320
31514
31434
31424
31350
31508
31458
31441
31389
31355
31290
31210
31268
31238
31301
31378
31343
31423
31334
31227
31310
31357
31395
31476
31348
31233
31405
31464
31318
31322
31268
31448
31511
31338
31386
31429
31469
31470
31548
31470
31381
31490
31495
31508
31620
31376
31549
31508
31302
31586
31497
31387
31371
31446
31593
31446
31416
31440
31498
31617
31366
31324
31402
31338
31631
31349
31349
31348
31349
31650
31450
31216
31161
31442
31490
31320
31344
31231
31517
31618
31373
31287
31363
31467
31585
31531
31115
31386
31491
31435
31412
31250
31471
31561
31327
31292
31293
31558
31523
31393
31312
31161
31624
31419
31347
31213
31231
31605
31240
31191
31183
31251
31670
31324
31190
31113
31256
31607
31279
31112
31246
31260
31471
31347
31183
31219
31216
31351
31353
31151
31390
31310
31390
31543
31112
31294
31406
31275
31518
31269
31340
31331
31176
31525
31219
31259
31438
31195
31563
31278
31432
31593
31218
31477
31367
31274
31560
31194
31442
31554
31290
31484
31322
31361
31307
31399
31471
31303
31214
31559
31444
31439
31395
31325
31453
31282
31235
31276
31295
31410
31397
31235
31364
31261
31355
31412
31268
31268
31270
31486
31406
31215
31199
31395
31478
31368
31232
31223
31417
31402
31583
31290
31257
31397
31610
31469
31311
31327
31272
31547
31423
31319
31369
31373
31380
31319
31336
31425
31232
31286
31419
31407
31335
31190
31333
31367
31416
31354
31338
31375
31525
31527
31429
31306
31240
31662
31392
31376
31302
31324
31517
31389
31309
31362
31310
31576
31303
31393
31456
31300
31558
31354
31334
31370
31228
31367
31415
31287
31404
31227
31516
31384
31312
31367
31303
31565
31327
31289
31510
31313
31415
31323
31340
31547
31231
31265
31314
31402
31397
31231
31359
31336
31250
31542
31293
31233
31368
31480
31483
31275
31244
31428
31426
31449
31267
31356
31552
31457
31343
31317
31479
31560
31262
31176
31466
31326
31455
31348
31151
31388
31394
31393
31393
31346
31603
31333
31584
31514
31213
31515
31398
31551
31371
31233
31520
31406
31466
31528
31281
31393
31286
31576
31480
31254
31413
31234
31531
31402
31328
31434
31342
31396
31325
31290
31284
31320
31507
31414
31462
31319
31422
31479
31324
31358
31440
31536
31443
31328
31345
31545
31401
31296
31377
31379
31438
31483
31403
31499
31448
31629
31439
31228
31474
31407
31508
31416
31422
31334
31467
31557
31389
31411
31374
31569
31544
31529
31535
31365
31389
31524
31410
31487
31440
31352
31418
31327
31551
31298
31246
31502
31464
31492
31403
31309
31502
31373
31412
31427
31262
31332
31166
31401
31411
31252
31241
31333
31359
31393
31165
31350
31299
31422
31549
31231
31294
31229
31483
31323
31125
31282
31382
31599
31443
31117
31430
31351
31503
31231
31293
31512
31234
31358
31310
31333
31551
31289
31264
31243
31307
31456
31346
31426
31219
31345
31372
31246
31289
31329
31515
31437
31172
31364
31466
31476
31253
31261
31298
31391
31428
31233
31370
31319
31528
31453
31321
31296
31323
31681
31436
31497
31392
31260
31566
31270
31516
31463
31224
31432
31375
31472
31342
31431
31509
31416
31623
31301
31249
31526
31351
31404
31206
31232
31224
31535
31368
31174
31337
31330
31429
31197
31283
31359
31422
31466
31162
31267
31225
31235
31472
31190
31305
31329
31145
31431
31176
31246
31212
31174
31425
31292
31299
31199
31138
31487
31341
31321
31366
31230
31438
31396
31288
31159
31341
31431
31392
31283
31305
31309
31268
31388
31282
31266
31397
31272
31532
31428
31292
31331
31176
31430
31433
31280
31331
31315
31359
31483
31238
31150
31447
31420
31457
31283
31258
31435
31343
31453
31400
31424
31608
31264
31447
31426
31408
31386
31265
31345
31310
31524
31356
31287
31219
31209
31458
31525
31367
31379
31413
31514
31354
31307
31270
31265
31431
31476
31472
31330
31447
31468
31493
31331
31464
31458
31361
31608
31346
31351
31523
31244
31389
31373
31239
31647
31391
31532
31385
31273
31507
31469
31476
31295
31330
31392
31470
31437
31365
31283
31385
31515
31334
31297
31212
31323
31548
31348
31176
31370
31240
31459
31420
31187
31419
31205
31434
31441
31146
31399
31294
31510
31581
31199
31268
31341
31433
31518
31294
31181
31391
31368
31372
31317
31368
31442
31418
31461
31236
31393
31601
31507
31426
31380
31231
31444
31451
31414
31337
31253
31483
31432
31303
31245
31321
31388
31254
31330
31243
31298
31296
31576
31478
31222
31110
31305
31389
31627
31380
31151
31473
31248
31554
31342
31175
31388
31390
31552
31269
31213
31408
31310
31492
31330
31314
31570
31316
31341
31413
31349
31550
31388
31299
31321
31301
31463
31350
31337
31217
31334
31384
31295
31443
31289
31390
31465
31507
31533
31277
31383
31331
31441
31621
31284
31207
31357
31439
31584
31316
31309
31370
31433
31506
31315
31273
31358
31558
31428
31436
31129
31536
31463
31357
31348
31356
31734
31538
31276
31342
31353
31487
31466
31169
31339
31372
31402
31381
31270
31270
31358
31365
31583
31296
31356
31394
31433
31613
31275
31144
31440
31325
31510
31234
31177
31476
31162
31340
31334
31359
31440
31243
31311
31324
31390
31388
31242
31232
31357
31360
31497
31321
31124
31327
31473
31564
31386
31240
31381
31432
31540
31296
31235
31378
31406
31434
31306
31362
31456
31440
31617
31447
31296
31279
31599
31546
31357
31405
31272
31506
31573
31305
31317
31479
31645
31461
31351
31272
31416
31508
31281
31250
31223
31396
31295
31195
31366
31371
31457
31255
31331
31485
31413
31390
31249
31279
31362
31347
31373
31240
31252
31330
31299
31395
31298
31206
31334
31322
31319
31357
31304
31247
31234
31462
31428
31249
31098
31223
31249
31503
31315
31170
31287
31280
31486
31226
31291
31243
31383
31612
31300
31349
31348
31310
31678
31435
31418
31374
31217
31570
31311
31417
31282
31333
31466
31289
31559
31317
31451
31463
31388
31462
31329
31409
31391
31272
31277
31322
31349
31439
31191
31427
31377
31338
31452
31378
31370
31510
31379
31394
31353
31322
31395
31390
31479
31307
31386
31404
31232
31343
31465
31414
31273
31255
31566
31485
31356
31439
31441
31477
31486
31405
31449
31438
31495
31340
31247
31339
31309
31420
31253
31311
31318
31359
31546
31456
31433
31324
31303
31527
31463
31288
31230
31363
31386
31407
31320
31200
31290
31401
31368
31472
31288
31226
31598
31505
31293
31142
31192
31553
31539
31357
31181
31338
31355
31358
31327
31388
31383
31519
31421
31391
31341
31333
31382
31499
31266
31289
31299
31488
31524
31149
31384
31542
31348
31341
31412
31487
31430
31437
31452
31220
31472
31423
31458
31448
31202
31529
31364
31462
31393
31220
31568
31362
31452
31396
31373
31586
31391
31611
31558
31261
31550
31378
31452
31395
31306
31391
31441
31430
31327
31410
31191
31282
31561
31303
31478
31314
31435
31421
31349
31307
31244
31463
31426
31239
31451
31287
31386
31308
31195
31476
31243
31291
31246
31244
31469
31299
31248
31277
31376
31526
31398
31326
31189
31250
31523
31316
31235
31160
31304
31632
31379
31207
31259
31242
31540
31413
31298
31459
31426
31545
31296
31229
31355
31413
31399
31381
31285
31479
31566
31368
31404
31300
31459
31505
31273
31345
31289
31623
31469
31169
31408
31143
31593
31433
31176
31587
31383
31496
31337
31171
31377
31485
31438
31227
31267
31230
31363
31437
31247
31303
31463
31500
31446
31261
31340
31243
31522
31344
31292
31358
31329
31387
31315
31256
31228
31426
31515
31421
31312
31304
31398
31505
31171
31299
31309
31285
31512
31211
31400
31291
31323
31418
31436
31449
31371
31364
31397
31413
31536
31269
31226
31380
31466
31650
31437
31309
31276
31498
31663
31563
31445
31225
31591
31414
31590
31442
31088
31600
31475
31397
31279
31267
31411
31582
31527
31325
31327
31375
31560
31536
31416
31446
31192
31455
31515
31294
31372
31173
31674
31350
31297
31415
31295
31548
31427
31332
31338
31340
31460
31410
31323
31447
31309
31285
31297
31299
31307
31453
31386
31284
31326
31372
31502
31296
31349
31362
31440
31477
31343
31560
31400
31372
31322
31380
31530
31446
31340
31536
31402
31479
31373
31292
31441
31329
31452
31517
31353
31356
31469
31420
31510
31304
31375
31364
31396
31391
31293
31401
31184
31381
31545
31404
31244
31220
31357
31493
31269
31337
31327
31266
31371
31409
31358
31286
31387
31362
31324
31283
31317
31325
31397
31327
31326
31385
31233
31388
31467
31380
31519
31241
31518
31380
31226
31431
31301
31487
31417
31214
31353
31267
31400
31555
31397
31460
31319
31561
31411
31405
31469
31297
31508
31419
31302
31281
31353
31364
31321
31321
31408
31401
31361
31389
31256
31221
31355
31524
31269
31269
31401
31379
31413
31318
31257
31470
31460
31552
31507
31346
31394
31409
31632
31497
31417
31665
31429
31541
31372
31472
31515
31313
31624
31511
31453
31429
31345
31402
31544
31354
31341
31463
31410
31442
31449
31230
31453
31314
31346
31484
31245
31375
31486
31474
31293
31295
31563
31415
31486
31288
31235
31503
31483
31270
31288
31305
31369
31560
31334
31287
31345
31194
31587
31339
31180
31482
31302
31443
31342
31172
31322
31255
31434
31277
31298
31301
31229
31287
31254
31239
31298
31367
31319
31333
31314
31306
31384
31312
31286
31248
31181
31378
31203
31240
31443
31238
31342
31250
31374
31470
31331
31405
31319
31384
31424
31239
31451
31286
31119
31475
31260
31438
31377
31274
31369
31161
31269
31155
31361
31274
31367
31423
31328
31337
31203
31397
31327
31309
31317
31227
31390
31280
31344
31559
31268
31373
31212
31449
31555
31261
31419
31290
31569
31500
31273
31326
31252
31430
31333
31373
31398
31282
31547
31261
31370
31251
31156
31345
31382
31441
31202
31298
31270
31274
31423
31173
31336
31160
31248
31490
31242
31361
31170
31334
31333
31343
31337
31247
31263
31498
31375
31326
31274
31269
31504
31418
31352
31274
31298
31500
31341
31176
31249
31269
31411
31270
31233
31165
31337
31215
31239
31203
31193
31431
31281
31283
31189
31182
31245
31185
31281
31150
31204
31258
31165
31238
31157
31105
31229
31206
31187
31259
31192
31265
31211
31183
31333
31260
31415
31296
31161
31387
31326
31428
31295
31081
31452
31420
31466
31327
31234
31426
31548
31442
31297
31331
31388
31662
31512
31437
31240
31461
31567
31338
31416
31345
31514
31537
31359
31563
31461
31464
31511
31331
31510
31380
31445
31374
31421
31529
31320
31599
31432
31362
31575
31340
31513
31338
31390
31258
31290
31355
31127
31473
31398
31383
31365
31198
31535
31409
31317
31482
31415
31524
31250
31259
31463
31351
31312
31171
31469
31450
31345
31497
31298
31340
31431
31419
31359
31252
31439
31454
31499
31383
31367
31388
31394
31462
31326
31410
31340
31248
31403
31482
31565
31209
31171
31463
31282
31363
31252
31265
31512
31466
31351
31305
31275
31303
31291
31443
31389
31234
31380
31240
31463
31447
31258
31385
31314
31351
31516
31281
31521
31425
31498
31574
31116
31394
31349
31487
31383
31155
31439
31342
31453
31424
31318
31495
31517
31273
31313
31477
31433
31644
31381
31236
31348
31416
31553
31315
31065
31430
31367
31437
31220
31256
31384
31557
31663
31234
31268
31368
31429
31543
31291
31367
31290
31356
31628
31189
31350
31318
31236
31578
31269
31420
31292
31351
31555
31116
31377
31321
31182
31612
31158
31572
31299
31138
31599
31290
31394
31306
31174
31542
31435
31466
31182
31204
31490
31319
31622
31189
31171
31578
31418
31592
31384
31110
31546
31446
31411
31168
31076
31540
31343
31431
31239
31318
31414
31235
31471
31274
31358
31471
31386
31480
31311
31313
31332
31265
31443
31285
31430
31499
31343
31360
31226
31481
31382
31425
31616
31445
31480
31398
31495
31423
31433
31419
31365
31352
31470
31484
31456
31193
31356
31297
31461
31381
31157
31528
31400
31635
31306
31196
31438
31242
31532
31357
31252
31498
31372
31501
31185
31292
31468
31199
31577
31237
31236
31445
31275
31553
31397
31387
31423
31198
31543
31296
31380
31324
31287
31459
31275
31339
31257
31329
31611
31490
31488
31266
31309
31506
31364
31398
31201
31432
31384
31273
31277
31364
31412
31274
31415
31486
31400
31248
31500
31436
31360
31328
31165
31534
31390
31278
31342
31290
31370
31342
31292
31378
31355
31398
31430
31446
31259
31460
31448
31352
31361
31364
31428
31270
31275
31340
31343
31540
31117
31210
31471
31336
31452
31213
31239
31517
31441
31295
31360
31164
31549
31464
31234
31436
31209
31572
31348
31310
31378
31273
31570
31488
31420
31410
31298
31467
31459
31361
31460
31353
31524
31530
31257
31346
31272
31489
31518
31212
31279
31263
31325
31662
31161
31377
31489
31402
31543
31197
31416
31357
31492
31480
31129
31386
31422
31408
31419
31269
31404
31345
31347
31321
31259
31575
31382
31504
31335
31226
31382
31434
31489
31321
31217
31580
31584
31353
31243
31287
31481
31445
31477
31264
31300
31515
31622
31445
31241
31346
31403
31439
31286
31172
31371
31369
31346
31318
31126
31447
31348
31432
31511
31288
31497
31252
31338
31418
31259
31320
31171
31345
31466
31451
31444
31037
31491
31518
31354
31341
31190
31493
31448
31439
31287
31361
31432
31420
31421
31475
31453
31605
31391
31446
31514
31508
31532
31409
31208
31502
31512
31375
31291
31385
31534
31578
31543
31269
31387
31670
31544
31448
31372
31331
31497
31529
31515
31448
31360
31346
31466
31415
31397
31292
31299
31581
31444
31461
31325
31269
31547
31403
31521
31434
31183
31552
31552
31580
31399
31277
31507
31492
31519
31429
31355
31492
31452
31586
31523
31174
31541
31478
31550
31443
31443
31480
31403
31462
31479
31440
31462
31446
31524
31516
31334
31495
31387
31460
31453
31310
31438
31383
31434
31454
31206
31364
31283
31513
31458
31306
31490
31471
31642
31429
31312
31430
31561
31633
31310
31387
31551
31543
31629
31400
31416
31410
31404
31422
31369
31531
31519
31424
31509
31537
31490
31412
31390
31556
31485
31337
31329
31376
31510
31663
31411
31287
31178
31446
31520
31395
31403
31272
31485
31370
31330
31475
31365
31313
31379
31311
31331
31357
31330
31353
31494
31444
31360
31237
31323
31327
31386
31373
31227
31232
31479
31322
31283
31384
31388
31429
31192
31311
31336
31221
31477
31227
31253
31507
31221
31422
31348
31364
31533
31233
31595
31455
31457
31554
31213
31547
31413
31243
31380
31242
31452
31515
31244
31425
31207
31356
31377
31334
31323
31147
31552
31246
31387
31226
31221
31526
31203
31340
31378
31427
31582
31214
31442
31392
31434
31585
31211
31529
31277
31515
31446
31200
31473
31388
31549
31429
31353
31440
31463
31571
31363
31394
31497
31364
31373
31339
31476
31409
31324
31347
31166
31417
31339
31231
31391
31338
31464
31227
31344
31247
31344
31399
31161
31231
31346
31407
31332
31340
31302
31319
31329
31411
31274
31229
31500
31342
31247
31371
31368
31311
31260
31270
31327
31391
31543
31274
31229
31354
31261
31301
31204
31229
31383
31381
31436
31446
31227
31337
31498
31375
31521
31354
31323
31465
31458
31514
31403
31251
31210
31401
31685
31471
31313
31308
31499
31487
31458
31325
31295
31464
31406
31386
31231
31277
31484
31487
31514
31238
31330
31290
31431
31370
31098
31419
31439
31417
31379
31124
31361
31381
31344
31447
31275
31427
31483
31338
31434
31306
31381
31359
31312
31501
31152
31406
31365
31118
31607
31228
31355
31356
31103
31558
31234
31401
31398
31260
31457
31145
31477
31385
31310
31367
31189
31414
31462
31417
31246
31265
31373
31345
31515
31394
31190
31560
31530
31394
31239
31234
31519
31521
31400
31244
31294
31451
31384
31471
31304
31426
31664
31279
31361
31427
31236
31462
31437
31268
31251
31264
31574
31462
31350
31226
31395
31470
31451
31354
31291
31490
31436
31546
31283
31401
31420
31492
31455
31210
31294
31445
31433
31522
31327
31312
31361
31361
31296
31252
31310
31491
31489
31345
31327
31352
31361
31360
31203
31387
31405
31236
31346
31273
31360
31313
31368
31463
31257
31347
31273
31440
31453
31319
31449
31348
31316
31432
31323
31307
31248
31333
31348
31513
31183
31307
31543
31249
31351
31131
31273
31314
31154
31321
31272
31380
31448
31277
31333
31218
31490
31380
31165
31445
31274
31431
31369
31387
31398
31230
31373
31276
31408
31619
31403
31657
31422
31475
31371
31316
31455
31235
31484
31380
31441
31462
31258
31389
31418
31429
31397
31383
31371
31396
31557
31517
31448
31187
31378
31453
31317
31466
31385
31363
31349
31423
31369
31309
31320
31200
31340
31385
31392
31296
31335
31413
31337
31302
31389
31200
31173
31355
31335
31350
31384
31342
31231
31336
31420
31329
31314
31224
31365
31588
31426
31212
31241
31276
31536
31559
31279
31251
31308
31547
31535
31324
31140
31425
31356
31443
31188
31227
31379
31419
31478
31143
31222
31207
31199
31430
31265
31154
31149
31310
31400
31210
31273
31217
31258
31338
31360
31367
31290
31195
31399
31358
31381
31238
31262
31422
31468
31453
31359
31348
31313
31469
31464
31462
31215
31168
31426
31425
31338
31400
31262
31265
31495
31340
31319
31170
31432
31584
31361
31337
31177
31443
31480
31275
31255
31350
31423
31479
31384
31393
31341
31526
31439
31332
31417
31274
31485
31477
31433
31199
31428
31472
31278
31500
31426
31478
31436
31308
31558
31448
31357
31327
31355
31377
31463
31468
31359
31349
31315
31414
31452
31422
31172
31292
31342
31411
31452
31263
31260
31256
31422
31443
31239
31238
31420
31512
31553
31286
31262
31260
31365
31431
31190
31321
31177
31368
31364
31122
31365
31213
31217
31346
31256
31310
31269
31308
31278
31383
31314
31341
31427
31326
31468
31448
31322
31418
31304
31444
31484
31476
31377
31418
31494
31387
31319
31326
31473
31506
31359
31395
31387
31435
31556
31523
31328
31401
31652
31473
31429
31392
31309
31607
31503
31473
31448
31136
31623
31408
31413
31358
31256
31488
31452
31420
31453
31477
31493
31405
31303
31361
31430
31491
31317
31414
31422
31389
31365
31226
31408
31383
31376
31426
31259
31498
31508
31428
31360
31231
31420
31428
31449
31402
31219
31566
31415
31287
31277
31194
31531
31248
31286
31452
31396
31552
31340
31277
31419
31474
31473
31209
31233
31435
31321
31555
31285
31152
31321
31331
31506
31350
31149
31406
31346
31615
31463
31195
31320
31324
31461
31462
31285
31405
31372
31421
31581
31289
31325
31228
31289
31596
31300
31286
31370
31414
31526
31289
31237
31514
31349
31422
31464
31278
31637
31340
31310
31352
31254
31482
31331
31442
31405
31211
31573
31300
31452
31437
31255
31459
31234
31298
31474
31321
31318
31334
31318
31395
31268
31308
31336
31523
31456
31154
31508
31221
31307
31601
31178
31300
31326
31326
31367
31368
31318
31310
31451
31534
31473
31355
31385
31286
31586
31429
31290
31412
31213
31451
31371
31288
31370
31185
31519
31457
31274
31247
31380
31481
31295
31281
31109
31408
31481
31261
31286
31292
31480
31345
31237
31372
31293
31483
31437
31316
31347
31287
31467
31497
31235
31363
31345
31367
31483
31185
31381
31391
31284
31485
31276
31475
31293
31210
31478
31326
31471
31118
31130
31490
31225
31376
31228
31240
31420
31368
31503
31273
31352
31313
31410
31390
31353
31395
31246
31233
31368
31354
31460
31398
31236
31512
31501
31499
31336
31354
31459
31652
31494
31267
31405
31468
31518
31321
31320
31453
31536
31588
31238
31324
31617
31487
31559
31094
31239
31497
31465
31582
31108
31274
31423
31474
31328
31096
31179
31441
31444
31595
31285
31366
31514
31305
31568
31316
31333
31484
31274
31372
31379
31273
31339
31372
31358
31401
31303
31445
31303
31368
31539
31312
31440
31400
31270
31590
31260
31285
31300
31312
31596
31210
31180
31350
31198
31504
31353
31221
31357
31197
31609
31370
31178
31226
31377
31635
31398
31314
31355
31427
31606
31239
31324
31391
31230
31415
31210
31301
31185
31339
31323
31237
31452
31322
31426
31266
31176
31389
31364
31309
31281
31234
31252
31365
31417
31341
31344
31288
31282
31352
31501
31509
31205
31355
31415
31388
31321
31170
31390
31535
31522
31353
31240
31406
31436
31610
31461
31259
31407
31398
31587
31425
31337
31341
31412
31331
31386
31355
31461
31528
31551
31427
31477
31335
31371
31386
31442
31380
31221
31495
31281
31473
31261
31281
31438
31356
31543
31337
31366
31369
31324
31614
31321
31231
31329
31369
31602
31175
31302
31345
31434
31380
31223
31274
31421
31641
31453
31254
31428
31509
31435
31390
31176
31291
31511
31466
31336
31295
31200
31576
31375
31249
31287
31436
31643
31487
31446
31190
31582
31614
31333
31413
31293
31508
31461
31428
31449
31358
31568
31472
31335
31229
31337
31654
31402
31328
31325
31263
31636
31338
31259
31368
31487
31563
31230
31317
31280
31520
31465
31389
31289
31245
31471
31478
31321
31256
31356
31395
31508
31484
31400
31470
31489
31344
31446
31432
31458
31504
31395
31422
31274
31513
31452
31379
31336
31462
31540
31539
31513
31460
31553
31488
31555
31310
31419
31393
31395
31514
31378
31558
31387
31385
31463
31197
31559
31433
31278
31436
31358
31545
31428
31371
31280
31231
31554
31337
31278
31394
31249
31454
31554
31337
31339
31447
31291
31375
31392
31375
31577
31354
31280
31491
31257
31361
31495
31428
31529
31403
31565
31461
31456
31469
31429
31621
31504
31385
31410
31582
31340
31483
31540
31369
31453
31228
31543
31414
31295
31471
31369
31487
31498
31407
31330
31227
31513
31416
31448
31319
31146
31555
31379
31440
31210
31130
31399
31317
31437
31212
31192
31241
31445
31457
31224
31234
31332
31492
31368
31207
31322
31277
31517
31354
31367
31369
31080
31403
31269
31411
31482
31136
31488
31291
31362
31398
31311
31477
31305
31492
31616
31314
31411
31315
31431
31497
31307
31489
31242
31409
31616
31273
31530
31373
31375
31517
31361
31374
31403
31445
31379
31410
31452
31500
31278
31274
31358
31581
31567
31377
31241
31360
31453
31483
31404
31116
31379
31489
31459
31299
31294
31365
31504
31424
31373
31240
31447
31444
31241
31599
31299
31293
31332
31294
31548
31354
31290
31308
31248
31457
31306
31250
31093
31273
31407
31404
31495
31207
31384
31298
31213
31356
31266
31251
31376
31326
31399
31344
31299
31160
31257
31341
31323
31234
31404
31361
31382
31412
31258
31383
31263
31230
31339
31262
31374
31305
31293
31389
31223
31317
31290
31333
31540
31309
31322
31387
31331
31468
31454
31329
31331
31341
31578
31410
31367
31363
31345
31433
31413
31446
31412
31484
31444
31426
31425
31481
31283
31366
31552
31492
31391
31521
31449
31413
31404
31442
31353
31353
31456
31352
31444
31515
31416
31314
31284
31450
31453
31499
31442
31268
31439
31502
31416
31417
31329
31607
31357
31288
31580
31268
31465
31398
31414
31431
31432
31567
31253
31442
31552
31307
31465
31110
31403
31435
31262
31321
31279
31416
31319
31278
31325
31273
31415
31235
31399
31407
31288
31496
31264
31227
31089
31354
31317
31148
31352
31239
31301
31408
31166
31354
31175
31414
31427
31214
31294
31279
31443
31365
31148
31368
31262
31537
31475
31208
31379
31342
31462
31318
31123
31257
31346
31380
31351
31280
31380
31319
31324
31277
31445
31416
31252
31423
31445
31495
31409
31422
31482
31273
31588
31497
31212
31306
31420
31473
31364
31336
31419
31401
31453
31448
31373
31508
31432
31291
31434
31452
31407
31342
31292
31319
31356
31292
31330
31223
31208
31605
31431
31313
31274
31283
31433
31176
31143
31309
31437
31495
31248
31175
31329
31316
31587
31231
31241
31445
31309
31525
31364
31258
31527
31378
31361
31445
31352
31386
31479
31455
31401
31383
31567
31564
31463
31523
31417
31504
31450
31363
31415
31329
31344
31499
31365
31479
31348
31215
31388
31408
31225
31188
31389
31360
31461
31296
31374
31410
31393
31299
31206
31349
31501
31517
31412
31163
31253
31511
31367
31391
31144
31412
31598
31406
31159
31290
31432
31568
31475
31227
31279
31474
31498
31557
31465
31262
31661
31445
31360
31259
31414
31607
31555
31487
31218
31419
31573
31491
31393
31400
31503
31521
31499
31323
31465
31304
31571
31533
31202
31435
31350
31593
31556
31335
31394
31171
31633
31511
31187
31365
31290
31461
31388
31183
31491
31300
31502
31444
31226
31368
31255
31429
31425
31269
31375
31256
31334
31490
31157
31423
31331
31242
31279
31317
31536
31297
31180
31241
31459
31563
31315
31264
31482
31466
31553
31376
31184
31493
31431
31404
31484
31209
31319
31569
31274
31467
31211
31381
31558
31364
31412
31306
31555
31485
31211
31484
31274
31377
31466
31151
31421
31370
31451
31523
31113
31429
31507
31381
31443
31122
31192
31481
31273
31405
31334
31217
31400
31211
31594
31260
31211
31459
31298
31539
31404
31453
31423
31220
31419
31337
31281
31308
31106
31384
31363
31411
31285
31126
31450
31414
31384
31344
31156
31353
31503
31496
31297
31345
31260
31420
31425
31228
31371
31477
31527
31456
31387
31347
31442
31486
31415
31403
31490
31563
31552
31504
31326
31562
31521
31429
31461
31303
31463
31425
31458
31375
31280
31397
31570
31436
31563
31408
31472
31353
31465
31432
31266
31372
31329
31365
31421
31358
31374
31314
31393
31546
31404
31506
31348
31150
31559
31497
31295
31344
31143
31472
31326
31405
31411
31212
31488
31514
31471
31229
31303
31449
31543
31482
31332
31273
31479
31521
31293
31372
31357
31287
31553
31309
31307
31370
31396
31565
31166
31429
31310
31307
31609
31333
31392
31209
31496
31532
31187
31436
31312
31474
31549
31274
31333
31228
31592
31311
31236
31462
31220
31448
31437
31274
31216
31380
31473
31443
31407
31478
31457
31371
31402
31453
31480
31543
31221
31306
31333
31299
31549
31243
31307
31381
31426
31711
31276
31140
31490
31533
31564
31457
31368
31403
31350
31536
31490
31416
31291
31325
31361
31514
31380
31203
31435
31368
31475
31511
31317
31293
31408
31474
31501
31260
31339
31410
31415
31362
31297
31350
31304
31271
31526
31413
31253
31446
31230
31409
31409
31234
31378
31116
31187
31434
31200
31313
31078
31412
31377
31216
31393
31149
31366
31272
31410
31353
31187
31212
31254
31357
31242
31233
31267
31339
31562
31272
31306
31335
31182
31508
31264
31313
31198
31241
31413
31337
31335
31083
31401
31442
31353
31372
31315
31399
31499
31426
31409
31407
31253
31451
31328
31389
31296
31265
31487
31418
31421
31334
31476
31382
31229
31558
31352
31507
31595
31407
31517
31301
31497
31453
31252
31353
31345
31522
31442
31327
31328
31349
31393
31292
31163
31389
31467
31426
31316
31149
31236
31532
31293
31176
31163
31263
31372
31453
31268
31231
31203
31528
31419
31269
31331
31314
31500
31427
31295
31340
31270
31545
31410
31155
31391
31286
31394
31257
31180
31312
31443
31455
31174
31362
31292
31515
31452
31278
31438
31318
31541
31440
31482
31269
31171
31590
31412
31417
31332
31391
31519
31317
31415
31238
31253
31591
31433
31538
31268
31199
31366
31383
31606
31254
31239
31374
31297
31357
31405
31262
31417
31397
31434
31479
31194
31285
31568
31402
31554
31117
31420
31594
31379
31466
31089
31396
31566
31186
31520
31289
31340
31507
31257
31556
31320
31246
31326
31251
31299
31406
31273
31417
31328
31301
31473
31182
31310
31426
31499
31668
31143
31283
31389
31535
31589
31109
31335
31323
31325
31544
31292
31404
31321
31378
31419
31317
31276
31350
31461
31277
31279
31357
31359
31263
31314
31415
31441
31386
31179
31456
31395
31521
31360
31127
31521
31418
31474
31398
31308
31421
31350
31481
31290
31242
31402
31471
31368
31402
31380
31331
31293
31373
31261
31294
31295
31271
31301
31269
31409
31364
31373
31338
31254
31465
31380
31441
31342
31314
31389
31441
31463
31365
31172
31258
31565
31515
31389
31190
31419
31622
31637
31262
31257
31395
31490
31479
31274
31427
31369
31538
31399
31145
31274
31432
31404
31351
31256
31328
31626
31363
31189
31418
31341
31377
31265
31360
31528
31335
31375
31261
31340
31582
31391
31425
31311
31256
31727
31497
31297
31172
31375
31463
31318
31282
31140
31558
31516
31461
31296
31177
31522
31406
31521
31266
31098
31536
31434
31549
31248
31167
31518
31283
31433
31298
31312
31586
31435
31420
31365
31297
31425
31283
31407
31243
31341
31456
31260
31452
31269
31363
31335
31322
31413
31305
31363
31415
31354
31482
31410
31434
31294
31191
31365
31386
31439
31330
31229
31290
31447
31279
31249
31265
31274
31620
31410
31373
31246
31387
31589
31288
31381
31266
31267
31406
31374
31433
31295
31179
31542
31335
31456
31309
31235
31495
31342
31565
31347
31383
31496
31215
31459
31505
31216
31265
31328
31352
31421
31391
31406
31242
31362
31438
31298
31458
31361
31367
31440
31421
31311
31349
31253
31550
31548
31342
31327
31257
31513
31482
31484
31440
31452
31373
31479
31400
31384
31429
31306
31351
31334
31273
31454
31494
31450
31515
31230
31437
31423
31390
31464
31226
31596
31299
31374
31496
31186
31596
31428
31285
31544
31343
31472
31441
31241
31587
31331
31369
31365
31319
31464
31376
31366
31386
31281
31523
31372
31410
31466
31216
31471
31395
31153
31418
31265
31394
31314
31439
31565
31302
31302
31252
31395
31596
31264
31252
31445
31345
31531
31297
31351
31403
31295
31508
31358
31478
31380
31221
31526
31328
31499
31609
31362
31579
31436
31571
31438
31360
31367
31379
31626
31540
31282
31381
31471
31542
31462
31351
31455
31406
31473
31307
31268
31425
31324
31333
31319
31388
31426
31330
31434
31301
31283
31443
31436
31356
31344
31346
31371
31411
31318
31252
31292
31440
31283
31244
31444
31523
31442
31356
31389
31278
31310
31447
31360
31330
31262
31417
31451
31258
31195
31294
31443
31354
31232
31213
31432
31401
31496
31330
31231
31292
31341
31529
31302
31265
31404
31491
31636
31193
31170
31502
31257
31478
31155
31137
31544
31345
31604
31314
31160
31370
31368
31570
31352
31192
31429
31406
31476
31489
31290
31331
31321
31473
31432
31369
31319
31416
31315
31555
31486
31125
31204
31126
31601
31589
31227
31122
31337
31413
31422
31165
31311
31514
31550
31353
31267
31381
31375
31460
31301
31171
31388
31358
31327
31529
31285
31438
31261
31316
31302
31363
31421
31398
31557
31419
31359
31333
31366
31467
31429
31309
31394
31392
31498
31288
31542
31265
31448
31449
31153
31363
31200
31569
31512
31302
31272
31431
31574
31546
31280
31339
31431
31516
31524
31349
31286
31248
31517
31412
31335
31241
31202
31519
31368
31394
31245
31290
31583
31457
31515
31270
31304
31506
31359
31435
31421
31389
31442
31212
31287
31302
31407
31312
31239
31380
31472
31537
31449
31177
31406
31460
31561
31320
31174
31381
31317
31484
31338
31254
31378
31171
31600
31316
31207
31470
31231
31443
31294
31393
31346
31291
31432
31382
31406
31269
31288
31454
31411
31377
31379
31314
31448
31266
31348
31372
31392
31373
31303
31338
31270
31484
31467
31202
31220
31390
31329
31408
31269
31223
31485
31418
31410
31293
31282
31422
31326
31507
31271
31211
31574
31236
31547
31219
31162
31374
31234
31428
31293
31353
31399
31397
31359
31200
31367
31316
31380
31443
31326
31360
31295
31522
31488
31401
31196
31325
31620
31414
31431
31287
31442
31546
31394
31413
31275
31379
31433
31523
31451
31227
31419
31504
31487
31365
31078
31405
31341
31388
31346
31302
31453
31236
31363
31368
31283
31434
31391
31368
31362
31216
31269
31389
31373
31424
31361
31469
31311
31319
31410
31382
31304
31321
31393
31294
31364
31335
31323
31421
31237
31362
31292
31503
31620
31322
31307
31239
31421
31593
31343
31081
31335
31375
31396
31270
31276
31447
31453
31428
31254
31239
31397
31347
31552
31477
31182
31554
31349
31413
31465
31364
31447
31184
31346
31273
31550
31492
31201
31464
31383
31323
31576
31298
31444
31552
31465
31555
31425
31291
31457
31456
31468
31275
31481
31459
31432
31654
31327
31393
31420
31266
31628
31423
31428
31429
31309
31675
31357
31427
31378
31260
31567
31512
31588
31426
31463
31390
31454
31385
31313
31409
31548
31565
31581
31416
31385
31395
31499
31590
31437
31530
31449
31511
31454
31346
31495
31294
31327
31526
31413
31523
31285
31517
31589
31280
31271
31383
31431
31529
31307
31329
31364
31350
31415
31187
31338
31369
31306
31522
31114
31249
31439
31414
31496
31136
31206
31508
31348
31286
31265
31318
31492
31439
31387
31344
31489
31483
31328
31405
31452
31361
31526
31331
31134
31541
31319
31488
31432
31178
31646
31410
31363
31395
31374
31555
31304
31479
31294
31481
31553
31347
31474
31290
31444
31348
31462
31340
31204
31545
31451
31543
31370
31260
31529
31352
31467
31448
31288
31505
31561
31552
31387
31388
31510
31386
31453
31297
31485
31482
31373
31291
31163
31453
31397
31380
31497
31393
31577
31422
31460
31440
31239
31495
31289
31382
31434
31283
31366
31236
31322
31404
31242
31477
31357
31366
31607
31239
31446
31325
31525
31542
31221
31470
31213
31336
31565
31193
31366
31237
31424
31531
31172
31440
31370
31442
31478
31237
31444
31446
31514
31543
31274
31384
31476
31418
31438
31315
31203
31436
31419
31230
31419
31347
31422
31523
31423
31409
31366
31379
31552
31408
31324
31282
31317
31473
31328
31374
31445
31371
31500
31433
31508
31343
31182
31449
31484
31353
31434
31320
31490
31522
31369
31466
31427
31545
31584
31236
31512
31433
31372
31469
31163
31419
31279
31394
31400
31316
31508
31316
31514
31289
31379
31636
31270
31520
31301
31317
31515
31192
31315
31297
31505
31420
31274
31479
31289
31543
31383
31246
31474
31383
31466
31476
31322
31386
31475
31319
31373
31404
31172
31375
31291
31372
31635
31206
31221
31323
31405
31511
31290
31278
31401
31370
31557
31256
31120
31368
31382
31450
31319
31199
31358
31436
31565
31314
31182
31556
31307
31515
31317
31183
31493
31374
31637
31261
31241
31610
31424
31525
31312
31310
31486
31326
31646
31291
31266
31350
31367
31594
31327
31280
31374
31348
31397
31307
31252
31309
31274
31425
31372
31227
31133
31138
31415
31305
31332
31235
31213
31345
31307
31283
31287
31164
31232
31359
31422
31333
31266
31491
31409
31348
31394
31273
31327
31383
31231
31565
31305
31268
31416
31254
31517
31353
31381
31596
31286
31491
31404
31406
31600
31222
31373
31337
31263
31545
31259
31387
31530
31335
31407
31322
31230
31510
31327
31356
31492
31327
31380
31224
31410
31411
31457
31577
31188
31276
31663
31436
31425
31176
31461
31554
31296
31339
31354
31463
31463
31370
31393
31369
31334
31511
31318
31462
31375
31322
31289
31186
31236
31321
31322
31388
31210
31489
31352
31198
31362
31194
31416
31350
31268
31540
31330
31459
31448
31149
31551
31422
31513
31426
31287
31561
31454
31545
31498
31426
31510
31381
31389
31492
31411
31534
31441
31399
31393
31398
31521
31400
31324
31330
31368
31576
31453
31468
31513
31294
31546
31234
31409
31538
31351
31479
31339
31364
31535
31386
31507
31383
31402
31595
31276
31620
31456
31361
31449
31317
31457
31344
31246
31381
31325
31539
31462
31327
31413
31254
31603
31375
31339
31318
31134
31499
31446
31456
31290
31358
31369
31468
31301
31385
31385
31436
31526
31364
31542
31472
31320
31504
31388
31559
31598
31385
31523
31321
31677
31385
31251
31397
31253
31565
31383
31334
31470
31291
31420
31431
31360
31362
31447
31445
31384
31363
31359
31339
31379
31267
31252
31239
31380
31380
31214
31437
31330
31321
31219
31227
31371
31257
31412
31337
31395
31500
31303
31414
31337
31493
31569
31346
31494
31256
31369
31605
31503
31257
31219
31523
31691
31339
31333
31236
31586
31600
31490
31408
31211
31518
31570
31343
31355
31360
31511
31536
31265
31307
31404
31655
31418
31313
31252
31462
31594
31394
31277
31350
31319
31664
31537
31392
31399
31369
31632
31400
31485
31403
31330
31559
31283
31484
31352
31410
31554
31242
31435
31520
31405
31486
31256
31429
31400
31370
31291
31302
31427
31334
31471
31247
31325
31273
31203
31408
31283
31396
31180
31302
31494
31262
31331
31054
31251
31395
31342
31327
31221
31297
31307
31257
31183
31280
31347
31304
31382
31356
