30702
30680
30599
30657
30586
30579
30563
30590
30608
30626
30588
30646
30521
30584
30542
30611
30536
30528
30500
30588
30747
30674
30459
30595
30625
30641
30577
30403
30502
30703
30620
30785
30464
30462
30606
30736
30594
30553
30501
30545
30578
30594
30663
30450
30694
30462
30653
30750
30423
30545
30426
30591
30787
30460
30560
30555
30647
30809
30406
30422
30452
30649
30821
30407
30452
30492
30707
30740
30469
30352
30584
30588
30729
30658
30645
30616
30567
30710
30520
30642
30416
30484
30559
30559
30704
30622
30415
30599
30706
30737
30579
30451
30602
30591
30820
30498
30492
30635
30481
30786
30624
30552
30579
30559
30785
30462
30500
30592
30667
30756
30468
30635
30647
30504
30554
30517
30518
30728
30575
30548
30585
30698
30685
30540
30580
30546
30678
30727
30638
30508
30694
30728
30714
30459
30555
30717
30663
30700
30659
30562
30801
30800
30591
30672
30649
30752
30584
30709
30712
30612
30615
30574
30598
30722
30441
30514
30517
30665
30710
30499
30609
30678
30702
30607
30516
30554
30620
30531
30681
30435
30528
30615
30601
30577
30510
30573
30712
30632
30536
30696
30566
30694
30641
30602
30645
30433
30577
30504
30643
30690
30554
30576
30587
30633
30568
30512
30505
30555
30646
30571
30553
30504
30511
30704
30565
30532
30570
30567
30581
30591
30554
30568
30652
30716
30524
30551
30520
30670
30604
30429
30603
30635
30699
30684
30570
30612
30722
30592
30694
30563
30501
30669
30737
30556
30708
30623
30599
30531
30681
30556
30626
30777
30560
30482
30660
30625
30732
30604
30536
30646
30694
30722
30632
30566
30695
30707
30602
30583
30467
30633
30619
30798
30503
30486
30652
30705
30587
30639
30626
30641
30648
30667
30684
30570
30570
30626
30594
30724
30560
30638
30576
30574
30787
30515
30606
30572
30637
30733
30620
30671
30580
30688
30849
30553
30652
30531
30707
30753
30576
30887
30629
30838
30647
30499
30690
30764
30761
30614
30589
30789
30703
30661
30617
30628
30707
30860
30567
30559
30645
30724
30850
30652
30542
30736
30729
30823
30545
30438
30679
30545
30890
30558
30574
30658
30540
30773
30648
30540
30690
30562
30721
30592
30587
30667
30555
30636
30601
30548
30553
30494
30627
30704
30623
30667
30596
30709
30451
30624
30673
30699
30762
30563
30624
30604
30469
30747
30446
30570
30650
30517
30799
30522
30711
30640
30584
30717
30524
30622
30696
30561
30729
30626
30664
30669
30437
30725
30520
30581
30487
30485
30604
30533
30601
30554
30614
30717
30585
30610
30548
30644
30645
30523
30640
30474
30575
30598
30580
30473
30675
30698
30517
30539
30661
30761
30707
30448
30550
30585
30712
30737
30536
30457
30635
30749
30637
30496
30487
30577
30729
30713
30605
30556
30615
30651
30722
30646
30549
30563
30565
30706
30578
30565
30650
30556
30577
30599
30582
30585
30586
30647
30500
30663
30735
30592
30617
30494
30669
30855
30572
30637
30500
30607
30734
30505
30518
30525
30753
30564
30402
30706
30736
30621
30551
30489
30594
30721
30629
30629
30531
30562
30650
30559
30594
30620
30610
30645
30489
30650
30587
30713
30506
30402
30740
30692
30607
30730
30523
30680
30677
30755
30704
30648
30704
30715
30669
30800
30669
30758
30533
30747
30730
30582
30571
30706
30619
30664
30601
30487
30592
30663
30728
30646
30504
30553
30613
30553
30686
30512
30746
30590
30788
30595
30526
30602
30624
30684
30593
30458
30662
30585
30743
30515
30581
30843
30602
30585
30539
30638
30870
30595
30637
30522
30601
30797
30572
30621
30455
30744
30734
30477
30571
30563
30662
30607
30460
30590
30639
30725
30623
30608
30706
30528
30609
30624
30446
30492
30679
30648
30575
30644
30705
30657
30577
30635
30596
30494
30683
30516
30564
30664
30590
30736
30590
30595
30613
30622
30773
30542
30479
30676
30492
30678
30597
30512
30681
30481
30705
30516
30591
30658
30584
30611
30561
30567
30728
30614
30640
30513
30659
30773
30690
30470
30372
30611
30774
30883
30555
30436
30546
30836
30732
30656
30411
30546
30749
30739
30624
30519
30517
30836
30727
30706
30538
30491
30802
30740
30801
30401
30400
30704
30661
30794
30637
30534
30603
30684
30821
30610
30471
30617
30720
30669
30790
30496
30608
30625
30760
30724
30424
30540
30622
30755
30793
30336
30588
30585
30643
30851
30446
30609
30640
30672
30801
30419
30702
30577
30788
30772
30533
30615
30660
30726
30777
30517
30608
30534
30828
30679
30571
30734
30646
30797
30666
30552
30686
30699
30802
30653
30459
30716
30434
30767
30484
30501
30585
30541
30776
30577
30540
30747
30532
30534
30524
30546
30720
30719
30696
30577
30564
30663
30565
30528
30624
30657
30677
30536
30716
30589
30678
30635
30679
30650
30591
30549
30545
30637
30758
30823
30597
30489
30550
30723
30750
30611
30396
30430
30627
30614
30583
30373
30478
30543
30900
30591
30390
30487
30725
30788
30726
30413
30515
30645
30643
30829
30498
30647
30561
30658
30634
30578
30621
30581
30615
30566
30609
30668
30677
30692
30651
30666
30514
30710
30658
30590
30705
30562
30739
30759
30644
30708
30546
30696
30730
30519
30653
30467
30713
30636
30659
30545
30598
30752
30604
30562
30751
30654
30683
30616
30561
30621
30726
30649
30738
30632
30488
30626
30731
30693
30644
30450
30574
30672
30732
30731
30489
30674
30603
30837
30551
30436
30661
30646
30668
30590
30444
30587
30722
30649
30609
30539
30710
30630
30788
30469
30453
30617
30602
30757
30722
30575
30651
30613
30699
30569
30507
30476
30595
30715
30728
30657
30552
30489
30838
30868
30501
30529
30669
30655
30838
30720
30483
30665
30702
30729
30561
30619
30755
30723
30594
30601
30621
30551
30556
30492
30479
30597
30598
30502
30474
30595
30584
30517
30557
30353
30621
30602
30553
30609
30565
30710
30712
30441
30428
30573
30671
30633
30496
30462
30539
30824
30532
30442
30377
30651
30809
30544
30575
30606
30719
30692
30667
30489
30517
30644
30565
30608
30721
30662
30593
30585
30745
30591
30676
30558
30521
30695
30578
30820
30729
30515
30670
30573
30609
30711
30479
30560
30617
30640
30668
30558
30635
30471
30733
30662
30482
30590
30569
30778
30674
30477
30557
30630
30658
30702
30615
30499
30629
30838
30581
30602
30562
30573
30571
30722
30593
30566
30521
30662
30750
30611
30378
30442
30639
30687
30674
30445
30562
30710
30677
30566
30482
30464
30611
30562
30565
30591
30536
30747
30533
30661
30589
30585
30777
30617
30584
30625
30691
30743
30527
30736
30668
30638
30659
30606
30594
30727
30740
30714
30545
30647
30695
30696
30631
30526
30531
30748
30632
30552
30589
30577
30731
30630
30623
30443
30552
30620
30660
30564
30588
30704
30742
30504
30587
30489
30565
30655
30474
30688
30601
30755
30618
30591
30519
30492
30649
30593
30435
30572
30585
30841
30659
30386
30623
30578
30596
30539
30437
30498
30505
30628
30812
30405
30448
30587
30645
30556
30515
30544
30647
30435
30654
30645
30529
30631
30512
30580
30571
30590
30640
30518
30508
30588
30685
30679
30496
30704
30559
30720
30659
30507
30664
30658
30653
30607
30540
30516
30674
30714
30678
30517
30656
30582
30796
30574
30459
30547
30584
30756
30789
30539
30582
30585
30722
30685
30450
30456
30516
30708
30718
30604
30486
30466
30793
30932
30460
30395
30424
30839
30749
30633
30300
30502
30694
30706
30500
30411
30511
30861
30778
30527
30415
30527
30820
30655
30567
30477
30603
30818
30676
30547
30674
30587
30929
30618
30548
30617
30578
30829
30705
30581
30648
30577
30704
30728
30573
30548
30632
30767
30694
30718
30528
30647
30726
30874
30566
30497
30688
30709
30795
30715
30549
30633
30690
30819
30688
30536
30720
30689
30827
30699
30499
30657
30655
30776
30667
30517
30677
30552
30680
30830
30569
30698
30564
30643
30740
30758
30627
30565
30621
30627
30689
30427
30585
30546
30623
30683
30542
30714
30579
30610
30548
30509
30730
30637
30719
30551
30428
30616
30635
30636
30483
30523
30634
30534
30627
30512
30574
30643
30647
30594
30575
30673
30605
30610
30523
30641
30531
30741
30484
30425
30652
30700
30657
30583
30430
30739
30777
30572
30538
30575
30648
30661
30676
30549
30533
30730
30612
30568
30613
30562
30641
30620
30660
30610
30635
30679
30602
30661
30560
30625
30505
30545
30733
30574
30612
30641
30553
30728
30502
30665
30582
30751
30524
30578
30730
30668
30637
30605
30465
30638
30471
30772
30638
30544
30673
30740
30813
30624
30490
30717
30738
30770
30657
30560
30688
30672
30737
30603
30546
30598
30651
30708
30653
30756
30741
30691
30653
30601
30722
30689
30758
30595
30534
30656
30657
30667
30617
30692
30623
30659
30828
30703
30603
30588
30692
30662
30750
30726
30546
30659
30672
30641
30648
30604
30643
30575
30768
30909
30705
30619
30513
30753
30672
30753
30643
30492
30618
30733
30640
30535
30422
30714
30734
30725
30554
30498
30620
30655
30847
30468
30630
30534
30688
30613
30635
30549
30604
30626
30600
30545
30721
30709
30569
30574
30653
30840
30551
30594
30448
30807
30724
30687
30634
30502
30835
30654
30618
30545
30540
30754
30705
30639
30586
30458
30732
30630
30584
30623
30410
30651
30444
30643
30683
30579
30739
30483
30525
30709
30450
30572
30316
30523
30703
30558
30794
30413
30586
30765
30503
30630
30591
30638
30687
30519
30698
30685
30611
30715
30459
30744
30615
30702
30631
30497
30620
30806
30788
30611
30555
30695
30768
30665
30757
30688
30649
30591
30716
30692
30578
30648
30665
30762
30675
30711
30604
30578
30663
30742
30674
30517
30733
30616
30713
30618
30592
30613
30602
30628
30585
30584
30709
30748
30651
30549
30457
30668
30610
30715
30579
30672
30579
30716
30665
30624
30700
30532
30646
30683
30647
30724
30490
30664
30595
30711
30576
30547
30604
30650
30702
30569
30455
30596
30732
30727
30597
30538
30566
30572
30663
30374
30668
30600
30727
30517
30513
30632
30543
30509
30757
30518
30603
30605
30633
30734
30596
30660
30643
30539
30639
30592
30725
30694
30583
30795
30640
30626
30569
30687
30654
30816
30654
30692
30707
30838
30650
30604
30552
30631
30700
30719
30587
30526
30615
30636
30598
30489
30516
30621
30612
30455
30469
30487
30667
30595
30600
30486
30485
30583
30693
30478
30513
30618
30710
30621
30578
30659
30578
30657
30786
30546
30644
30531
30660
30719
30595
30675
30699
30722
30730
30409
30631
30712
30688
30733
30589
30603
30634
30711
30648
30677
30539
30617
30600
30736
30662
30461
30525
30661
30500
30653
30441
30573
30542
30611
30708
30551
30704
30663
30600
30690
30587
30695
30679
30681
30760
30544
30695
30436
30555
30744
30460
30684
30526
30550
30646
30595
30655
30513
30467
30505
30548
30555
30491
30423
30559
30486
30633
30533
30458
30410
30539
30572
30672
30431
30554
30707
30702
30528
30573
30480
30634
30792
30457
30628
30395
30697
30670
30531
30644
30612
30607
30591
30508
30815
30710
30607
30517
30556
30909
30486
30499
30499
30474
30669
30697
30639
30589
30537
30737
30511
30507
30490
30655
30537
30556
30639
30663
30653
30522
30493
30702
30766
30593
30491
30505
30699
30777
30776
30487
30417
30629
30658
30607
30448
30468
30644
30584
30828
30519
30506
30666
30710
30664
30513
30568
30686
30611
30829
30573
30640
30668
30533
30794
30592
30576
30690
30484
30690
30650
30662
30709
30454
30674
30614
30609
30598
30546
30731
30683
30608
30698
30594
30681
30604
30690
30424
30646
30718
30593
30663
30563
30649
30726
30584
30630
30452
30696
30762
30666
30590
30585
30692
30732
30713
30551
30456
30583
30695
30646
30652
30627
30518
30611
30764
30581
30610
30535
30707
30712
30660
30685
30643
30744
30796
30658
30694
30540
30669
30835
30646
30807
30428
30673
30710
30607
30819
30573
30766
30671
30585
30752
30603
30686
30548
30525
30711
30593
30689
30555
30420
30690
30773
30661
30565
30471
30715
30668
30669
30588
30563
30661
30589
30573
30595
30618
30513
30638
30548
30760
30564
30774
30598
30628
30649
30747
30621
30621
30661
30509
30608
30657
30724
30686
30591
30564
30710
30749
30668
30483
30566
30566
30627
30700
30671
30484
30640
30648
30696
30578
30455
30632
30798
30671
30595
30456
30652
30719
30642
30548
30479
30493
30680
30666
30386
30499
30624
30643
30609
30496
30575
30725
30567
30710
30527
30538
30682
30599
30547
30469
30653
30653
30613
30619
30565
30686
30668
30578
30425
30585
30768
30677
30678
30546
30659
30748
30603
30568
30391
30724
30644
30675
30802
30464
30710
30745
30668
30598
30385
30611
30553
30843
30582
30484
30612
30517
30776
30565
30427
30536
30485
30744
30672
30523
30665
30597
30752
30573
30579
30526
30731
30811
30634
30481
30694
30643
30597
30657
30442
30579
30752
30694
30568
30420
30515
30741
30781
30585
30478
30606
30641
30708
30684
30488
30469
30679
30630
30710
30529
30619
30575
30750
30759
30515
30627
30530
30778
30812
30660
30780
30562
30712
30754
30462
30586
30448
30677
30660
30562
30599
30496
30750
30745
30525
30590
30424
30561
30681
30508
30561
30376
30564
30823
30445
30408
30527
30736
30657
30405
30463
30565
30610
30818
30513
30509
30476
30626
30817
30565
30422
30614
30602
30809
30667
30552
30753
30586
30747
30589
30445
30677
30585
30711
30610
30659
30720
30568
30541
30525
30678
30577
30746
30635
30559
30611
30745
30678
30585
30348
30476
30739
30673
30705
30449
30518
30580
30810
30646
30454
30379
30628
30785
30666
30504
30455
30730
30606
30697
30558
30495
30789
30753
30539
30504
30671
30754
30749
30649
30629
30697
30637
30772
30633
30557
30755
30720
30715
30600
30456
30806
30641
30889
30595
30511
30635
30717
30813
30581
30561
30734
30687
30645
30670
30611
30723
30799
30772
30541
30628
30707
30704
30701
30621
30769
30546
30677
30682
30582
30822
30707
30643
30687
30620
30750
30624
30661
30737
30652
30736
30687
30649
30772
30672
30660
30536
30675
30714
30768
30589
30615
30672
30706
30682
30667
30689
30680
30559
30771
30768
30659
30807
30541
30817
30603
30654
30761
30492
30780
30705
30794
30660
30406
30717
30882
30819
30685
30384
30711
30812
30605
30780
30426
30647
30655
30701
30683
30503
30538
30682
30647
30620
30636
30543
30590
30591
30781
30668
30606
30493
30581
30700
30717
30585
30558
30798
30539
30818
30691
30509
30711
30527
30700
30622
30558
30825
30641
30775
30604
30645
30833
30485
30614
30529
30560
30668
30611
30669
30678
30516
30768
30587
30511
30587
30650
30632
30642
30643
30673
30741
30659
30627
30441
30906
30568
30548
30721
30516
30778
30562
30535
30699
30575
30716
30652
30558
30657
30641
30637
30633
30597
30561
30642
30622
30589
30497
30623
30584
30554
30506
30675
30583
30601
30529
30628
30577
30643
30634
30505
30576
30683
30729
30452
30396
30488
30747
30630
30668
30484
30515
30712
30621
30420
30476
30601
30710
30608
30538
30608
30743
30709
30578
30661
30522
30661
30641
30619
30683
30579
30580
30704
30502
30681
30452
30599
30569
30571
30762
30578
30530
30589
30687
30711
30443
30391
30550
30593
30756
30681
30482
30594
30608
30717
30621
30440
30493
30688
30755
30750
30613
30600
30633
30735
30838
30660
30605
30649
30756
30673
30719
30693
30659
30728
30787
30718
30578
30731
30827
30666
30662
30503
30711
30738
30708
30720
30406
30748
30778
30628
30675
30407
30679
30670
30673
30760
30412
30656
30654
30630
30820
30430
30701
30653
30615
30659
30494
30688
30798
30587
30637
30561
30581
30738
30465
30640
30694
30663
30622
30635
30574
30689
30587
30637
30510
30486
30515
30532
30615
30493
30541
30649
30523
30518
30518
30464
30619
30559
30528
30541
30565
30583
30575
30431
30458
30496
30496
30621
30431
30603
30525
30590
30496
30491
30621
30448
30426
30406
30466
30526
30646
30660
30505
30476
30668
30622
30620
30493
30585
30519
30640
30591
30582
30592
30563
30599
30696
30578
30651
30545
30644
30545
30668
30727
30664
30570
30516
30772
30725
30598
30591
30457
30681
30676
30645
30623
30580
30658
30708
30785
30657
30465
30663
30762
30666
30496
30582
30619
30654
30617
30440
30597
30686
30612
30430
30485
30532
30656
30558
30513
30526
30505
30568
30551
30420
30529
30432
30575
30598
30473
30461
30493
30628
30587
30505
30697
30501
30587
30700
30546
30543
30536
30649
30556
30477
30471
30709
30640
30660
30418
30603
30705
30456
30763
30519
30519
30606
30603
30560
30516
30477
30542
30510
30667
30634
30499
30521
30531
30667
30596
30709
30446
30611
30650
30823
30622
30496
30563
30567
30593
30695
30509
30624
30584
30773
30824
30513
30591
30644
30655
30735
30612
30813
30612
30598
30673
30507
30744
30349
30534
30568
30538
30658
30571
30526
30557
30522
30527
30491
30407
30522
30569
30500
30587
30735
30494
30389
30484
30570
30701
30597
30489
30509
30736
30726
30515
30494
30410
30769
30730
30546
30501
30563
30775
30756
30553
30471
30527
30703
30716
30637
30570
30531
30602
30748
30733
30479
30665
30685
30618
30646
30651
30673
30613
30688
30669
30531
30574
30590
30629
30584
30596
30554
30542
30654
30575
30511
30487
30587
30675
30708
30672
30461
30544
30718
30692
30493
30537
30481
30569
30709
30586
30508
30412
30624
30562
30587
30566
30494
30632
30701
30622
30488
30495
30474
30773
30681
30597
30508
30547
30718
30575
30500
30601
30487
30651
30595
30564
30804
30548
30678
30484
30588
30689
30488
30588
30524
30673
30692
30601
30698
30579
30630
30690
30593
30593
30626
30523
30729
30564
30692
30646
30581
30701
30720
30617
30779
30540
30755
30697
30705
30796
30613
30692
30718
30510
30758
30646
30603
30608
30462
30684
30671
30503
30585
30514
30621
30799
30446
30602
30607
30533
30761
30542
30593
30523
30537
30821
30514
30532
30598
30504
30873
30530
30584
30696
30540
30803
30562
30615
30500
30652
30646
30571
30480
30566
30697
30650
30584
30521
30602
30673
30584
30434
30475
30460
30695
30611
30732
30551
30547
30693
30486
30549
30477
30619
30498
30599
30694
30760
30656
30436
30489
30644
30578
30577
30515
30611
30676
30601
30706
30545
30417
30521
30499
30588
30559
30674
30610
30431
30710
30775
30633
30497
30468
30606
30819
30731
30744
30532
30510
30758
30643
30547
30569
30668
30640
30652
30678
30675
30653
30697
30609
30500
30574
30560
30667
30675
30570
30693
30646
30518
30612
30507
30611
30577
30562
30745
30606
30761
30710
30501
30613
30548
30785
30516
30536
30604
30684
30664
30770
30558
30584
30591
30683
30615
30575
30545
30762
30762
30667
30600
30518
30688
30840
30759
30521
30498
30722
30733
30670
30645
30589
30732
30757
30649
30616
30655
30890
30897
30555
30603
30568
30857
30726
30711
30564
30579
30716
30734
30645
30602
30517
30736
30677
30659
30570
30654
30682
30656
30651
30550
30704
30648
30575
30662
30409
30604
30738
30590
30631
30401
30624
30718
30614
30361
30564
30711
30654
30582
30537
30568
30658
30605
30632
30413
30699
30792
30705
30592
30464
30696
30732
30580
30614
30510
30786
30515
30559
30684
30649
30625
30668
30586
30569
30662
30588
30665
30684
30573
30602
30496
30568
30628
30544
30777
30393
30495
30602
30646
30666
30467
30615
30498
30554
30811
30488
30413
30394
30550
30746
30481
30458
30463
30631
30722
30432
30426
30531
30563
30541
30584
30617
30621
30528
30671
30493
30469
30546
30627
30508
30625
30604
30621
30425
30584
30759
30620
30673
30421
30652
30800
30605
30705
30502
30671
30762
30558
30685
30414
30685
30838
30502
30659
30578
30707
30818
30639
30567
30568
30584
30692
30515
30689
30567
30599
30704
30578
30614
30702
30557
30796
30633
30599
30752
30641
30751
30671
30680
30655
30539
30732
30696
30709
30609
30651
30771
30576
30764
30656
30665
30793
30540
30780
30642
30637
30766
30540
30807
30529
30601
30823
30595
30733
30695
30627
30752
30381
30681
30457
30545
30724
30432
30602
30582
30679
30775
30448
30505
30592
30585
30569
30561
30677
30854
30642
30691
30586
30609
30717
30567
30446
30570
30589
30855
30639
30588
30615
30599
30754
30426
30479
30646
30665
30619
30569
30669
30783
30443
30651
30481
30701
30709
30708
30570
30502
30807
30800
30452
30586
30493
30643
30694
30567
30667
30470
30664
30866
30581
30497
30541
30713
30676
30687
30529
30522
30761
30649
30696
30396
30615
30726
30651
30646
30473
30714
30710
30622
30738
30551
30610
30579
30642
30643
30660
30712
30716
30501
30587
30754
30640
30551
30598
30602
30691
30652
30682
30662
30679
30653
30588
30588
30490
30704
30507
30585
30693
30567
30680
30437
30471
30613
30683
30721
30501
30529
30555
30563
30635
30469
30462
30559
30511
30716
30610
30540
30602
30570
30526
30539
30594
30618
30662
30643
30649
30539
30597
30629
30511
30670
30710
30661
30613
30610
30731
30626
30623
30601
30565
30753
30734
30580
30651
30639
30655
30615
30613
30652
30654
30724
30662
30621
30601
30700
30680
30686
30615
30596
30562
30595
30691
30666
30667
30634
30523
30647
30775
30559
30641
30350
30636
30655
30656
30637
30463
30773
30799
30563
30587
30523
30755
30639
30617
30643
30669
30575
30701
30558
30670
30734
30857
30510
30581
30656
30774
30855
30562
30644
30624
30726
30835
30453
30607
30776
30590
30676
30374
30665
30798
30617
30714
30508
30592
30680
30615
30673
30432
30454
30605
30664
30738
30518
30531
30665
30753
30687
30492
30525
30501
30812
30642
30598
30595
30636
30668
30732
30591
30608
30598
30720
30702
30517
30661
30648
30676
30635
30603
30602
30565
30710
30701
30507
30590
30576
30591
30661
30468
30570
30540
30678
30844
30464
30381
30709
30736
30555
30486
30518
30675
30743
30715
30551
30436
30699
30738
30672
30449
30537
30750
30804
30699
30627
30480
30744
30844
30462
30569
30500
30719
30726
30714
30563
30549
30648
30658
30564
30701
30421
30638
30666
30617
30708
30564
30641
30757
30499
30632
30670
30558
30638
30728
30582
30646
30578
30579
30731
30685
30560
30436
30722
30685
30603
30693
30443
30658
30705
30725
30607
30493
30467
30750
30687
30662
30661
30624
30731
30660
30600
30728
30564
30684
30739
30610
30747
30613
30600
30706
30701
30676
30569
30576
30554
30632
30711
30633
30737
30707
30611
30632
30824
30848
30681
30509
30582
30790
30800
30708
30554
30635
30746
30832
30589
30530
30726
30820
30790
30517
30603
30701
30761
30605
30559
30642
30662
30613
30511
30480
30722
30574
30541
30631
30619
30694
30641
30619
30509
30618
30516
30641
30520
30710
30679
30678
30668
30668
30676
30603
30631
30732
30584
30695
30745
30538
30727
30515
30614
30583
30646
30691
30657
30624
30655
30586
30629
30706
30645
30581
30551
30720
30670
30733
30457
30432
30598
30695
30655
30593
30470
30579
30756
30608
30652
30404
30503
30654
30761
30774
30560
30521
30558
30707
30728
30459
30681
30552
30726
30678
30602
30795
30629
30672
30617
30697
30685
30680
30635
30646
30692
30843
30548
30493
30552
30897
30793
30582
30548
30760
30699
30715
30553
30549
30749
30903
30708
30485
30527
30825
30815
30667
30492
30454
30710
30729
30756
30510
30511
30824
30628
30572
30492
30491
30788
30661
30768
30459
30488
30700
30561
30754
30600
30588
30608
30606
30718
30630
30492
30573
30594
30556
30687
30479
30602
30569
30683
30809
30583
30587
30458
30656
30711
30738
30729
30515
30530
30641
30594
30530
30496
30671
30641
30580
30744
30515
30749
30616
30662
30695
30577
30760
30602
30583
30792
30745
30667
30592
30501
30763
30603
30834
30556
30555
30594
30654
30705
30671
30559
30674
30735
30648
30665
30514
30522
30624
30639
30695
30671
30518
30596
30584
30716
30709
30438
30565
30519
30604
30771
30569
30626
30561
30626
30639
30612
30495
30587
30561
30588
30544
30758
30550
30484
30609
30634
30725
30635
30377
30663
30687
30604
30520
30483
30645
30732
30713
30642
30433
30658
30704
30667
30612
30448
30752
30632
30699
30542
30535
30622
30473
30616
30586
30542
30437
30568
30691
30626
30554
30519
30542
30580
30692
30638
30545
30561
30797
30614
30646
30592
30549
30509
30699
30628
30544
30664
30735
30653
30543
30630
30713
30696
30535
30480
30628
30836
30700
30453
30412
30628
30702
30541
30434
30576
30702
30612
30647
30512
30513
30554
30493
30454
30596
30708
30707
30537
30545
30709
30611
30576
30390
30502
30634
30682
30649
30473
30482
30653
30606
30588
30433
30543
30619
30550
30689
30485
30596
30640
30456
30592
30684
30580
30571
30413
30526
30675
30618
30461
30527
30730
30522
30567
30695
30467
30511
30563
30552
30532
30564
30579
30644
30621
30567
30535
30638
30453
30783
30623
30586
30554
30704
30763
30668
30448
30538
30628
30798
30547
30566
30612
30818
30829
30496
30538
30585
30680
30849
30614
30620
30648
30601
30750
30569
30821
30638
30511
30673
30662
30674
30657
30589
30788
30706
30573
30689
30481
30642
30713
30611
30687
30520
30597
30648
30690
30720
30605
30651
30684
30748
30710
30644
30573
30550
30673
30695
30458
30500
30606
30788
30658
30537
30465
30657
30681
30604
30488
30549
30645
30782
30647
30497
30426
30650
30716
30447
30503
30528
30814
30630
30555
30514
30428
30598
30482
30469
30685
30575
30710
30584
30417
30724
30671
30455
30416
30399
30595
30754
30623
30501
30386
30658
30698
30441
30398
30340
30657
30595
30486
30564
30425
30712
30504
30467
30549
30408
30564
30493
30523
30681
30463
30743
30443
30521
30699
30531
30595
30460
30518
30718
30532
30879
30585
30610
30690
30514
30728
30580
30686
30573
30533
30541
30766
30549
30614
30547
30632
30597
30696
30616
30525
30506
30650
30623
30547
30576
30539
30703
30615
30699
30572
30580
30495
30599
30557
30624
30523
30467
30745
30622
30729
30618
30597
30630
30616
30733
30564
30505
30625
30726
30718
30614
30566
30590
30614
30804
30558
30608
30493
30707
30755
30563
30665
30548
30689
30560
30576
30582
30520
30645
30557
30434
30464
30468
30593
30606
30508
30526
30527
30681
30500
30555
30437
30654
30545
30554
30533
30498
30670
30782
30521
30571
30643
30515
30772
30690
30584
30618
30628
30625
30507
30619
30638
30587
30776
30541
30599
30636
30611
30756
30555
30631
30679
30645
30638
30433
30579
30691
30723
30451
30478
30719
30616
30590
30562
30480
30716
30516
30539
30428
30487
30709
30657
30463
30498
30522
30787
30505
30423
30641
30619
30874
30490
30469
30692
30693
30694
30578
30477
30637
30651
30720
30487
30571
30752
30697
30605
30431
30542
30776
30712
30718
30451
30625
30773
30623
30557
30404
30727
30677
30627
30522
30556
30565
30664
30544
30628
30516
30587
30596
30611
30592
30685
30677
30672
30438
30632
30712
30723
30644
30531
30540
30686
30704
30509
30498
30564
30708
30675
30664
30555
30599
30735
30753
30553
30560
30606
30683
30679
30600
30501
30593
30614
30574
30651
30588
30470
30462
30578
30883
30590
30483
30537
30723
30562
30457
30507
30537
30534
30722
30670
30522
30534
30626
30682
30568
30466
30577
30510
30659
30698
30460
30569
30604
30751
30678
30563
30451
30545
30667
30648
30508
30615
30528
30527
30689
30444
30523
30635
30703
30563
30547
30623
30644
30587
30587
30505
30552
30667
30551
30672
30574
30733
30609
30491
30648
30483
30675
30582
30551
30671
30665
30548
30591
30478
30663
30601
30565
30484
30425
30739
30521
30492
30564
30450
30638
30747
30547
30514
30421
30619
30444
30590
30471
30495
30546
30636
30660
30688
30473
30470
30514
30557
30743
30598
30572
30540
30782
30673
30602
30366
30386
30754
30627
30654
30530
30524
30709
30669
30724
30548
30500
30604
30727
30664
30791
30543
30614
30611
30640
30756
30528
30730
30503
30583
30707
30563
30674
30667
30671
30587
30593
30669
30736
30605
30529
30495
30588
30559
30514
30512
30608
30568
30576
30707
30529
30501
30537
30586
30659
30711
30622
30560
30607
30676
30573
30531
30547
30630
30779
30598
30691
30577
30751
30754
30736
30575
30619
30760
30646
30748
30771
30664
30715
30687
30572
30829
30729
30643
30591
30743
30782
30711
30663
30687
30736
30817
30599
30608
30633
30543
30812
30521
30687
30563
30565
30754
30691
30435
30484
30696
30631
30634
30479
30507
30681
30783
30622
30543
30547
30755
30745
30755
30421
30547
30637
30691
30780
30494
30737
30731
30646
30549
30560
30686
30688
30625
30456
30482
30809
30623
30539
30402
30546
30874
30433
30382
30378
30555
30841
30635
30461
30372
30544
30773
30638
30409
30429
30516
30694
30638
30404
30511
30399
30774
30587
30426
30563
30579
30668
30718
30435
30586
30703
30559
30788
30498
30755
30668
30503
30739
30473
30558
30691
30509
30756
30526
30645
30782
30528
30781
30512
30570
30711
30569
30613
30737
30612
30752
30627
30640
30679
30732
30771
30589
30415
30748
30739
30560
30702
30521
30718
30553
30529
30568
30614
30632
30569
30437
30616
30569
30545
30670
30529
30591
30579
30695
30672
30504
30471
30644
30621
30585
30486
30570
30679
30732
30739
30464
30458
30661
30790
30666
30492
30503
30651
30744
30617
30457
30554
30579
30729
30528
30574
30624
30571
30560
30688
30569
30613
30501
30639
30544
30700
30623
30607
30548
30781
30787
30654
30454
30464
30786
30575
30580
30452
30613
30740
30638
30529
30604
30715
30784
30557
30559
30665
30633
30748
30759
30634
30633
30475
30716
30582
30545
30618
30470
30643
30738
30498
30600
30472
30774
30519
30498
30546
30518
30646
30486
30568
30735
30528
30482
30644
30530
30650
30429
30656
30550
30524
30693
30641
30469
30555
30716
30732
30458
30467
30617
30707
30658
30522
30593
30767
30681
30591
30506
30648
30592
30542
30497
30677
30593
30720
30638
30504
30670
30696
30637
30576
30518
30784
30678
30700
30731
30448
30768
30620
30658
30452
30577
30716
30650
30712
30764
30569
30578
30604
30724
30638
30493
30589
30572
30807
30574
30511
30639
30668
30654
30545
30535
30580
30612
30747
30658
30654
30573
30555
30588
30503
30705
30612
30685
30646
30553
30605
30716
30555
30541
30571
30661
30679
30687
30681
30611
30629
30799
30708
30466
30542
30710
30692
30705
30673
30590
30681
30717
30671
30644
30649
30748
30691
30634
30724
30660
30676
30640
30648
30679
30612
30642
30612
30554
30640
30650
30475
30786
30695
30741
30604
30544
30619
30565
30550
30530
30523
30626
30537
30618
30641
30578
30541
30548
30495
30595
30468
30603
30605
30680
30774
30545
30475
30426
30663
30649
30426
30511
30610
30817
30646
30414
30573
30512
30668
30456
30567
30724
30566
30653
30591
30581
30749
30478
30429
30400
30569
30739
30588
30583
30412
30570
30698
30454
30534
30533
30696
30630
30514
30615
30699
30528
30595
30538
30570
30651
30625
30530
30565
30672
30734
30724
30521
30551
30613
30796
30693
30675
30516
30528
30729
30571
30662
30642
30507
30657
30685
30733
30566
30579
30581
30600
30756
30579
30510
30538
30638
30629
30594
30586
30505
30680
30475
30427
30593
30558
30657
30467
30461
30580
30622
30669
30396
30506
30515
30507
30620
30398
30615
30609
30463
30623
30402
30458
30528
30491
30730
30462
30484
30448
30494
30646
30620
30499
30541
30502
30666
30619
30535
30371
30512
30621
30570
30550
30478
30571
30521
30671
30552
30470
30566
30493
30705
30604
30533
30558
30507
30645
30669
30472
30548
30548
30567
30644
30579
30406
30580
30697
30650
30501
30460
30731
30597
30738
30609
30614
30702
30514
30616
30591
30691
30572
30520
30559
30556
30760
30632
30502
30403
30546
30704
30724
30553
30570
30529
30700
30601
30523
30511
30581
30648
30656
30599
30548
30642
30696
30695
30588
30653
30701
30592
30789
30709
30605
30717
30548
30724
30597
30544
30853
30528
30686
30593
30566
30683
30691
30659
30614
30635
30655
30662
30609
30453
30560
30615
30745
30651
30557
30494
30618
30799
30630
30314
30472
30526
30651
30752
30504
30650
30482
30727
30582
30463
30558
30523
30600
30725
30471
30554
30616
30674
30666
30579
30547
30524
30606
30611
30619
30520
30663
30601
30750
30544
30545
30809
30644
30601
30546
30547
30614
30663
30543
30556
30544
30748
30672
30433
30395
30616
30608
30549
30550
30528
30565
30550
30815
30724
30448
30380
30573
30608
30804
30506
30537
30623
30626
30758
30595
30426
30616
30600
30751
30528
30392
30539
30607
30740
30563
30539
30703
30600
30588
30582
30537
30595
30584
30602
30569
30554
30753
30620
30562
30470
30644
30698
30530
30681
30495
30697
30811
30707
30705
30495
30642
30650
30707
30780
30524
30546
30596
30650
30763
30585
30507
30669
30670
30818
30644
30578
30571
30797
30668
30720
30399
30850
30751
30615
30606
30665
30907
30722
30409
30520
30670
30678
30802
30388
30565
30652
30655
30667
30356
30526
30657
30571
30670
30489
30542
30601
30633
30825
30449
30447
30582
30471
30766
30327
30498
30685
30499
30598
30573
30511
30619
30556
30557
30506
30436
30612
30509
30656
30508
30659
30699
30453
30469
30655
30725
30645
30493
30511
30644
30609
30735
30464
30507
30536
30666
30684
30559
30587
30555
30626
30746
30668
30404
30527
30679
30711
30591
30593
30553
30786
30761
30516
30538
30650
30671
30588
30490
30558
30614
30621
30624
30437
30498
30635
30651
30463
30481
30554
30718
30562
30601
30566
30664
30611
30508
30501
30470
30589
30549
30469
30428
30556
30495
30596
30419
30418
30608
30604
30521
30495
30509
30545
30581
30627
30761
30496
30507
30538
30621
30735
30580
30439
30545
30603
30770
30613
30460
30616
30634
30932
30580
30559
30620
30621
30809
30551
30560
30542
30467
30782
30636
30601
30556
30573
30769
30587
30751
30553
30704
30642
30580
30683
30550
30612
30704
30455
30521
30437
30604
30654
30455
30629
30663
30547
30601
30613
30655
30662
30629
30618
30502
30570
30576
30650
30644
30564
30446
30690
30523
30642
30583
30594
30494
30586
30681
30715
30537
30665
30639
30642
30708
30538
30604
30548
30737
30510
30560
30441
30601
30697
30593
30553
30563
30643
30723
30529
30522
30563
30612
30731
30619
30619
30510
30577
30677
30637
30546
30401
30582
30660
30613
30726
30535
30523
30789
30683
30509
30497
30519
30760
30727
30534
30442
30610
30582
30627
30434
30553
30574
30730
30681
30597
30420
30602
30609
30671
30441
30479
30597
30651
30799
30442
30623
30776
30623
30532
30589
30598
30624
30661
30695
30515
30595
30686
30607
30643
30456
30717
30652
30663
30550
30545
30706
30697
30617
30718
30541
30720
30714
30805
30633
30492
30642
30672
30697
30684
30595
30565
30650
30743
30639
30613
30476
30635
30795
30511
30702
30490
30649
30773
30596
30553
30475
30630
30644
30552
30593
30397
30618
30454
30592
30762
30487
30486
30507
30489
30694
30570
30465
30446
30634
30669
30634
30506
30440
30475
30808
30647
30528
30445
30578
30890
30595
30468
30482
30643
30693
30745
30618
30719
30593
30814
30633
30517
30577
30727
30792
30604
30557
30725
30807
30541
30635
30637
30778
30672
30592
30560
30621
30813
30787
30444
30584
30540
30769
30603
30474
30765
30570
30774
30552
30583
30667
30665
30627
30487
30493
30472
30737
30707
30492
30599
30706
30746
30604
30448
30563
30535
30659
30601
30582
30701
30586
30736
30530
30544
30584
30701
30636
30537
30512
30591
30667
30783
30498
30507
30459
30610
30854
30465
30527
30417
30631
30684
30675
30641
30567
30564
30692
30571
30676
30502
30503
30618
30622
30847
30641
30578
30554
30698
30855
30666
30557
30459
30668
30666
30726
30728
30374
30721
30774
30648
30540
30476
30608
30788
30673
30622
30589
30613
30803
30691
30625
30660
30441
30661
30705
30454
30594
30443
30781
30547
30557
30569
30478
30804
30726
30571
30574
30565
30747
30616
30643
30563
30603
30573
30715
30528
30615
30696
30679
30544
30460
30586
30607
30506
30593
30595
30654
30727
30558
30701
30554
30699
30602
30607
30647
30605
30586
30742
30535
30769
30528
30492
30693
30511
30711
30690
30433
30591
30608
30630
30697
30456
30527
30551
30616
30599
30514
30652
30472
30560
30759
30565
30568
30431
30545
30702
30528
30524
30605
30513
30636
30664
30571
30595
30536
30696
30428
30536
30681
30497
30632
30660
30560
30619
30446
30532
30670
30623
30614
30439
30681
30660
30576
30711
30573
30641
30636
30492
30642
30526
30676
30688
30619
30597
30528
30811
30550
30571
30525
30533
30644
30559
30516
30579
30552
30635
30535
30528
30625
30607
30526
30555
30539
30523
30654
30739
30563
30475
30612
30577
30610
30564
30470
30623
30695
30697
30648
30509
30646
30697
30791
30700
30640
30692
30562
30663
30727
30630
30790
30581
30711
30682
30649
30685
30664
30612
30741
30508
30573
30732
30575
30804
30542
30530
30663
30550
30632
30626
30449
30623
30727
30666
30580
30519
30768
30651
30640
30465
30543
30661
30708
30646
30543
30474
30619
30802
30594
30513
30632
30499
30709
30623
30513
30736
30597
30748
30482
30395
30480
30628
30610
30565
30433
30572
30496
30426
30550
30553
30524
30494
30612
30553
30565
30524
30551
30387
30487
30567
30483
30611
30554
30536
30633
30500
30623
30591
30496
30632
30528
30634
30634
30597
30698
30419
30634
30572
30506
30578
30551
30561
30519
30463
30645
30454
30526
30567
30576
30645
30603
30575
30552
30537
30419
30545
30601
30569
30682
30604
30630
30529
30609
30666
30421
30521
30518
30613
30755
30586
30699
30596
30716
30772
30448
30570
30492
30706
30623
30594
30561
30574
30661
30569
30543
30374
30460
30483
30648
30786
30561
30487
30499
30571
30619
30432
30609
30411
30555
30707
30582
30585
30475
30535
30630
30549
30506
30547
30507
30635
30650
30578
30458
30484
30713
30592
30549
30416
30453
30689
30507
30442
30518
30532
30583
30564
30337
30422
30579
30546
30455
30377
30465
30604
30566
30563
30381
30418
30431
30463
30527
30436
30437
30475
30402
30414
30469
30415
30502
30533
30572
30502
30488
30513
30576
30423
30622
30524
30694
30661
30454
30545
30534
30490
30516
30367
30545
30724
30680
30618
30454
30769
30716
30602
30469
30506
30615
30765
30805
30658
30540
30678
30837
30549
30581
30680
30759
30798
30672
30698
30605
30645
30775
30631
30723
30574
30721
30659
30601
30761
30609
30738
30560
30576
30678
30639
30670
30599
30502
30702
30525
30579
30420
30584
30663
30616
30619
30591
30706
30625
30597
30740
30608
30672
30680
30555
30581
30605
30646
30473
30667
30588
30612
30588
30622
30568
30718
30656
30533
30530
30606
30754
30735
30502
30565
30565
30584
30641
30479
30639
30612
30532
30533
30669
30754
30413
30487
30660
30612
30572
30552
30545
30634
30784
30653
30443
30434
30574
30588
30731
30603
30466
30660
30642
30623
30699
30487
30578
30582
30694
30691
30570
30629
30622
30719
30842
30450
30497
30647
30718
30728
30420
30572
30551
30710
30608
30568
30680
30798
30631
30559
30625
30607
30744
30571
30564
30466
30694
30728
30541
30421
30775
30627
30656
30467
30505
30715
30778
30913
30432
30524
30657
30711
30810
30509
30571
30527
30604
30872
30413
30623
30596
30576
30778
30380
30630
30534
30551
30871
30419
30583
30528
30571
30806
30463
30717
30452
30518
30814
30519
30603
30526
30472
30746
30665
30663
30487
30507
30760
30574
30745
30376
30462
30759
30633
30812
30516
30413
30707
30666
30552
30415
30399
30649
30625
30642
30475
30492
30718
30560
30609
30470
30624
30711
30631
30630
30546
30555
30581
30523
30593
30582
30616
30654
30535
30550
30589
30672
30693
30663
30679
30666
30678
30720
30687
30614
30657
30641
30562
30626
30634
30690
30618
30530
30697
30635
30636
30541
30506
30758
30589
30808
30447
30504
30692
30560
30777
30643
30489
30737
30652
30676
30453
30506
30664
30553
30809
30501
30539
30636
30624
30712
30686
30594
30638
30467
30742
30612
30617
30525
30612
30698
30562
30523
30428
30589
30730
30706
30641
30411
30574
30701
30566
30699
30436
30544
30684
30431
30551
30583
30663
30575
30569
30628
30620
30534
30648
30566
30691
30550
30539
30758
30628
30535
30612
30483
30539
30698
30533
30622
30558
30557
30697
30722
30426
30650
30550
30586
30600
30500
30626
30507
30562
30589
30558
30691
30396
30465
30595
30633
30596
30485
30526
30732
30660
30600
30474
30462
30740
30708
30558
30587
30493
30869
30774
30518
30692
30510
30855
30694
30664
30663
30578
30783
30708
30514
30587
30585
30658
30741
30425
30624
30555
30661
30769
30524
30518
30553
30646
30842
30301
30634
30757
30610
30673
30424
30580
30671
30683
30745
30430
30540
30664
30632
30633
30431
30616
30604
30609
30676
30554
30721
30662
30685
30542
30462
30595
30555
30546
30567
30456
30707
30762
30521
30524
30531
30693
30804
30633
30406
30486
30774
30770
30706
30477
30477
30655
30668
30615
30324
30625
30531
30689
30583
30453
30680
30594
30625
30692
30494
30635
30528
30660
30688
30650
30694
30431
30552
30721
30659
30608
30353
30673
30832
30535
30667
30507
30632
30704
30668
30564
30575
30610
30755
30622
30612
30650
30776
30604
30647
30607
30705
30741
30712
30487
30598
30703
30628
30627
30582
30784
30742
30769
30577
30526
30845
30676
30672
30574
30613
30693
30758
30718
30593
30637
30721
30741
30481
30604
30583
30682
30674
30710
30605
30496
30570
30775
30705
30658
30577
30456
30787
30661
30774
30578
30511
30668
30695
30749
30628
30596
30672
30723
30744
30825
30563
30639
30719
30749
30775
30557
30667
30636
30717
30707
30670
30690
30679
30679
30641
30571
30574
30661
30579
30695
30557
30705
30611
30606
30701
30571
30592
30619
30754
30739
30551
30740
30734
30883
30693
30502
30711
30765
30809
30535
30538
30731
30697
30762
30630
30598
30609
30610
30692
30543
30778
30747
30685
30665
30741
30657
30607
30645
30741
30601
30550
30649
30601
30660
30855
30686
30501
30361
30605
30747
30487
30616
30535
30714
30596
30604
30659
30547
30537
30709
30478
30574
30578
30530
30593
30567
30732
30521
30320
30426
30626
30527
30608
30432
30527
30657
30569
30517
30588
30652
30590
30505
30689
30603
30549
30797
30591
30531
30651
30505
30695
30629
30606
30832
30540
30809
30682
30569
30671
30512
30638
30619
30567
30616
30482
30681
30781
30583
30636
30483
30664
30616
30603
30614
30532
30856
30636
30637
30562
30601
30739
30477
30590
30601
30640
30787
30562
30671
30722
30579
30740
30496
30792
30485
30684
30674
30522
30736
30731
30760
30580
30590
30753
30671
30787
30554
30596
30598
30677
30614
30595
30612
30597
30599
30574
30428
30689
30561
30460
30562
30648
30722
30534
30572
30396
30605
30563
30435
30510
30506
30640
30629
30410
30495
30602
30443
30640
30583
30462
30620
30566
30480
30668
30655
30597
30464
30578
30601
30701
30759
30467
30380
30602
30555
30594
30552
30499
30600
30616
30717
30592
30487
30541
30643
30621
30679
30608
30631
30679
30608
30787
30681
30568
30464
30660
30776
30559
30550
30576
30775
30736
30645
30492
30530
30731
30756
30641
30439
30492
30664
30724
30751
30594
30517
30470
30716
30565
30485
30652
30649
30595
30630
30448
30683
30649
30568
30668
30487
30697
30772
30678
30551
30478
30602
30651
30577
30824
30496
30641
30583
30468
30793
30420
30537
30448
30509
30799
30550
30652
30480
30452
30731
30503
30542
30557
30514
30596
30551
30733
30605
30587
30542
30488
30635
30595
30715
30546
30471
30735
30784
30645
30441
30523
30731
30707
30703
30520
30521
30702
30619
30623
30575
30575
30843
30587
30681
30627
30540
30711
30668
30488
30550
30454
30784
30713
30580
30602
30568
30692
30653
30601
30500
30708
30633
30777
30611
30658
30584
30645
30756
30508
30512
30647
30657
30734
30563
30595
30618
30589
30501
30512
30583
30696
30713
30567
30565
30534
30580
30635
30480
30568
30737
30579
30655
30577
30597
30584
30569
30522
30481
30531
30635
30657
30647
30531
30563
30589
30569
30543
30581
30449
30499
30619
30656
30742
30333
30510
30686
30561
30486
30391
30477
30707
30468
30692
30499
30613
30667
30479
30538
30401
30605
30613
30526
30591
30552
30691
30690
30559
30678
30563
30658
30626
30625
30717
30559
30804
30612
30677
30538
30614
30591
30600
30625
30662
30629
30541
30517
30627
30689
30624
30659
30493
30608
30686
30652
30726
30723
30452
30590
30756
30511
30669
30560
30541
30493
30744
30530
30586
30579
30515
30635
30653
30596
30434
30510
30574
30606
30565
30595
30484
30591
30617
30727
30573
30627
30511
30522
30526
30674
30592
30601
30526
30624
30779
30656
30517
30464
30664
30741
30670
30441
30462
30654
30712
30775
30448
30423
30654
30750
30558
30368
30421
30529
30641
30703
30391
30343
30492
30456
30732
30531
30495
30377
30637
30565
30530
30473
30521
30556
30682
30653
30582
30459
30498
30706
30498
30518
30354
30517
30682
30616
30647
30563
30604
30558
30614
30646
30511
30418
30440
30739
30657
30635
30629
30619
30613
30602
30567
30479
30514
30613
30798
30632
30624
30545
30608
30707
30515
30470
30519
30726
30678
30630
30565
30580
30722
30635
30562
30522
30579
30705
30677
30641
30549
30641
30730
30547
30620
30662
30659
30586
30634
30742
30659
30521
30550
30605
30648
30665
30650
30582
30553
30571
30555
30710
30590
30558
30588
30718
30671
30707
30542
30518
30533
30699
30728
30433
30521
30584
30733
30745
30463
30457
30460
30632
30688
30530
30610
30372
30598
30679
30459
30627
30489
30550
30699
30629
30615
30516
30565
30547
30575
30511
30650
30654
30581
30696
30659
30592
30669
30550
30652
30645
30651
30616
30668
30700
30538
30607
30594
30680
30726
30680
30591
30654
30705
30762
30755
30601
30602
30828
30749
30699
30637
30619
30768
30752
30743
30562
30469
30784
30768
30585
30711
30567
30732
30647
30717
30644
30678
30658
30674
30628
30611
30664
30708
30618
30620
30642
30632
30544
30448
30605
30637
30719
30617
30539
30669
30656
30612
30658
30443
30601
30618
30621
30681
30569
30682
30689
30522
30528
30529
30824
30469
30589
30613
30595
30770
30670
30516
30594
30604
30684
30543
30613
30627
30565
30793
30429
30436
30620
30604
30691
30512
30414
30749
30587
30755
30697
30475
30583
30562
30707
30674
30464
30604
30565
30660
30774
30453
30400
30557
30527
30824
30526
30479
30576
30689
30812
30603
30523
30739
30596
30675
30834
30566
30749
30584
30654
30699
30470
30704
30531
30588
30629
30612
30731
30499
30588
30584
30581
30703
30598
30563
30621
30413
30654
30626
30545
30695
30537
30545
30555
30781
30730
30469
30586
30501
30624
30853
30558
30663
30543
30589
30769
30597
30551
30551
30590
30782
30699
30529
30497
30561
30696
30699
30538
30425
30497
30688
30604
30461
30655
30507
30681
30615
30584
30469
30617
30619
30684
30559
30478
30633
30718
30613
30532
30497
30598
30703
30493
30656
30461
30750
30695
30522
30518
30577
30730
30713
30423
30610
30596
30654
30826
30343
30592
30647
30577
30730
30527
30635
30569
30514
30681
30462
30743
30353
30444
30635
30562
30579
30512
30497
30723
30589
30590
30517
30635
30635
30598
30652
30513
30704
30530
30546
30540
30630
30651
30640
30535
30690
30683
30656
30574
30622
30705
30866
30620
30525
30613
30639
30746
30530
30621
30769
30684
30727
30489
30556
30792
30676
30673
30356
30533
30710
30720
30789
30360
30457
30689
30631
30641
30344
30533
30685
30703
30744
30406
30645
30775
30560
30613
30586
30618
30788
30664
30709
30598
30560
30662
30557
30605
30717
30470
30679
30702
30598
30717
30451
30608
30711
30560
30700
30442
30605
30587
30622
30800
30477
30411
30632
30472
30690
30507
30530
30497
30485
30791
30528
30416
30400
30624
30836
30641
30453
30532
30583
30776
30415
30492
30523
30541
30642
30591
30523
30572
30568
30565
30458
30634
30541
30601
30465
30541
30666
30743
30644
30505
30445
30560
30638
30557
30546
30552
30553
30540
30665
30675
30669
30495
30691
30603
30572
30574
30428
30600
30771
30795
30628
30505
30592
30680
30652
30720
30489
30600
30635
30742
30603
30551
30695
30679
30675
30638
30602
30633
30767
30821
30694
30564
30598
30633
30703
30726
30608
30461
30711
30656
30613
30415
30562
30723
30531
30777
30546
30676
30641
30601
30629
30593
30464
30603
30601
30736
30462
30560
30575
30615
30654
30514
30492
30618
30871
30634
30492
30575
30735
30648
30601
30452
30494
30678
30747
30625
30562
30513
30660
30645
30498
30543
30654
30832
30654
30673
30539
30710
30842
30541
30625
30571
30727
30734
30721
30749
30553
30829
30802
30641
30499
30601
30822
30645
30619
30626
30506
30770
30569
30523
30689
30701
30855
30498
30547
30613
30787
30719
30542
30454
30493
30806
30727
30609
30582
30681
30701
30680
30571
30523
30625
30615
30631
30601
30725
30599
30694
30650
30712
30538
30628
30714
30594
30680
30720
30711
30703
30635
30697
30770
30744
30741
30490
30620
30600
30731
30659
30600
30714
30562
30681
30739
30515
30743
30692
30483
30713
30644
30815
30642
30548
30505
30583
30770
30562
30467
30600
30590
30641
30778
30539
30468
30547
30659
30586
30634
30633
30717
30611
30664
30664
30563
30643
30810
30638
30687
30593
30824
30749
30627
30730
30648
30784
30686
30683
30631
30695
30686
30708
30692
30660
30596
30542
30736
30752
30551
30678
30604
30733
30593
30568
30523
30530
30720
30655
30693
30539
30427
30643
30707
30515
30475
30472
30656
30554
30820
30573
30511
30532
30683
30674
30479
30487
30601
30815
30603
30564
30565
30571
30735
30578
30522
30590
30459
30636
30614
30629
30693
30456
30724
30502
30675
30645
30595
30763
30612
30743
30831
30519
30695
30676
30739
30708
30689
30738
30576
30641
30874
30653
30709
30672
30683
30839
30641
30673
30586
30730
30677
30704
30601
30776
30618
30593
30651
30675
30775
30606
30474
30567
30789
30648
30641
30359
30681
30778
30624
30587
30391
30672
30776
30619
30615
30539
30604
30599
30563
30764
30450
30575
30497
30521
30854
30538
30589
30511
30523
30570
30659
30469
30434
30533
30626
30680
30735
30467
30625
30558
30526
30600
30580
30635
30534
30565
30630
30482
30428
30504
30486
30706
30518
30535
30605
30593
30612
30643
30550
30560
30522
30596
30644
30524
30743
30561
30539
30568
30447
30628
30477
30598
30722
30599
30615
30592
30680
30691
30591
30585
30641
30543
30813
30617
30511
30597
30632
30677
30579
30654
30622
30681
30683
30661
30624
30638
30490
30646
30651
30681
30656
30638
30673
30662
30662
30716
30620
30570
30598
30648
30639
30753
30750
30582
30502
30725
30684
30624
30711
30482
30625
30699
30702
30721
30625
30756
30501
30663
30833
30459
30689
30506
30684
30707
30608
30731
30533
30612
30702
30585
30627
30340
30509
30662
30548
30650
30482
30643
30605
30498
30510
30560
30618
30436
30600
30572
30522
30640
30510
30550
30461
30574
30745
30464
30587
30458
30610
30590
30390
30525
30475
30629
30769
30422
30554
30464
30720
30533
30427
30467
30540
30690
30548
30533
30601
30602
30580
30599
30391
30578
30548
30716
30507
30487
30526
30517
30659
30434
30600
30568
30541
30605
30681
30639
30601
30506
30627
30504
30690
30828
30411
30519
30646
30719
30598
30505
30632
30632
30668
30684
30548
30528
30668
30552
30641
30580
30604
30567
30513
30581
30676
30475
30607
30444
30555
30848
30566
30513
30457
30493
30544
30536
30428
30540
30652
30733
30551
30450
30569
30515
30717
30462
30552
30636
30590
30697
30633
30539
30766
30646
30546
30534
30678
30722
30651
30685
30658
30656
30707
30774
30678
30807
30682
30602
30642
30474
30747
30584
30609
30656
30574
30644
30505
30558
30629
30636
30515
30578
30592
30643
30702
30664
30491
30608
30549
30524
30586
30620
30572
30669
30685
30474
30541
30634
30580
30550
30489
30620
30839
30639
30513
30537
30736
30782
30683
30493
30508
30681
30737
30790
30599
30554
30816
30736
30582
30525
30664
30739
30681
30700
30601
30600
30784
30680
30635
30579
30625
30739
30686
30645
30550
30605
30793
30755
30500
30617
30643
30753
30665
30516
30645
30480
30786
30762
30432
30634
30592
30672
30564
30366
30567
30524
30653
30597
30434
30588
30477
30633
30619
30485
30580
30515
30656
30621
30442
30588
30691
30571
30591
30576
30723
30546
30520
30629
30619
30739
30568
30497
30665
30679
30829
30536
30437
30628
30739
30668
30707
30377
30647
30871
30581
30648
30419
30695
30744
30622
30579
30598
30706
30708
30441
30693
30497
30635
30622
30468
30693
30543
30701
30664
30410
30563
30673
30527
30697
30400
30530
30659
30657
30647
30454
30562
30637
30556
30655
30447
30554
30657
30604
30754
30550
30599
30626
30396
30651
30449
30560
30484
30456
30579
30652
30637
30521
30487
30708
30640
30585
30565
30488
30695
30677
30813
30622
30578
30492
30708
30707
30473
30596
30646
30792
30728
30590
30687
30700
30764
30738
30682
30594
30726
30748
30666
30633
30740
30701
30590
30603
30519
30645
30683
30730
30663
30560
30678
30814
30642
30677
30538
30612
30600
30685
30683
30521
30574
30662
30670
30589
30549
30532
30586
30581
30682
30536
30653
30638
30455
30705
30748
30574
30556
30568
30727
30648
30646
30718
30507
30836
30797
30730
30560
30624
30719
30765
30614
30607
30563
30643
30701
30517
30586
30686
30615
30639
30619
30487
30618
30618
30841
30417
30584
30546
30609
30631
30503
30584
30411
30708
30693
30499
30636
30608
30612
30746
30479
30568
30463
30726
30656
30533
30724
30553
30727
30681
30455
30531
30673
30709
30689
30533
30667
30726
30585
30716
30636
30605
30691
30579
30540
30503
30661
30717
30511
30636
30715
30635
30912
30540
30520
30793
30781
30746
30552
30558
30632
30650
30750
30742
30549
30549
30658
30678
30614
30633
30502
30651
30655
30742
30696
30487
30552
30689
30673
30763
30418
30520
30722
30527
30669
30520
30451
30587
30492
30631
30722
30581
30552
30450
30655
30617
30434
30709
30316
30547
30675
30514
30497
30417
30602
30692
30485
30399
30511
30602
30626
30538
30631
30442
30500
30529
30708
30549
30450
30434
30614
30781
30539
30585
30496
30571
30785
30692
30589
30536
30427
30785
30606
30573
30467
30564
30745
30583
30576
30504
30656
30615
30652
30599
30714
30540
30597
30544
30648
30659
30526
30724
30637
30661
30585
30642
30739
30586
30747
30620
30690
30731
30643
30734
30566
30658
30797
30466
30617
30540
30693
30685
30461
30518
30546
30545
30517
30417
30591
30737
30662
30599
30405
30478
30693
30534
30500
30416
30519
30683
30660
30536
30434
30462
30806
30694
30409
30449
30481
30712
30617
30542
30433
30492
30739
30609
30508
30546
30561
30481
30616
30468
30609
30657
30767
30526
30492
30614
30748
30760
30484
30556
30575
30769
30671
30712
30515
30541
30650
30582
30684
30502
30605
30792
30607
30609
30569
30590
30742
30599
30726
30450
30545
30590
30612
30701
30535
30520
30681
30596
30560
30652
30429
30683
30765
30731
30671
30425
30621
30826
30601
30789
30336
30648
30819
30530
30706
30402
30648
30785
30438
30597
30436
30652
30741
30562
30623
30521
30516
30692
30580
30553
30621
30457
30660
30619
30618
30652
30471
30605
30753
30726
30793
30407
30533
30696
30617
30768
30342
30477
30589
30696
30641
30509
30564
30635
30635
30691
30512
30476
30583
30568
30661
30605
30633
30496
30592
30579
30707
30606
30650
30502
30644
30623
30741
30732
30425
30679
30581
30716
30622
30549
30547
30645
30660
30519
30469
30687
30732
30519
30581
30599
30564
30539
30605
30437
30636
30513
30705
30586
30522
30628
30488
30558
30575
30548
30646
30484
30643
30631
30613
30663
30573
30626
30554
30491
30579
30680
30675
30632
30497
30679
30777
30810
30394
30503
30511
30811
30680
30532
30541
30505
30719
30594
30424
30352
30669
30607
30693
30470
30646
30764
30714
30399
30466
30539
30635
30668
30583
30624
30517
30740
30591
30502
30755
30539
30594
30563
30587
30770
30722
30453
30472
30635
30695
30656
30337
30446
30761
30705
30680
30562
30427
30707
30677
30716
30593
30408
30731
30602
30776
30499
30502
30742
30632
30652
30528
30500
30689
30795
30649
30519
30511
30620
30643
30712
30531
30554
30680
30656
30605
30578
30580
30627
30551
30743
30542
30707
30663
30658
30633
30697
30583
30579
30506
30638
30633
30621
30586
30396
30576
30717
30508
30514
30493
30593
30845
30554
30602
30472
30623
30791
30618
30609
30550
30572
30635
30620
30648
30486
30538
30822
30496
30663
30503
30570
30734
30565
30767
30480
30527
30602
30568
30569
30666
30451
30618
30613
30743
30658
30631
30609
30488
30574
30691
30662
30649
30606
30673
30742
30609
30581
30530
30642
30793
30765
30544
30606
30673
30680
30743
30594
30591
30657
30666
30666
30715
30539
30624
30623
30725
30621
30505
30694
30583
30778
30779
30433
30615
30565
30614
30711
30498
30694
30572
30653
30661
30446
30847
30613
30567
30671
30483
30658
30646
30573
30745
30613
30608
30686
30581
30680
30617
30604
30552
30478
30763
30622
30640
30579
30457
30746
30559
30508
30548
30496
30602
30509
30682
30739
30523
30518
30538
30598
30799
30448
30521
30595
30654
30649
30585
30527
30601
30590
30713
30560
30567
30707
30616
30763
30631
30731
30773
30556
30795
30719
30758
30637
30567
30654
30681
30742
30709
30548
30593
30746
30686
30680
30596
30644
30468
30705
30591
30556
30568
30661
30623
30516
30610
30615
30603
30574
30551
30507
30731
30624
30681
30566
30589
30540
30525
30519
30454
30597
30626
30558
30502
30640
30695
30658
30596
30587
30543
30512
30644
30602
30647
30577
30750
30722
30543
30439
30600
30579
30559
30512
30620
30649
30703
30738
30460
30489
30522
30629
30706
30490
30496
30596
30682
30847
30435
30418
30650
30633
30638
30517
30480
30704
30567
30853
30572
30393
30573
30647
30726
30569
30497
30650
30651
30685
30665
30486
30539
30660
30642
30618
30613
30541
30632
30579
30746
30573
30371
30424
30504
30766
30824
30371
30504
30585
30581
30644
30351
30474
30717
30735
30690
30506
30537
30542
30646
30638
30418
30541
30562
30656
30753
30570
30681
30597
30510
30445
30630
30615
30579
30700
30593
30709
30570
30550
30588
30639
30520
30624
30567
30695
30596
30671
30535
30682
30752
30389
30507
30552
30769
30725
30544
30553
30714
30708
30689
30421
30585
30616
30735
30689
30581
30551
30557
30653
30603
30551
30405
30510
30757
30637
30583
30555
30522
30758
30693
30742
30470
30543
30639
30666
30675
30694
30572
30664
30535
30571
30448
30708
30631
30548
30613
30685
30772
30621
30434
30630
30617
30732
30551
30442
30627
30571
30752
30525
30532
30662
30529
30679
30507
30472
30676
30572
30745
30533
30678
30703
30500
30714
30571
30547
30519
30492
30676
30639
30690
30598
30519
30740
30647
30572
30588
30538
30633
30656
30633
30611
30641
30763
30450
30538
30604
30488
30646
30529
30499
30666
30554
30687
30534
30517
30787
30599
30646
30395
30538
30735
30514
30676
30439
30482
30677
30528
30719
30543
30440
30639
30635
30578
30510
30529
30579
30665
30736
30617
30600
30507
30752
30743
30657
30511
30585
30715
30613
30655
30497
30692
30772
30689
30603
30498
30708
30680
30646
30575
30440
30730
30637
30781
30598
30465
30628
30617
30585
30427
30527
30703
30523
30668
30682
30513
30599
30619
30559
30583
30512
30594
30611
30643
30698
30601
30683
30480
30544
30585
30618
30536
30598
30634
30563
30688
30648
30616
30662
30507
30630
30557
30609
30713
30588
30573
30596
30700
30727
30546
30489
30576
30592
30637
30576
30498
30709
30611
30779
30526
30499
30674
30567
30712
30610
30509
30743
30666
30536
30590
30627
30715
30543
30589
30533
30700
30688
30550
30655
30601
30594
30700
30567
30683
30704
30684
30752
30584
30606
30732
30675
30670
30556
30676
30669
30656
30761
30476
30516
30720
30550
30790
30612
30639
30664
30597
30815
30628
30591
30648
30548
30750
30694
30813
30690
30600
30686
30679
30702
30501
30634
30757
30775
30689
30587
30592
30678
30666
30780
30679
30645
30562
30617
30665
30571
30771
30503
30608
30558
30583
30730
30528
30675
30807
30446
30545
30605
30583
30632
30468
30567
30574
30578
30663
30471
30584
30608
30594
30673
30305
30483
30632
30640
30713
30429
30472
30880
30607
30556
30463
30615
30769
30656
30592
30515
30695
30727
30676
30596
30677
30650
30775
30668
30472
30618
30574
30669
30655
30514
30904
30650
30628
30645
30678
30738
30621
30615
30501
30658
30653
30692
30712
30562
30625
30655
30641
30623
30477
30693
30610
30678
30567
30540
30780
30646
30713
30695
30528
30687
30777
30712
30528
30505
30658
30614
30656
30599
30585
30618
30710
30508
30478
30718
30653
30559
30569
30566
30799
30626
30649
30565
30554
30675
30653
30612
30627
30572
30651
30441
30622
30732
30503
30717
30518
30702
30787
30593
30604
30583
30711
30814
30508
30738
30575
30589
30758
30435
30607
30543
30560
30751
30447
30588
30635
30694
30698
30467
30562
30552
30692
30700
30499
30509
30612
30559
30599
30590
30500
30656
30716
30563
30680
30567
30665
30769
30544
30663
30552
30685
30825
30583
30678
30528
30596
30695
30587
30525
30690
30596
30703
30639
30702
30609
30456
30745
30587
30614
30648
30533
30691
30810
30656
30628
30601
30631
30834
30529
30645
30540
30668
30704
30518
30626
30500
30704
30609
30487
30817
30704
30676
30534
30624
30805
30552
30699
30576
30638
30762
30532
30555
30592
30722
30745
30486
30629
30578
30644
30588
30481
30707
30597
30730
30637
30545
30578
30632
30516
30481
30552
30409
30660
30526
30627
30796
30534
30506
30579
30598
30672
30473
30560
30503
30654
30715
30590
30364
30504
30650
30766
30544
30415
30655
30713
30772
30528
30509
30787
30710
30717
30565
30522
30763
30585
30813
30419
30520
30723
30731
30675
30537
30469
30694
30522
30878
30525
30521
30609
30645
30699
30567
30430
30557
30608
30582
30627
30504
30530
30489
30647
30520
30548
30384
30492
30638
30671
30584
30453
30474
30636
30548
30565
30445
30424
30615
30543
30711
30520
30453
30627
30695
30521
30665
30504
30619
30620
30572
30729
30545
30554
30604
30563
30816
30609
30651
30822
30512
30711
30617
30567
30807
30462
30677
30487
30604
30740
30469
30591
30742
30599
30685
30513
30593
30687
30645
30621
30665
30567
30665
30559
30692
30664
30705
30826
30492
30509
30692
30722
30577
30590
30631
30835
30464
30581
30543
30756
30666
30588
30579
30580
30596
30567
30560
30599
30523
30436
30661
30386
30555
30538
30673
30576
30503
30604
30636
30431
30517
30545
30780
30685
30555
30767
30473
30759
30731
30451
30708
30675
30683
30729
30592
30691
30690
30665
30741
30638
30751
30658
30576
30664
30616
30728
30625
30566
30611
30572
30726
30655
30614
30633
30673
30666
30658
30617
30707
30514
30681
30535
30657
30794
30564
30784
30604
30654
30623
30545
30721
30687
30708
30748
30515
30806
30604
30613
30717
30586
30609
30536
30458
30698
30629
30686
30661
30562
30614
30501
30729
30604
30543
30592
30484
30756
30710
30722
30593
30515
30555
30693
30624
30519
30670
30751
30755
30617
30716
30731
30588
30710
30652
30760
30791
30611
30698
30587
30816
30761
30541
30604
30576
30816
30670
30661
30690
30608
30679
30675
30668
30655
30638
30624
30602
30581
30624
30525
30662
30451
30588
30450
30698
30730
30538
30570
30560
30648
30517
30582
30577
30513
30615
30648
30569
30687
30578
30574
30543
30616
30851
30603
30704
30531
30665
30697
30680
30562
30604
30709
30884
30642
30551
30646
30747
30846
30586
30515
30499
30769
30754
30605
30501
30578
30730
30753
30571
30527
30525
30818
30733
30610
30497
30665
30704
30641
30609
30615
30595
30838
30657
30583
30652
30707
30823
30606
30625
30628
30654
30696
30614
30623
30670
30604
30769
30577
30700
30707
30512
30587
30534
30707
30636
30730
30551
30486
30521
30611
30733
30410
30532
30419
30537
30695
30611
30573
30417
30532
30752
30542
30494
30403
30576
30647
30561
30577
30423
30528
30491
30580
30412
30470
30616
30616
30541
30528
