30260
30187
30119
30190
30173
30172
30181
30108
30128
30221
30123
30186
30076
30110
30128
30222
30137
30023
30074
30048
30239
30056
29998
30177
30102
30220
30255
30043
30074
30231
30265
30243
30132
30077
30160
30175
30032
30137
30143
30192
30256
30096
30161
30013
30067
30014
30189
30175
30132
30123
29988
30126
30252
29980
30005
30041
30256
30311
30071
30023
30145
30266
30323
29902
30172
30133
30307
30199
30025
30174
30126
30184
30157
30186
30177
30148
30177
30209
30053
30325
30029
30033
30249
30150
30230
30154
30057
30030
30228
30308
30126
30084
30149
30250
30313
30230
29899
30181
30152
30355
30064
30039
30170
30078
30387
29996
30146
30185
30135
30190
29991
30173
30203
30234
30072
30052
30069
30286
30094
29969
30171
30200
30241
30157
30098
30152
30296
30300
30048
30269
30323
30345
30211
30136
30227
30325
30233
30171
30230
30222
30297
30277
30228
30227
30239
30315
30198
30322
30281
30196
30351
30200
30340
30382
30176
30175
30169
30337
30050
30130
30143
30199
30292
30208
30095
30155
30135
30191
30065
30070
30126
30253
30111
29947
30214
30095
30229
30255
30179
30195
30106
30142
30315
30203
30209
30043
30262
30100
30206
30100
30011
30222
30054
30284
30195
30175
30049
30099
30292
30150
30131
30111
30088
30097
30158
30044
30131
30242
30280
30165
30196
30222
30236
30270
30121
30194
30220
30324
30203
30186
30221
30198
30257
30249
30073
30160
30261
30169
30128
30212
30085
30228
30249
30123
30198
30149
30316
30246
30193
30129
30262
30344
30229
30142
30171
30103
30323
30220
29968
30115
30273
30092
30194
30126
30259
30175
30252
30077
30198
30237
30203
30247
30117
30159
30136
30193
30030
30244
30220
30101
30233
30186
30115
30266
30205
30127
30176
30292
30171
30232
30155
30147
30320
30120
30301
30038
30185
30377
30090
30207
30154
30340
30296
30129
30319
30242
30330
30271
30197
30321
30233
30405
30107
30187
30437
30410
30318
30192
30171
30313
30452
30278
30048
30253
30353
30425
30078
30085
30285
30303
30364
30249
30035
30208
30303
30313
30251
30150
30232
30164
30363
30196
30151
30192
30125
30314
30138
30134
30227
30089
30381
30131
30128
30241
30239
30222
30129
30233
30207
30150
30239
30096
30165
30219
30083
30324
30145
30174
30121
30114
30326
30181
30248
30226
30108
30235
30179
30166
30224
30200
30279
30204
30165
30177
30070
30044
30134
30223
30249
30117
30259
30140
30134
30159
30042
30272
30152
30306
30069
30177
30245
30241
30131
30056
30152
30124
30178
30185
30050
30205
30200
30178
30160
30186
30332
30203
30052
30140
30303
30292
30097
30160
30231
30271
30332
30143
30196
30303
30362
30183
30125
30166
30320
30323
30287
30077
30206
30231
30273
30201
30134
30129
30196
30154
30249
30154
30146
30271
30071
30165
30176
29956
30292
30199
30120
30113
30161
30183
30229
30201
30050
30220
30316
30183
30145
30021
30158
30379
30127
30187
30286
30262
30316
30132
30172
30193
30406
30179
29984
30224
30222
30158
30123
30070
30208
30224
30156
30087
30220
30163
30223
30022
30138
30221
30241
30174
30081
30355
30258
30287
30161
30080
30386
30221
30160
30268
30248
30254
30401
30255
30220
30255
30258
30226
30323
30297
30245
30282
30216
30303
30251
30204
30240
30239
30265
30270
30195
30052
30253
30280
30161
30202
30037
30091
30243
30137
30115
29999
30174
30282
30242
30144
30079
30220
30311
30257
30208
30177
30341
30271
30228
30023
30206
30441
30151
30214
30134
30236
30333
30208
30196
30114
30265
30341
29992
30177
30194
30230
30257
30060
30191
30183
30415
30145
30066
30151
30259
30201
30110
30157
30100
30236
30245
30244
30181
30165
30243
30120
30185
30204
30137
30294
30243
30147
30329
30119
30297
30154
30169
30247
30171
30284
30134
30074
30169
30082
30181
30220
30179
30198
30166
30228
30115
30021
30215
30059
30290
30109
30197
30242
30112
30318
29950
30222
30369
30241
30118
30015
30266
30329
30431
30160
29996
30208
30326
30437
30051
30007
30165
30388
30268
30230
30038
30072
30446
30313
30266
29987
30076
30392
30333
30302
30102
30083
30359
30366
30405
30176
30279
30287
30261
30421
30159
30076
30162
30249
30257
30355
30169
30098
30300
30290
30267
29983
30139
30294
30248
30287
29973
30219
30130
30276
30263
30094
30220
30217
30297
30248
30093
30159
30163
30274
30253
30120
30204
30253
30372
30225
30122
30266
30345
30517
30347
30075
30298
30222
30374
30189
30080
30222
30188
30425
30288
30009
30232
30149
30291
30221
30129
30233
30167
30394
30156
30111
30230
30118
30304
30080
30028
30230
30147
30308
30063
30112
30164
30263
30180
30171
30201
30317
30159
30322
30256
30205
30329
30211
30307
30262
30295
30247
30255
30284
30290
30236
30088
30178
30195
30374
30226
29969
30083
30271
30206
30234
30068
30060
30266
30284
30204
29969
30009
30134
30435
30094
30039
30100
30130
30286
30288
30029
30153
30219
30265
30171
30065
30210
30200
30213
30130
30219
30253
30255
30342
30153
30246
30270
30186
30276
30247
30256
30195
30273
30280
30225
30228
30088
30343
30360
30170
30249
30135
30206
30300
30051
30200
30228
30296
30167
30165
30240
30165
30345
30176
30108
30202
30286
30163
30141
30251
30091
30350
30265
30304
30329
30082
30182
30222
30226
30317
29982
30096
30283
30329
30170
29975
30159
30110
30348
30096
30018
30311
30175
30333
30252
30068
30072
30237
30154
30063
30103
30155
30100
30381
30131
30060
30190
30124
30207
30169
30184
30133
30195
30319
30199
30319
30017
30178
30341
30347
30180
30067
30186
30377
30360
30178
30207
30289
30260
30421
30201
30249
30260
30248
30165
30171
30277
30209
30340
30256
30125
30271
30159
30178
30094
30087
30327
30225
30145
30070
30149
30095
30164
30016
30017
30185
30172
30082
30046
30049
30123
30212
29944
30090
30205
30250
30162
30079
30154
30243
30450
30177
30136
30179
30082
30342
30127
30131
30209
30220
30109
30209
30176
30206
30220
30037
30199
30200
30183
30121
30139
30188
30185
30370
30171
30104
30254
30124
30272
30224
30089
30230
30206
30177
30243
30179
30055
30196
30254
30224
30218
30089
30063
30251
30109
29981
30235
30113
30310
30202
30056
30142
30146
30238
30177
30249
30176
30192
30318
30217
30167
30160
30220
30157
30256
30157
30135
30175
30199
30230
30229
30062
30089
30187
30241
30053
30004
30107
30250
30243
29996
30062
30139
30159
30133
30097
30107
30086
30241
30082
30255
30143
30208
30223
30078
30307
30192
30346
30207
30240
30217
30223
30332
30235
30138
30281
30295
30217
30328
30099
30229
30412
30366
30332
30098
30228
30407
30244
30107
30133
30214
30157
30285
30029
30134
30198
30186
30205
30025
30042
30277
30174
30033
30165
30084
30266
30175
30077
30160
30131
30352
30148
30134
30207
30148
30355
30106
30036
30136
30108
30330
30050
30080
30195
30180
30149
30282
29957
30173
30172
30283
30111
29971
30152
30090
30183
30047
30031
30020
30187
30095
30118
30166
30091
30164
30054
30059
30159
30181
30101
30138
30250
30110
30351
30202
30077
30177
30034
30243
30173
30066
30257
30143
30284
30242
30073
30068
30199
30264
30217
30127
30081
30107
30348
30173
30088
30163
30090
30263
30254
30199
30017
30116
30316
30207
30364
29929
30082
30330
30317
30202
29911
30003
30345
30360
30148
29967
29998
30414
30300
30139
29950
30096
30388
30396
30003
29958
30123
30404
30306
30074
30054
30218
30378
30310
30063
30216
30217
30467
30251
30109
30170
30194
30433
30179
30132
30204
30184
30406
30344
30211
30042
30191
30357
30271
30150
30047
30257
30310
30295
30184
30080
30196
30371
30474
30172
30201
30285
30346
30558
30206
30033
30319
30306
30402
30220
30127
30333
30358
30404
30303
30210
30307
30321
30360
30361
30189
30342
30210
30316
30229
30179
30195
30173
30203
30225
30241
30082
30213
30310
30127
30236
30056
30138
30217
30196
30234
30111
30270
30107
30173
30082
30001
30219
30183
30350
30093
30038
30145
30010
30072
30110
30083
30176
30210
30102
30100
30163
30134
30261
30090
30156
30297
30222
30286
30035
30364
30216
30335
30143
30008
30296
30271
30161
30104
30114
30121
30312
30118
30084
30203
30168
30256
30039
30103
30246
30232
30043
30142
30269
30173
30204
30140
30185
30228
30198
30198
30180
30217
30217
30253
30186
30092
30261
29992
30145
30080
30108
30148
30103
30335
30078
30239
30218
30075
30305
30230
30247
30264
30250
30225
30264
30315
30143
30124
30238
30201
30253
30251
30166
30262
30357
30389
30093
30232
30323
30394
30429
30209
30254
30352
30285
30241
30127
30372
30215
30395
30295
30225
30294
30366
30349
30270
30322
30238
30235
30378
30276
30162
30138
30262
30292
30380
30301
30185
30349
30324
30418
30289
30209
30391
30280
30288
30368
30256
30255
30142
30318
30309
30294
30256
30107
30321
30216
30280
30062
29996
30329
30260
30266
30173
30044
30099
30247
30300
30054
30106
30234
30280
30289
30057
30177
30175
30243
30220
30110
30196
30150
30203
30124
30220
30318
30083
30159
30115
30230
30382
30074
30160
30140
30354
30317
30241
30121
30094
30438
30263
30351
30171
30154
30348
30231
30231
30083
30076
30302
30113
30104
30139
30030
30188
30058
30071
30213
30082
30189
30062
30189
30177
30132
30145
30059
30157
30294
30107
30167
30122
30120
30254
30079
30120
30176
30226
30255
30121
30275
30240
30140
30096
30104
30374
30296
30348
30168
30251
30308
30360
30348
30211
30304
30245
30417
30389
30264
30253
30253
30329
30244
30281
30259
30182
30215
30346
30331
30201
30119
30268
30259
30327
30274
30178
30286
30230
30321
30300
30215
30175
30223
30306
30134
30183
30240
30198
30263
30134
30167
30162
30240
30197
30197
30251
30146
30246
30213
30253
30367
30094
30162
30279
30354
30287
30046
30212
30213
30282
30119
29983
30138
30258
30308
30086
30117
30194
30263
30254
30124
30178
30183
30292
30114
30146
30239
30184
30250
30246
30092
30210
30096
30165
30190
30177
30278
30140
30146
30198
30206
30274
30138
30168
30369
30186
30181
30162
30300
30324
30183
30269
30198
30278
30272
30243
30236
30192
30214
30279
30267
30220
30233
30239
30323
30223
30114
30122
30212
30266
30110
30075
30103
30173
30228
30064
30002
30084
30098
30205
30095
30011
30094
30107
30166
30089
30143
30083
30178
30240
30058
30154
30123
30243
30241
30241
30318
30353
30343
30336
30301
30378
30265
30421
30284
30233
30309
30200
30314
30199
30124
30218
30127
30167
30197
30201
30170
30116
30211
30216
30160
30151
30250
30258
30244
30308
30208
30311
30228
30196
30212
30122
30208
30121
30227
30294
30134
30256
30077
30230
30260
30085
30221
30076
30152
30245
30197
30163
30153
30171
30160
30192
30076
30122
30189
30066
30161
30160
30115
30018
29953
29993
30160
30074
29974
30000
30115
30078
30124
30057
29996
30164
30221
30022
30123
30118
30210
30255
30055
30280
30215
30255
30329
30051
30307
30207
30332
29964
30038
30368
30168
30203
29984
30074
30314
30196
30069
30021
30062
30363
30182
30050
30194
30169
30201
30291
30149
30190
30199
30200
30204
30192
30224
30162
30095
30147
30155
30189
30225
30103
30048
30162
30335
30111
30151
30123
30175
30183
30225
30032
29975
30226
30205
30338
30146
30127
30099
30226
30178
30149
30212
30206
30240
30399
30169
30111
30253
30161
30347
30212
30319
30226
30182
30248
30235
30233
30114
29991
30164
30089
30157
30189
30053
30196
30030
30157
30064
30174
30273
30113
30225
30024
30357
30285
30190
30176
30094
30255
30357
30177
30116
30148
30261
30182
30280
30079
30097
30238
30269
30285
30162
30176
30188
30262
30358
30149
30168
30128
30343
30383
30190
30281
30205
30314
30376
30215
30321
30146
30358
30353
30307
30264
30172
30339
30290
30325
30342
30169
30312
30279
30208
30337
30180
30406
30054
30123
30313
30235
30378
30076
30212
30243
30248
30200
30012
30005
30183
30267
30071
30189
30121
30189
30241
30149
30156
30226
30249
30159
30219
30307
30211
30114
30208
30171
30329
30209
30171
30261
30257
30239
30272
30357
30257
30299
30191
30191
30339
30329
30141
30131
30227
30131
30391
30199
30194
30165
30299
30285
30223
30085
30146
30222
30215
30373
30125
30134
30254
30321
30301
30168
30139
30279
30246
30313
30262
30185
30288
30260
30179
30182
30119
30181
30133
30152
30052
30188
30219
30177
30162
29951
30117
30169
30139
30124
30098
30160
30238
30140
30073
30242
30307
30210
30212
30056
30126
30366
30218
30087
30093
30372
30207
30254
30231
29976
30313
30281
30146
30146
29996
30253
30150
30332
30184
30141
30231
30092
30398
30152
30004
30193
30061
30253
30181
30066
30198
30081
30220
30094
30039
30145
30228
30256
30099
30151
30221
30272
30300
30290
30077
30235
30436
30222
30221
30136
30222
30333
30345
30136
30065
30070
30100
30328
30086
30101
30177
30140
30173
30223
30079
30049
30244
30236
30257
30097
30120
30180
30364
30341
29993
30378
30112
30314
30341
30139
30321
30090
30238
30284
30202
30228
30038
30300
30240
30124
30081
29989
30287
30124
30165
30113
30154
30100
30304
30041
30134
30144
30152
30206
29945
30088
30071
30232
30214
30064
29968
30116
30249
30326
29986
29993
30144
30249
30301
30158
29952
30266
30184
30297
30224
30072
30264
30221
30348
30165
30150
30279
30152
30301
30118
30177
30156
30159
30281
30021
30193
30177
30273
30130
30051
30174
30156
30211
30234
30066
29960
30277
30285
30207
29928
29980
30144
30333
30192
30041
30093
30277
30321
30246
30118
30091
30357
30336
30270
30172
30158
30430
30370
30186
30162
30286
30271
30405
30254
30043
30321
30270
30282
30210
30106
30375
30297
30289
30121
30025
30273
30183
30462
30185
30124
30321
30419
30437
30064
30204
30249
30249
30353
30091
30158
30346
30372
30181
30265
30340
30333
30303
30293
30273
30412
30223
30280
30243
30254
30471
30198
30358
30355
30302
30366
30192
30274
30290
30248
30177
30224
30253
30272
30446
30167
30182
30300
30293
30415
30225
30160
30356
30263
30368
30147
30210
30306
30215
30392
30286
30278
30316
30084
30462
30392
30306
30324
30165
30418
30276
30328
30185
30039
30321
30387
30311
30255
30073
30261
30361
30197
30146
30097
30158
30323
30266
30251
30238
30152
30120
30228
30203
30213
30191
30090
30261
30266
30114
30074
30055
30207
30331
30250
30149
30088
30229
30215
30374
30165
30125
30336
30162
30304
30115
30172
30307
30218
30254
30077
30194
30228
30141
30275
30009
30213
30291
30092
30049
30132
30168
30116
30232
30104
30214
30294
30131
30195
30144
30314
30327
30106
30246
30107
30438
30259
30092
30237
30142
30491
30233
30208
30240
30203
30250
30172
30060
29980
30192
30184
30266
30208
30096
30174
30188
30163
30053
30218
30227
30114
30090
30245
30083
30291
30163
30098
30236
30271
30061
30073
30171
30254
30272
30032
30020
30069
30267
30187
30068
30060
30189
30347
30264
30099
30127
30306
30227
30156
30147
30138
30366
30159
30170
30364
30158
30283
30146
30121
30381
30144
30042
30197
30174
30304
30199
30050
30159
30219
30232
30180
30034
30004
30282
30220
30215
29980
30056
30158
30224
30216
29969
30137
30168
30365
30223
30186
30135
30269
30469
30385
30301
30283
30284
30508
30478
30339
30337
30330
30453
30425
30419
30218
30280
30404
30342
30226
30123
30375
30230
30315
30334
30023
30257
30280
30179
30208
30037
30268
30306
30210
30288
30003
30267
30238
30306
30261
30034
30341
30207
30282
30313
30045
30318
30219
30213
30181
30090
30286
30234
30305
30142
30238
30217
30176
30171
30084
30213
30200
30202
30173
30149
30243
30258
30256
30158
30228
30083
30209
30216
30210
30044
30138
30168
30114
30154
30061
30108
30080
30092
30098
30099
30031
30132
29938
30041
30181
30112
30172
29980
30174
30083
30095
30036
30048
30180
30073
30168
30040
30058
30029
30046
30103
30002
30101
30160
30103
30074
30130
30086
30173
30198
30060
30154
30290
30156
30157
30181
30199
30226
30213
30184
30030
30319
30262
30175
30217
30091
30284
30280
30263
30284
30059
30356
30338
30292
30170
30141
30256
30389
30393
30090
30237
30378
30378
30327
30093
30259
30379
30292
30179
30085
30136
30257
30184
30068
30097
30134
30127
30132
30029
30105
30063
30059
30107
30034
30044
30060
30130
30072
30032
30078
30043
30191
30202
30031
30047
30126
30090
30100
30102
30009
30157
30239
30167
30044
30114
30178
30128
30227
30021
30127
30203
30062
30184
30096
30231
30198
30134
30171
30194
30153
30053
30114
30141
30155
30050
29973
30114
30163
30216
30198
30097
30083
30271
30295
30171
30232
30199
30289
30321
30306
30047
30258
30189
30256
30274
30097
30275
30271
30152
30264
30048
30219
30113
30219
30158
30223
30296
30109
30104
30136
30126
30231
30035
30011
30170
30183
30113
30103
30182
30051
30054
29909
30054
30234
30013
30003
30069
30211
30153
30046
30034
30091
30343
30283
30004
30090
30142
30342
30268
30158
30151
30139
30482
30378
30325
30156
30294
30397
30330
30266
30115
30194
30245
30395
30142
30131
30289
30165
30238
30305
30151
30174
30125
30200
30156
30181
30131
30106
30213
30253
30132
30153
30120
30166
30230
30184
30070
30060
30240
30210
30121
30131
30006
30163
30277
30163
30129
30089
30187
30275
30140
30230
29988
30240
30201
30197
30074
29993
30193
30171
30260
30167
30121
30073
30233
30184
30058
30129
30116
30152
30128
30111
30251
30131
30302
30039
30061
30216
30140
30187
30024
30195
30155
30122
30145
30049
30188
30145
30077
30103
30182
30200
30245
30200
30180
30306
30113
30267
30174
30287
30225
30220
30322
30309
30233
30349
30201
30290
30320
30315
30250
30248
30375
30285
30219
30315
30258
30304
30198
30140
30149
30222
30158
30115
30113
30160
30110
29991
30096
30154
30079
30277
30044
30105
30127
30044
30321
30158
30125
30179
30082
30274
30102
30059
30153
30099
30288
30130
30220
30085
30196
30231
30158
30065
30041
30258
30154
30193
30064
30154
30159
30218
30215
30098
30049
30256
30191
30171
30162
30153
30186
30270
30222
30197
30205
30206
30146
30202
30201
30186
30097
30126
30120
30105
30268
30043
30163
30185
30118
30120
30208
30207
30117
30123
30159
30206
30154
30112
30014
30190
30336
30157
30218
30227
30191
30358
30371
30156
30246
30249
30405
30329
30272
30136
30177
30315
30211
30242
30228
30143
30302
30323
30112
30088
30217
30211
30195
30080
30236
30113
30105
30282
30125
30364
30166
30047
30252
30147
30309
30193
30126
30155
30252
30393
30128
30108
30184
30237
30296
30261
30128
30149
30338
30338
30348
30205
30180
30288
30452
30320
30130
30137
30292
30455
30333
30156
30214
30401
30312
30289
30191
30202
30414
30355
30112
30250
30146
30417
30385
30150
30138
30227
30354
30326
30264
30160
30250
30401
30225
30269
30168
30179
30275
30314
30206
30153
30236
30245
30334
30223
30123
30298
30323
30247
30230
30128
30204
30301
30103
30059
30115
30190
30277
30112
30116
30161
30263
30114
30113
30070
30222
30322
30114
30102
30072
30286
30306
30277
30181
30154
30424
30308
30234
30160
30160
30387
30211
30051
30174
30198
30168
30191
30232
30152
30177
30197
30157
30256
30073
30174
30050
30047
30179
30137
30277
30110
30202
30019
30111
30245
30091
30204
30029
30118
30246
30109
30124
29913
30162
30339
30151
30054
30020
30266
30178
30158
30024
30201
30021
30166
30109
30111
30167
30123
30127
30132
30223
30173
30146
30038
30269
30098
30218
30068
30188
30321
30141
30220
30100
30300
30381
30073
30198
30112
30384
30371
30199
30190
30098
30176
30301
30078
30063
30205
30304
30325
30234
30100
30191
30304
30221
30050
30240
30223
30137
30188
30207
30089
30251
30122
30263
30270
30154
30262
30203
30227
30265
30302
30164
30257
30268
30148
30331
30192
30238
30390
30182
30357
30223
30247
30367
30171
30355
30185
30176
30316
30114
30282
30193
30219
30272
30129
30258
30130
30198
30215
30102
30304
30180
30198
30175
30015
30268
30178
30291
30196
30056
30227
30217
30369
30068
30105
30237
30310
30242
30113
30136
30202
30310
30235
30142
30153
30279
30313
30127
30137
30108
30225
30185
30063
30222
30169
30186
30145
29990
30260
30186
30076
30198
30081
30282
30300
30118
30163
30135
30441
30305
30194
30324
30090
30308
30313
30174
30236
30051
30252
30191
30215
30137
30049
30265
30133
30284
30019
30145
30333
30141
30164
29985
30232
30258
30160
30209
30154
30315
30155
30203
30171
30170
30428
30203
30149
30146
30297
30153
30261
30117
30127
30323
30177
30268
30059
30186
30351
30118
30118
30164
30333
30171
30219
30212
30187
30256
30142
30235
30314
30309
30268
30143
30147
30093
30288
30102
30100
30172
30093
30249
30195
30138
29941
30098
30051
30201
30004
29993
30181
30080
30248
30267
30195
30090
30223
30214
30323
30299
30117
30153
30197
30260
30161
30169
30102
30261
30410
30288
30238
30228
30160
30382
30278
30130
30286
30253
30330
30402
30306
30233
30341
30443
30350
30260
30259
30253
30328
30302
30205
30298
30095
30216
30232
30245
30267
30183
30051
30309
30249
30235
30163
29998
30299
30224
30110
30216
30092
30396
30240
30188
30211
30240
30391
30196
30272
30191
30344
30277
30198
30085
30206
30349
30351
30246
30254
30273
30318
30411
30206
30225
30326
30292
30356
30073
30221
30279
30306
30225
30039
30231
30287
30208
30176
30066
30179
30094
30272
30262
30081
30179
30157
30219
30197
30128
30076
30192
30387
30160
30256
30118
30213
30415
30175
30227
30192
30232
30303
30304
30163
30260
30255
30185
30329
30102
30251
30232
30262
30380
30154
30219
30155
30330
30186
30109
30191
30201
30135
30284
30007
30080
30250
30234
30209
30055
30015
30321
30365
30156
30067
30050
30250
30457
30262
29965
30153
30433
30242
30248
30163
30088
30388
30378
30192
30200
30138
30238
30360
30119
30174
30115
30264
30364
30241
30191
30120
30312
30233
30177
30292
30236
30280
30279
30193
30263
30263
30151
30332
30204
30149
30324
30144
30196
30302
30100
30219
30033
30128
30181
30182
30272
29990
30216
30299
30133
30133
30010
30350
30304
30319
30150
30160
30266
30260
30269
30245
30354
30231
30323
30315
30147
30293
30241
30199
30176
30278
30349
30221
30274
30245
30375
30290
30333
30384
30304
30320
30244
30351
30373
30278
30134
30242
30453
30316
30423
30047
30287
30481
30361
30235
30105
30280
30382
30494
30104
30268
30430
30298
30404
30108
30288
30321
30314
30170
30174
30305
30266
30196
30105
30014
30253
30214
30058
30057
30116
30032
30225
30180
30171
30143
30125
30188
30171
30187
30164
30179
30233
30182
30261
30249
30203
30276
30211
30347
30278
30103
30300
30114
30297
30224
30140
30200
30208
30249
30131
30087
30178
30266
30305
30087
30156
30182
30152
30277
30085
30124
30169
30215
30156
30161
30086
30194
30241
30203
30244
30094
30063
30261
30280
30267
30022
30184
30245
30353
30278
30072
30347
30138
30296
30098
30150
30297
30156
30206
30130
30336
30291
30180
30181
30237
30403
30396
30181
30226
30307
30454
30342
30154
30117
30374
30439
30436
30013
30127
30390
30449
30276
30020
30101
30379
30318
30374
29973
30049
30427
30372
30251
30089
30118
30413
30318
30308
30206
30079
30262
30301
30348
30229
30204
30105
30135
30380
30128
30119
30109
30139
30161
30228
30281
30147
30241
30198
30236
30147
30178
30136
30194
30300
30158
30275
30050
30260
30307
30256
30179
30085
30293
30335
30251
30112
30164
30243
30214
30122
30173
30067
30336
30224
30087
30366
30144
30183
30281
30115
30306
30291
30180
30141
30136
30202
30209
30377
30137
30224
30293
30132
30332
30175
30175
30182
30188
30180
30121
30232
30248
30175
30142
30287
30165
30153
30179
30182
30203
30256
30216
30064
30084
30176
30230
30120
30062
30218
30167
30138
30218
30143
30199
30203
30165
30116
30269
30058
30051
30220
30230
30253
30077
30073
30201
30235
30204
29952
30040
30219
30357
30230
30100
30033
30198
30205
30219
30159
30112
30222
30236
30192
30180
30125
30137
30134
30241
30167
30069
30151
30041
30125
30143
30144
30119
30064
30234
30039
30162
30068
30189
30256
30177
30164
30136
30276
30263
30282
30158
30213
30301
30242
30188
30193
30204
30231
30305
30103
30039
30245
30430
30152
30031
30175
30300
30229
30099
30108
30171
30264
30253
30035
30165
30244
30222
30110
30075
30150
30260
30152
30031
30048
30069
30210
30224
30113
30077
30247
30326
30222
30054
30147
30277
30255
30227
30074
30252
30193
30246
30225
30154
30211
30276
30069
30136
30224
30193
30177
30032
30131
30068
30118
30129
30059
30211
30073
30107
30147
30175
30215
30032
30118
30173
30192
30095
30115
30285
30151
30135
30151
30161
30340
30159
30078
30157
30296
30293
30244
30041
30225
30355
30378
30093
30162
30211
30336
30470
30180
30259
30321
30246
30332
30183
30185
30322
30280
30276
30228
30274
30166
30094
30166
30291
30134
30278
30194
30209
30341
30152
30117
30191
30351
30296
30238
30262
30294
30197
30214
30273
30169
30243
30267
30124
30388
30321
30103
30267
30262
30345
30326
30072
30066
30132
30312
30102
30005
30056
30240
30296
30226
29916
29990
30269
30354
30111
30069
30063
30222
30255
30077
30125
30129
30365
30167
30081
30225
30090
30357
30038
30006
30187
30144
30139
30062
29960
30107
30271
30083
30201
30072
30145
30290
30075
30065
29989
30254
30171
30174
30077
30045
30216
30119
30011
30044
29986
30232
30095
29953
30142
30109
30211
30059
29993
30177
30010
30176
30007
30058
30147
30098
30235
30125
30088
30127
29971
30247
30180
30224
30149
30155
30289
30262
30285
30057
30228
30278
30293
30163
30097
30142
30058
30233
30225
30174
30200
30090
30188
30187
30172
30027
30037
30096
30284
30176
30097
30145
30016
30328
30161
30220
30241
30058
30260
30205
30332
30188
30136
30203
30242
30291
30214
30194
30288
30407
30438
30264
30228
30261
30291
30433
30238
30347
30185
30332
30317
30234
30341
30172
30314
30252
30135
30144
30079
30253
30027
30098
30036
30072
30195
30067
30021
30054
30170
30227
30080
30122
30118
30238
30250
30097
30110
30196
30109
30246
30231
30112
30219
30166
30307
30231
30041
30206
30192
30180
30244
30208
30206
30241
30299
30140
30212
30237
30262
30305
30122
30270
30254
30245
30214
30048
30185
30287
30310
30120
29999
30340
30064
30282
30129
30049
30343
30122
30121
30152
30147
30351
30108
30049
30177
30128
30357
29953
30028
30276
30133
30384
30150
29963
30328
30291
30253
30116
30131
30265
30373
30153
30027
30189
30317
30260
30155
30159
30199
30374
30253
30209
30079
30129
30311
30094
30140
30132
30233
30287
30206
30201
30079
30232
30143
30150
30188
30122
30272
30145
30159
30165
30254
30222
30215
30088
30164
30270
30373
30230
30002
30300
30293
30205
30125
30143
30244
30283
30248
30136
30209
30187
30225
30256
30241
30185
30266
30197
30224
30282
30219
30062
30180
30029
30230
30252
30029
30092
30135
30199
30156
30053
30082
30275
30177
30133
29968
30052
30254
30280
30077
30093
30228
30161
30301
30205
30142
30219
30101
30241
30248
30063
30124
30133
30331
30120
30117
30095
30163
30174
30244
29972
30101
30281
30228
30249
29993
30163
30152
30243
30182
30198
30160
30254
30290
30259
30166
30193
30203
30151
30201
30184
30272
30140
30118
30288
30119
30213
30255
30035
30266
30245
30239
30108
30066
30271
30112
30101
30146
30004
30172
30197
29929
30116
30113
30210
30173
30040
30022
30159
30192
30060
30170
30124
30153
30011
30032
30093
30235
30172
30058
30048
30210
30194
30163
30054
30096
30289
30181
30200
30178
29922
30391
30206
30186
30152
30018
30300
30159
30235
30221
30210
30136
30239
30209
30257
30079
30220
30210
30249
30321
30110
30271
30318
30166
30224
30165
30110
30211
30218
30110
30122
30196
30271
30175
30226
30144
30200
30165
30210
30049
30158
30076
30127
30244
30105
30083
30118
30027
30167
30237
30098
30062
30229
30310
30167
30169
30160
30252
30355
30222
30126
30185
30365
30257
30375
30369
30360
30359
30357
30425
30319
30375
30366
30269
30301
30494
30308
30258
30376
30255
30314
30251
30272
30123
30276
30405
30067
30294
30148
30123
30352
30124
30038
30119
30221
30327
30348
30082
30042
30272
30238
30179
30090
30052
30347
30295
30176
30044
30122
30286
30378
30256
30063
30252
30352
30300
30239
30173
30321
30285
30302
30128
30103
30259
30321
30272
30038
30124
30406
30117
30156
30033
30037
30328
30118
30089
29963
30045
30328
30133
29958
30000
30076
30230
30199
29984
30068
30167
30362
30203
29968
30191
30152
30275
30159
29972
30177
30086
30204
30209
30098
30219
30195
30102
30177
30003
30099
30211
30087
30287
30202
30156
30204
30009
30237
30115
30218
30283
30110
30247
30224
30193
30271
30070
30211
30290
30179
30244
30133
30199
30338
30221
30226
30264
30164
30280
30319
30198
30230
30096
30296
30123
30083
30128
30170
30134
30141
29996
30017
30171
30110
30195
30034
30011
30082
30225
30202
29984
30158
30199
30272
30325
30105
30025
30217
30304
30255
30166
30072
30248
30282
30257
30159
30045
30161
30295
29965
30131
30224
30087
30240
30114
30110
30242
30039
30068
30253
30262
30271
30059
30103
30293
30248
30110
30067
30098
30310
30334
30160
30204
30207
30407
30191
30255
30181
30181
30334
30159
30057
30136
30219
30122
30267
30137
30196
30175
30302
30185
30133
30332
30102
30260
30215
30238
30181
30061
30154
30247
30196
30081
30066
30296
30083
30140
30090
30134
30128
30042
30025
30200
30038
30054
30069
30117
30220
30097
30078
30133
30243
30304
30027
30082
30324
30275
30242
30125
30197
30177
30314
30194
30178
30206
30288
30215
30101
30119
30283
30257
30076
30108
30168
30158
30322
30115
30002
30291
30247
30212
30197
30078
30311
30221
30333
30237
30155
30377
30240
30326
30347
30111
30198
30194
30272
30145
30148
30142
30169
30375
30264
30090
30164
30141
30314
29970
30054
30290
30063
30287
30148
30132
30191
30151
30208
30207
30327
30206
30182
30218
30202
30213
30189
30265
30254
30270
30258
30323
30184
30219
30187
30107
30375
30291
30158
30207
30255
30391
30261
30151
30350
30367
30314
30306
30243
30282
30388
30269
30215
30306
30254
30316
30384
30245
30311
30258
30225
30351
30259
30324
30227
30191
30308
30238
30212
30130
30165
30269
30199
30253
30160
30130
30222
30235
30245
30129
30097
30084
30002
30178
30200
30015
30100
30094
30123
30313
30080
30080
30071
30280
30313
29992
30158
30138
30276
30199
30011
30154
30129
30419
30100
30077
30178
30176
30281
29964
30049
30245
30062
30122
30054
30153
30227
30194
30060
30182
30166
30254
30138
30124
30167
30231
30069
29998
30228
30125
30239
30148
30064
30134
30228
30211
30114
30138
30151
30263
30298
29977
30181
30200
30245
30359
30191
30064
30251
30455
30300
30249
30246
30137
30442
30152
30154
30249
30207
30230
30116
30450
30074
30230
30167
30097
30330
30077
30035
30148
30216
30224
30073
30084
30165
30238
30139
30039
30174
30254
30225
29998
30101
30121
30283
30130
30020
30190
30108
30119
30166
30011
29991
30084
29967
30219
30071
30117
29985
29947
30161
30067
30167
29947
30018
30144
30166
30031
30027
30090
30308
30144
30165
30004
30184
30267
30226
30205
30150
30200
30246
30261
30132
30213
30006
30043
30288
30142
30108
30062
30039
30060
30171
30052
30068
30154
30270
30277
30093
30125
30277
30317
30328
30201
30157
30296
30184
30240
30223
30225
30264
30168
30260
30140
30295
30116
30038
29994
30077
30201
30124
30152
30064
30110
30269
30168
30095
30142
30216
30282
30291
30186
30115
30180
30252
30259
30228
30157
30172
30282
30242
30136
30173
30219
30146
30329
30150
30264
30374
30194
30277
30210
30070
30276
30171
30250
30230
30134
30234
30342
30200
30031
30183
30135
30178
30314
30080
30024
30106
30325
30099
30022
30048
30171
30242
30246
30050
30069
30150
30278
30167
29986
30112
30021
30244
30136
29957
30187
30095
30270
30252
30122
30004
30107
30215
30213
30178
30091
30167
30340
30260
30090
30060
30269
30305
30197
30104
30095
30302
30214
30252
30098
30213
30136
30244
30098
30050
30156
30308
30143
30144
30198
30125
30266
30258
30190
30040
30011
30175
30172
30316
30084
30050
30121
30185
30274
30031
29934
30226
30178
30298
30144
29973
30216
30179
30313
30221
30154
30135
30221
30294
30157
30093
30213
30102
30186
30148
30143
30244
30175
30178
30110
30205
30344
30126
30142
30133
30174
30337
30199
30183
30117
30220
30260
30204
30290
30108
30222
30116
30305
30254
30243
30068
30143
30335
30343
30240
30063
30245
30261
30333
30121
30082
30339
30363
30301
30185
30183
30343
30344
30168
30101
30142
30358
30343
30096
30135
30262
30293
30212
29990
30085
30305
30311
30225
30074
30210
30210
30198
30130
30153
30175
30079
30188
30246
30065
30028
30082
30095
30226
30127
29931
30207
30115
30141
30071
30066
30211
30085
30101
30165
30191
30285
30039
30029
30195
30226
30249
30013
29986
30248
30181
30198
30237
30108
30177
30286
30278
30134
30100
30196
30207
30366
30213
30055
30189
30315
30357
30236
30241
30232
30352
30356
30188
30152
30271
30360
30224
30234
30185
30260
30360
30311
30047
30199
30269
30314
30216
30080
30048
30259
30158
30067
30179
30139
30131
30073
30063
30189
30249
30179
30030
30094
30280
30248
30116
30183
30180
30298
30193
30155
30131
30159
30179
30060
30213
30107
30084
30010
29976
30179
30205
30032
29943
30001
30185
30192
30132
29928
30147
30220
30350
30142
30091
30098
30165
30434
30164
30279
30166
30201
30452
30228
30267
30132
30144
30349
30179
30206
30055
30167
30190
30181
30308
30132
30311
30257
30209
30277
30198
30247
30296
30220
30176
30195
30178
30161
30098
30207
30090
30143
30187
30074
30175
30122
30237
30130
30184
30142
30185
30146
30187
30235
30216
30236
30111
30375
30195
30239
30219
30120
30218
30283
30182
30148
30143
30337
30159
30185
30168
30238
30420
30239
30122
30163
30242
30360
30135
30210
30111
30096
30284
30128
30263
30123
30140
30173
30224
30091
30069
30161
30254
30229
30181
29993
30115
30306
30142
30136
30066
30013
30367
30271
30181
30087
30055
30205
30285
30149
30005
30183
30118
30175
30100
30025
30146
30267
30202
30138
30182
30218
30203
30274
30136
30195
30234
30239
30180
30164
30175
30195
30234
30085
30160
30233
30213
30243
30146
30045
30240
30172
30154
30195
30103
30347
30227
30207
30276
30212
30382
30306
30339
30153
30216
30241
30149
30414
30082
30234
30387
30233
30247
30222
30138
30191
30219
30298
30099
30310
30172
30143
30310
30151
30198
30133
30223
30302
30194
30064
30153
30183
30030
30099
30124
30113
30281
30085
29992
30185
30141
30143
30053
30040
30188
30190
30067
30016
30121
30202
30250
30075
30056
30071
30361
30107
30087
30097
30210
30372
30224
30169
30072
30249
30465
30162
30078
30218
30283
30354
30202
30183
30257
30243
30274
30192
30160
30350
30285
30178
30185
30089
30273
30261
30037
30169
30198
30429
30240
30116
30199
30089
30413
30004
30020
30305
30104
30340
30102
30028
30243
30256
30233
30055
30225
30114
30222
30213
30029
30109
30131
30217
30193
30245
30201
30089
30317
30122
30088
30174
30128
30217
30216
30076
30053
30311
30137
30263
30194
30071
30231
30270
30037
30063
30057
30109
30236
30073
30208
30036
30087
30261
30100
30203
30198
30207
30141
30280
30302
30190
30141
30132
30265
30454
30259
30085
30105
30363
30349
30308
30148
30127
30437
30359
30293
30080
30050
30361
30294
30376
30117
30085
30244
30328
30266
30017
30159
30179
30315
30306
30140
30191
30153
30247
30254
30212
30193
30149
30329
30285
30142
30131
30089
30334
30091
30127
30022
30178
30241
30183
30109
30082
30280
30087
30135
30109
30223
30262
30180
30173
30211
30207
30335
30061
30173
30174
30200
30231
30106
30244
30287
30264
30174
30334
30301
30338
30253
30268
30280
30347
30247
30092
30240
30189
30230
30291
30108
30162
30193
30096
30141
30143
30073
30176
30151
30182
30093
30080
30058
30113
30264
30185
30085
30117
30226
30119
30309
30094
30101
30220
30208
30101
30080
30210
30191
30209
30110
30139
30189
30053
30164
30241
30133
30167
30056
30101
30140
30209
30178
30094
30266
30280
30067
30196
30210
30291
30363
30131
30176
30148
30266
30172
30197
30242
30154
30321
30177
30201
30116
30102
30271
30162
30146
30138
30183
30081
30220
29980
29997
30227
30115
30188
30052
30111
30126
30200
30106
30035
30269
30195
30297
30146
30166
30247
30279
30326
30290
30261
30318
30398
30392
30383
30356
30395
30365
30445
30328
30366
30281
30221
30368
30295
30333
30221
30249
30247
30224
30179
30101
30202
30210
30261
30173
30069
30220
30169
30088
30210
30092
30202
30320
30156
30136
30075
30209
30207
30260
30171
30089
30246
30310
30114
30081
30121
30277
30295
30198
30093
30203
30077
30323
30027
30004
30152
30216
30293
30142
30052
30178
30111
30089
30111
30154
30091
30163
30090
29943
30062
30143
30063
30135
30129
30044
30091
30136
30167
30088
30129
30133
30188
30139
30045
30092
30128
30202
30118
30235
30189
30103
30179
30111
30094
30142
30144
30169
30088
30105
30171
30103
30264
30151
30067
30280
30155
30158
30065
30153
30042
30124
30176
30064
30202
30120
30225
30141
30029
30154
30092
30102
30130
30211
30201
30201
30225
30116
30239
30286
30139
30219
30087
30395
30301
30174
30221
30123
30333
30208
30147
30168
30160
30247
30079
30186
30097
30035
30130
30050
30102
29997
30026
30069
30174
30167
30022
30094
29994
30158
30213
30050
30103
30155
30177
30176
30182
30189
30064
30035
30133
30231
30100
30029
30114
30321
30074
30120
30088
30070
30278
30144
29975
30045
30225
30089
30100
30013
30039
30190
30141
30077
30036
30044
30093
30045
30071
30063
30090
30095
30053
30034
30051
30007
30083
30066
30097
29968
29997
30090
30008
29998
30005
30000
30104
30035
29974
30078
30010
30129
30094
29981
30089
30190
30243
30036
30023
30245
30219
30247
30003
30060
30289
30197
30279
30069
30208
30314
30392
30291
30132
30268
30265
30492
30235
30310
30224
30372
30473
30143
30356
30289
30357
30324
30206
30351
30238
30269
30200
30177
30192
30115
30403
30077
30161
30307
30178
30244
30121
30157
30217
30250
30113
30170
30331
30075
30237
30157
30065
30365
30131
30097
30209
30039
30336
30122
30118
30187
30234
30170
30069
30236
30251
30166
30230
30075
30121
30303
30178
29999
30122
30187
30205
30253
30153
30185
30273
30204
30207
30205
30214
30100
30093
30190
30269
30252
30135
30072
30130
30242
30194
29921
30061
30189
30180
30154
30079
30155
30224
30144
30126
30184
30122
30163
30153
30161
30178
30110
30197
30029
30193
30274
30071
30223
30148
30251
30307
29952
30256
30290
30361
30242
30121
30333
30273
30328
30128
30129
30274
30220
30106
30037
30170
30254
30407
30117
30052
30268
30261
30266
30056
30052
30214
30274
30293
30063
30021
30217
30306
30378
30103
30142
30175
30223
30353
30042
30180
30164
30263
30317
30122
30139
30106
30084
30261
30035
30172
30157
30190
30265
30081
30142
30052
30043
30158
30044
30285
30057
30001
30319
30083
30125
30095
30058
30171
30231
30219
30067
30062
30277
30120
30380
29948
29988
30346
30216
30358
30061
30074
30348
30342
30193
30115
30125
30236
30275
30230
29980
30065
30164
30097
30190
30134
30179
30146
30111
30238
30135
30199
30154
30102
30290
30244
30235
30276
30285
30349
30180
30295
30279
30337
30275
30196
30333
30194
30352
30187
30264
30208
30170
30207
30251
30254
30307
30106
30109
30224
30236
30048
30064
30206
30124
30341
30088
29988
30223
30105
30314
30140
30152
30196
30167
30274
30157
30189
30109
30185
30324
30120
30144
30211
30046
30318
30206
30112
30192
30035
30200
30159
30173
30122
30183
30338
30222
30173
30083
30167
30177
30185
30180
30019
30210
30302
30154
30161
30148
30180
30304
30165
30144
30190
30125
30129
30132
30091
30114
30150
30164
30165
30209
30147
29930
30177
30297
30113
30145
30080
30155
30307
30110
30047
30257
30243
30212
30238
30080
30207
30222
30078
30169
30119
30240
30114
30096
30190
30085
30117
29968
30011
30095
30187
30170
29997
30008
30250
30131
30159
30077
30132
30407
30323
30089
30238
30147
30475
30323
30174
30300
30112
30400
30258
30259
30228
30154
30295
30226
30020
30113
30195
30187
30240
30102
30069
30118
30178
30242
30134
30165
30194
30224
30242
30021
30131
30201
30208
30258
30041
30105
30206
30317
30130
29992
30241
30112
30176
30199
30113
30147
30187
30120
29977
30088
30349
30201
30277
30124
30102
30302
30197
30250
30080
30132
30285
30311
30234
30031
30105
30192
30171
30266
30000
30070
30357
30196
30254
30028
30209
30312
30309
30142
30122
30315
30319
30252
30175
30051
30193
30022
30153
30162
30106
30301
30098
30194
30127
30115
30140
30006
30180
30290
30157
30206
30031
30218
30356
30156
30089
30135
30281
30386
30238
30086
30204
30240
30122
30269
30092
30214
30383
30204
30222
30247
30314
30322
30280
30162
30329
30441
30272
30128
30202
30352
30362
30287
30095
30222
30389
30242
30311
30082
30225
30305
30315
30187
30129
30191
30185
30295
30183
30282
30185
30207
30293
30296
30335
30065
30095
30294
30164
30291
30142
30069
30313
30314
30275
30253
30270
30349
30416
30439
30354
30213
30308
30377
30493
30352
30146
30373
30447
30389
30329
30204
30332
30264
30281
30250
30157
30199
30212
30294
30172
30138
30281
30141
30242
30331
30170
30204
30218
30321
30314
30131
30298
30314
30418
30235
30113
30362
30266
30487
30197
30218
30341
30341
30461
30130
30319
30401
30361
30450
30230
30241
30346
30276
30245
30187
30376
30267
30244
30288
30307
30180
30269
30195
30245
30423
30222
30047
30143
30272
30380
30234
30124
30148
30375
30205
30114
30141
30128
30266
30150
30171
30106
30229
30217
30139
30179
30295
30140
30058
30137
30248
30249
30187
30052
30135
30238
30187
30131
30124
30042
30206
30027
30091
30126
30125
30278
30029
30139
30215
30125
30246
30181
30151
30310
30166
30263
30263
30181
30283
30023
30312
30286
30256
30331
30097
30348
30272
30108
30077
30050
30287
30106
30136
30099
30137
30305
30239
30086
30129
30097
30294
30092
30148
30103
30046
30380
30032
30254
30232
30222
30300
30059
30169
30228
30188
30260
30075
30361
30250
30323
30228
30127
30365
30201
30420
30168
30192
30341
30262
30400
30120
30314
30235
30207
30158
30216
30293
30196
30101
30104
30081
30208
30091
30009
30013
30151
30173
30091
30126
30050
30208
30197
29976
30097
30169
30223
30169
30085
30092
30269
30070
30101
30235
30044
30235
30085
30072
30109
30121
30186
30123
30028
30163
30150
30063
30187
30123
30198
30117
30168
30083
30057
30199
30188
30174
30214
30233
30147
30229
30253
30215
30260
30118
30261
30286
30353
30240
30216
30247
30297
30375
30255
30168
30152
30333
30331
30163
30059
30096
30329
30138
30299
30066
30099
30199
30166
30184
30088
30238
30091
30281
30088
29991
30226
30181
30241
30270
30076
30123
30258
30122
30117
30081
30174
30307
30184
30252
30140
30162
30173
30101
30215
30059
30276
30121
30047
30303
30131
30201
30050
30027
30309
29986
30105
30018
30080
30122
30043
30150
30207
30081
30098
29957
30200
30171
30199
30033
30089
30218
30260
30158
30039
30039
30328
30310
30194
30152
30100
30232
30363
30243
30079
30178
30246
30152
30237
30098
30156
30351
30111
30167
30157
30178
30316
30229
30138
30150
30155
30233
30301
30116
30071
30098
30295
30091
30139
30034
30238
30290
30218
30093
30089
30249
30282
30276
30127
30246
30332
30327
30292
30099
30268
30353
30231
30285
30071
30119
30228
30229
30076
30059
30105
30155
30150
29993
30063
30154
30041
30043
30044
30128
30135
30230
30120
30172
30254
30082
30184
30203
30206
30222
30126
30215
30197
30197
30155
30047
30206
30160
30060
29985
30118
30261
30131
30202
30044
30056
30105
30013
30090
30038
30200
30101
30125
30086
30156
30288
30109
30102
30144
30134
30259
30215
30150
30201
30151
30197
30181
30227
30237
30194
30319
30189
30277
30285
30170
30200
30190
30275
30185
30323
30263
30090
30293
30194
30154
30206
30135
30043
30214
30236
30242
30260
30075
30135
30213
30168
30224
30055
30217
30236
30191
30216
30135
30164
30101
30225
30125
30183
30065
30100
30204
30081
30180
30132
30041
30053
30136
29997
30179
30240
30048
30089
30145
30250
30153
30070
30010
30212
30419
30255
30104
30122
30273
30227
30333
29978
30030
30290
30318
30281
30084
30065
30220
30252
30153
30105
30141
30082
30158
30227
30067
30069
30009
30053
30137
30042
29955
29992
30106
30109
30102
30051
30042
30027
30200
30099
30067
30138
30075
30170
30158
30252
30187
30068
30234
30213
30266
30123
30149
29995
30278
30296
30230
30136
30039
30269
30212
30148
30110
30121
30080
30243
30303
30158
30062
30245
30304
30245
30077
29994
30159
30256
30114
30106
30109
30264
30184
30133
30150
30064
30273
30207
30069
30215
30158
30302
30243
30241
30207
30353
30250
30213
30482
30222
30251
30272
30233
30266
30271
30220
30192
30210
30217
30219
30198
30087
30145
30075
30217
30276
30122
30034
30136
30205
30286
30228
30031
30184
30231
30221
30362
30150
30131
30173
30342
30282
30127
30132
30112
30216
30120
29957
30046
29952
30173
30138
30009
30154
30047
30069
30133
30063
30105
30140
30151
30067
30215
30093
30134
30146
30069
30245
30229
30088
30188
30198
30154
30298
30236
30133
30305
30278
30321
30140
30210
30273
30276
30272
30247
30118
30342
30389
30265
30155
30244
30370
30295
30266
30193
30265
30425
30306
30199
30269
30169
30396
30334
30154
30161
30192
30311
30293
30220
30135
30290
30246
30198
30117
30175
30173
30245
30120
30232
30262
30260
30215
30053
30124
30154
30249
30086
29930
30270
30163
30269
30208
30078
30237
30241
30141
30075
30131
30314
30296
30232
30196
30038
30343
30143
30110
30167
30135
30309
30090
30184
30142
30145
30321
30029
30110
30215
30175
30336
29969
30090
30307
30230
30182
30179
30098
30097
30160
30230
30220
30126
30106
30144
30174
30242
30016
29980
30153
30308
30335
30167
30183
30131
30197
30390
30156
30225
30217
30256
30245
30311
30122
30198
30249
30237
30224
30067
30297
30244
30207
30219
30106
30309
30166
30225
30091
30150
30177
30061
30239
30090
30059
30215
30133
30099
30244
30078
30108
30231
30175
30193
30101
30109
30131
30217
30211
30006
30267
30010
30259
30334
30087
30083
30092
30182
30273
30268
30094
30189
30167
30187
30231
30116
30190
30251
30272
30187
30179
30209
30138
30367
30112
30146
30106
30072
30131
30113
30058
30111
30160
30229
30195
30071
29960
30148
30312
30064
30080
30093
30199
30369
30089
30051
30171
30369
30306
30039
30136
30196
30220
30255
30016
30130
30196
30182
30206
30049
30183
30205
30127
30215
30161
30214
30108
30087
30216
30131
30316
30063
30107
30213
30189
30088
29968
30060
30115
30199
30133
30059
30152
30002
30218
30168
30119
30246
30145
30068
30268
30351
30250
30191
30197
30349
30392
30267
30167
30306
30326
30472
30296
30179
30303
30348
30394
30184
30081
30264
30262
30241
30047
30144
30218
30280
30292
29954
30097
30300
30260
30239
29971
30206
30333
30317
30224
30078
30183
30308
30318
30176
30079
30164
30227
30218
30241
30148
30176
30258
30177
30182
30299
30186
30181
30208
30261
30251
30139
30129
30272
30232
30266
30161
30194
30068
30137
30232
30066
30095
30063
30042
30124
30198
30094
30038
30063
30340
30093
29967
30119
30083
30305
30220
30033
30048
30175
30353
30054
30196
30089
30210
30289
30133
29995
30167
30182
30223
30071
30143
30081
30232
30055
30026
30303
30102
30244
30054
30049
30184
30197
30076
30085
30184
30112
30167
30179
30248
30028
30175
30108
30182
30146
30171
30050
30184
30264
30283
30107
29996
30130
30306
30326
30151
30092
30285
30212
30465
30229
30139
30338
30265
30350
30221
30265
30265
30294
30340
30322
30142
30190
30370
30225
30332
30216
30158
30322
30266
30173
30168
30229
30284
30163
30202
30071
30035
30230
30064
30218
30165
30129
30195
30150
30242
30178
30097
30244
30210
30372
30147
30061
30124
30277
30273
30039
30152
30190
30281
30186
30061
30162
30273
30119
30153
29984
30126
30415
30280
30089
30111
30248
30307
30295
30153
30240
30288
30388
30265
30151
30158
30409
30310
30223
30259
30142
30366
30381
30225
30154
30079
30362
30257
30221
30128
30243
30430
30288
30206
30135
30191
30418
30080
29990
30195
30220
30332
30054
30037
30187
30356
30284
30042
30264
30087
30329
30199
30142
30129
30119
30237
30242
30270
30247
30259
30313
30223
30281
30262
30176
30323
30296
30312
30278
30447
30396
30227
30332
30293
30336
30385
30168
30165
30337
30390
30294
30317
30251
30177
30338
30254
30235
30350
30183
30180
30296
30144
30261
30261
30091
30198
30199
30263
30274
30128
30147
30114
30190
30239
30107
30084
30117
30217
30147
30146
30203
30142
30300
30240
30281
30150
30223
30306
30249
30336
30204
30380
30297
30280
30352
30297
30400
30259
30299
30253
30166
30425
30187
30231
30265
30334
30270
30364
30315
30242
30415
30175
30327
30276
30219
30242
30086
30400
30189
30289
30130
30094
30321
30133
30021
30084
30040
30283
30301
30230
30097
30046
30215
30167
30273
30011
30133
30157
30232
30285
30156
30186
30140
30357
30240
30020
30087
30024
30262
30163
30175
30161
30073
30135
30107
30158
30190
29993
30274
30227
30202
30307
30077
30229
30208
30333
30303
30226
30277
30217
30392
30331
30250
30221
30190
30306
30358
30179
30344
30167
30218
30415
30241
30180
30280
30314
30158
30258
30207
30353
30164
30089
30205
30208
30396
30172
30105
30259
30390
30257
30103
30033
30144
30374
30220
30161
30100
30208
30322
30164
30189
30122
30269
30123
30121
30218
30076
30119
30029
30059
30281
30182
30063
30094
30229
30106
30248
30037
30057
30194
30116
30030
30168
30102
30205
30221
30163
30203
30128
30069
30186
30231
30275
30120
30125
30171
30090
30198
30092
29958
30107
30122
30101
30202
30114
30246
30119
30047
30183
30004
30178
30112
30142
30280
30205
30158
30124
30189
30199
30112
30141
30161
30165
30275
30266
30009
30301
30219
30277
30273
30135
30305
30225
30367
30259
30372
30248
30269
30360
30346
30231
30309
30158
30249
30355
30223
30261
30223
30203
30319
30248
30190
30266
30184
30218
30169
30201
30342
30163
30260
30159
30216
30376
30271
30285
30152
30364
30364
30276
30336
30162
30393
30221
30192
30363
30198
30344
30176
30182
30245
30228
30208
30069
30224
30072
30158
30209
30021
30073
30201
30144
30013
30050
30229
30160
30148
30076
30107
30238
30038
30103
30146
30064
30320
30075
30073
30136
30169
30118
30018
30154
30065
30220
30166
30113
30121
29973
30096
30167
30056
30078
30080
30270
30108
30065
30090
30059
30244
30124
29916
30112
30124
30208
30182
30005
30124
30079
30221
30150
30113
30192
30193
30116
30122
30166
30145
30072
30171
30171
30213
30232
30178
30126
30211
30344
30244
30151
30221
30333
30304
30290
30172
30239
30287
30352
30166
30310
30222
30205
30138
30246
30249
30207
30083
30069
30090
30262
30144
30090
30023
30056
30210
30138
30075
30117
30137
30212
30067
30035
30086
30207
30249
29991
30051
30200
30123
30330
30081
30058
30255
30196
30318
30117
30193
30327
30274
30268
30327
30308
30260
30389
30311
30297
30379
30287
30255
30290
30341
30262
30297
30228
30222
30292
30180
30206
30282
30105
30094
30156
30086
30186
30291
30164
30011
30113
30153
30206
30217
30116
30157
30168
30207
29993
30094
30122
30345
30162
30025
30203
30353
30113
30156
29941
30179
30446
30212
30041
30055
30343
30267
30386
30034
30185
30389
30302
30263
30129
30199
30400
30418
30205
30295
30305
30346
30431
30302
30081
30344
30373
30236
30250
30207
30219
30389
30355
30136
30084
30230
30350
30170
30074
30237
30132
30402
30288
30075
30218
30038
30276
30267
30115
30130
30150
30327
30207
30047
30072
30117
30370
30170
29987
30074
30037
30295
30135
30066
30136
30090
30160
30203
30162
30186
30244
30048
30199
30161
30204
30246
30084
30102
30187
30456
30114
30098
30189
30250
30356
30097
29958
30206
30354
30212
30165
30070
30219
30396
30146
30188
30126
30223
30367
30093
30226
30226
30318
30189
30064
30173
30130
30270
30191
29968
30198
30174
30096
30190
29976
30185
30253
30193
30220
29977
30046
30336
30155
30160
30013
30141
30218
30153
30213
30160
30176
30198
30063
30218
30086
30217
30203
30074
30287
30187
30100
30110
30057
30235
30252
30125
30158
30006
30135
30283
30203
30089
29994
30209
30329
30286
30075
30169
30264
30301
30371
30137
30351
30258
30354
30356
30203
30281
30379
30369
30106
30298
30268
30343
30384
30262
30237
30334
30445
30264
30314
30223
30224
30442
30325
30128
30119
30284
30179
30256
30294
30177
30240
30235
30212
30111
30121
30204
30183
30218
30252
30153
30225
30101
30114
30295
30162
30318
30100
30097
30341
30304
30251
30148
30132
30294
30351
30163
30085
30107
30348
30309
30302
30142
30217
30267
30310
30270
30036
30220
30224
30208
30185
30166
30070
30127
30276
30137
30149
30157
30183
30274
30105
30137
30128
30226
30186
30150
30238
30023
30257
30243
29974
30188
30091
30175
30252
30152
30190
30108
30334
30284
30160
30268
30248
30346
30358
30119
30193
30272
30200
30171
30230
30162
30343
30159
30155
30256
30226
30266
30085
30180
30318
30228
30255
30142
30135
30295
30329
30362
30171
30151
30315
30308
30201
30275
30166
30166
30309
30310
30136
30127
30163
30064
30311
30259
30283
30114
30211
30246
30292
30239
30116
30119
30229
30313
30202
30072
30140
30273
30269
30146
30187
30227
30066
30127
30120
30129
30142
30106
30036
30223
30232
30056
30107
30086
30123
30224
30031
30049
30065
30164
30135
30158
30126
29992
30185
29973
30111
30162
30085
30040
30070
30199
30041
30215
29997
30114
30270
30125
30071
30075
30157
30398
30160
30044
30199
30200
30278
30216
30187
30126
30085
30246
30153
30066
30153
30218
30208
30133
30107
30110
30007
30254
30153
30249
30199
30164
30236
30236
30316
30248
30305
30295
30209
30378
30141
30396
30423
30234
30364
30171
30281
30267
30231
30137
30203
30372
30203
30155
30026
30116
30236
30081
29933
30038
30126
30181
30088
29951
30150
30244
30129
30033
30121
30157
30306
30261
30069
30145
30094
30267
30290
30173
30102
30171
30337
30117
30122
30137
30042
30196
30113
29921
30152
30234
30200
30104
30054
30177
30235
30276
30032
30181
30204
30331
30325
30163
30271
30303
30402
30273
30261
30195
30117
30368
30173
30159
30166
30192
30271
30136
30159
29941
30085
30211
30226
30234
30093
30082
30246
30172
30209
30220
30186
30207
30272
30252
30154
30044
30202
30281
30223
30319
30028
30219
30292
30255
30144
30015
30240
30298
30224
30161
30064
30177
30163
30021
30112
30026
30158
30145
30042
30163
30227
30123
30146
30123
30166
30197
30093
30175
30247
30198
30298
29940
30146
30260
30303
30248
30091
30201
30227
30288
30273
30082
30172
30079
30201
30154
30052
30155
30079
30126
30196
30090
30109
30113
30223
30079
30183
30091
30104
30188
30088
30196
30223
30248
30100
30245
30254
30349
30205
30061
30256
30235
30391
30244
30090
30284
30225
30358
30042
30139
30195
30184
30075
30050
30133
30123
30165
30080
30110
30178
30111
30027
30171
30138
30187
30110
30089
30076
30103
30218
30097
30245
30145
30125
30164
30346
30282
30170
30135
30120
30342
30300
30035
30022
30216
30397
30277
30237
30047
30129
30397
30254
30014
30119
30125
30235
30241
29967
30107
30278
30228
30024
30057
30114
30266
30274
30037
30147
30254
30256
30066
30099
30247
30309
30225
30110
30137
30339
30142
30250
29985
30216
30283
30252
30066
30003
30243
30292
30104
30092
29976
30289
30292
30196
30143
30040
30274
30330
30305
30101
30065
30317
30282
30342
30173
30061
30254
30204
30269
29974
30164
30236
30154
30206
30071
30128
30237
30177
30070
30145
30189
30224
30120
30194
30100
30224
30281
30042
30124
30150
30100
30202
30133
30094
30306
30184
30174
30094
30171
30120
30259
30163
30075
30196
30307
30107
30101
30074
30000
30264
30099
29987
30113
30161
30347
30109
30144
30133
30107
30273
30186
30197
30239
30100
30172
30250
30261
30104
30123
30228
30157
30285
30059
30121
30141
30083
30205
30222
30114
30081
30135
30073
30214
30240
30120
30092
30181
30338
30086
30169
30113
30305
30389
30227
30216
30197
30186
30277
30314
30170
30138
30202
30242
30216
30202
30136
30117
30209
30186
30227
30169
30189
30149
30281
30243
30128
30218
30189
30220
30291
30192
30173
30179
30266
30242
30154
30221
30206
30298
30137
30022
30310
30072
30056
30196
30087
30280
30192
30075
30163
30244
30124
30130
30128
30300
30194
30203
30178
29995
30283
30156
30167
30256
30191
30323
30183
30128
30219
30087
30138
30033
30107
30236
30078
30013
30143
30149
30199
30102
29985
30268
30255
30284
30096
30163
30307
30180
30313
30239
30296
30302
30241
30332
30289
30436
30339
30076
30386
30302
30420
30205
30173
30156
30255
30400
30253
30278
30220
30234
30323
30279
30123
30192
30150
30307
30211
30129
30273
30128
30187
30091
30095
30236
30166
30234
30019
30112
30226
30125
30190
30173
30196
30257
30237
30225
30156
30275
30249
30228
30154
30197
30183
30202
30232
30105
30181
30112
30226
30059
30080
30126
30187
30142
30017
30108
30046
30227
30328
30130
30005
30101
30313
30266
30135
30054
30230
30128
30301
30062
30029
30174
30204
30185
30089
30075
30271
30211
30296
30001
29950
30231
30205
30381
30102
30051
30337
30151
30299
30203
30158
30193
30248
30255
30128
30151
30084
30082
30208
30244
30096
30087
30006
30185
30319
30189
30009
30070
30009
30273
30156
30007
30002
30056
30286
30143
30009
30024
30192
30330
30155
30044
30202
30109
30340
30071
30076
30345
30103
30049
30154
30227
30257
30188
30064
30156
30202
30148
30118
30231
30190
30159
30088
30170
30103
30239
30022
30119
30288
30297
30100
30169
30224
30245
30351
30098
30144
30239
30374
30225
30020
30207
30092
30323
30220
30105
30101
30229
30320
30163
30116
30173
30114
30364
30311
30182
30136
30165
30352
30279
30265
29994
30144
30199
30206
30264
30114
30125
30272
30157
30194
30137
30109
30276
30116
30128
30189
30314
30266
30091
30184
30263
30291
30298
30029
30186
30263
30387
30034
30053
30187
30267
30315
30132
30108
30126
30080
30310
30132
30176
30204
30067
30226
30177
30103
30149
30105
30215
30193
30316
30144
30105
30237
30233
30153
30109
30071
30101
30250
30069
30111
30203
30208
30086
30089
30069
30235
30367
30074
30097
30223
30255
30199
30052
30033
30252
30209
30145
30052
30053
30247
30187
30164
30086
30093
30191
30104
30254
30087
30083
30124
30059
30036
30098
30103
30094
30220
30095
30135
30148
30109
30231
30295
30154
30203
30262
30302
30288
30312
30177
30186
30394
30265
30287
30160
30269
30367
30298
30122
30013
30271
30094
30262
30146
29999
30239
30185
30232
30123
30065
30140
30084
30184
30160
30065
30171
30161
30122
30159
30078
30109
30199
30141
30226
30100
30134
30217
30124
30280
30134
30117
30188
30238
30226
30158
30197
30135
30202
30055
30145
30193
30178
30223
30107
30145
30138
30259
30289
30121
30134
30070
30217
30127
30163
29991
30103
30342
30260
30153
30001
30249
30304
30300
30103
30061
30189
30143
30304
30047
30138
30244
30100
30150
30179
30192
30220
30102
30126
30080
30330
30182
30066
30307
30183
30173
30342
30123
30174
30277
30200
30276
30205
30152
30320
30213
30297
30077
30207
30265
30316
30377
30205
30298
30151
30157
30399
30170
30248
30267
30185
30330
30324
30262
30061
30200
30376
30300
30318
30102
30318
30334
30295
30328
30221
30340
30322
30384
30423
30181
30294
30274
30328
30321
30324
30272
30276
30372
30336
30201
30348
30208
30260
30241
30177
30166
30126
30281
30230
30181
30116
30099
30136
30193
30121
30015
30158
30187
30232
29986
30051
30153
30179
30245
29897
30152
30292
30207
30218
29962
30086
30298
30160
30061
30113
30203
30177
30343
30081
30149
30243
30166
30080
30078
30219
30293
30382
30144
30138
30464
30181
30328
30153
30112
30341
30176
30072
30127
30220
30199
30270
30237
30006
30279
30202
30051
30204
30101
30245
30303
30245
30157
30125
30308
30285
30288
30265
30094
30190
30237
30256
30097
30122
30256
30282
30370
30143
30115
30286
30277
30330
30083
30179
30377
30325
30151
30100
30396
30077
30275
30143
30125
30275
30211
30158
30107
30153
30253
30090
30159
30282
30111
30252
30134
30209
30354
30083
30179
30113
30214
30286
30076
30203
30146
30261
30247
29983
30183
30122
30206
30288
30099
30167
30153
30214
30168
30090
30167
30102
30262
30111
30054
30212
30184
30343
30219
30174
30233
30316
30304
30238
30224
30292
30319
30281
30255
30201
30189
30291
30304
30216
30199
30078
30162
30253
30113
30098
30205
30152
30256
30216
30146
30169
30171
30202
30282
30274
30212
30210
30288
30287
30216
30193
30079
30273
30408
30057
30205
30213
30246
30403
30074
30275
30280
30311
30297
30057
30277
30252
30240
30144
30134
30252
30182
30283
29998
30231
30284
30090
30197
30060
30187
30343
29992
30139
30239
30267
30218
30143
30230
30205
30401
30131
30002
30254
30176
30195
30137
30131
30168
30281
30171
30088
30216
30105
30172
30042
30126
30224
30048
30100
30087
30197
30302
30077
30043
30185
30325
30290
30008
30067
30182
30217
30329
30007
30093
30269
30251
30262
30185
30000
30306
30171
30327
30082
30098
30365
30122
30328
30167
30149
30342
30260
30190
30190
30207
30209
30196
30375
30132
30161
30218
30172
30199
30227
30168
30149
30225
30277
29986
30066
29981
30079
30177
30092
30119
30030
29987
30164
30115
30115
29949
29986
30213
30076
30148
30129
30012
30206
30122
29979
30186
30103
30159
30233
30132
30225
30104
30111
30161
30168
30321
30178
30148
30337
30104
30306
30282
30178
30209
30163
30243
30249
30212
30313
30089
30220
30162
30065
30138
30012
30185
30222
30147
30136
30158
30116
30295
30164
30138
30279
30203
30228
30021
30205
30297
30267
30274
30149
30249
30402
30347
30233
30139
30183
30351
30191
30028
30132
30299
30268
30096
30246
30150
30131
30210
30065
30234
30074
30121
30080
30033
30181
30094
30079
30043
30109
30195
30233
30150
30214
30129
30259
30281
30092
30249
30163
30242
30297
30095
30385
30285
30331
30231
30198
30259
30341
30278
30102
30202
30298
30210
30237
30185
30176
30404
30266
30255
30215
30202
30328
30128
30218
30166
30152
30226
30211
30287
30175
30246
30268
30221
30189
30197
30226
30319
30235
30310
30282
30254
30291
30272
30329
30288
30137
30337
30145
30262
30402
30197
30326
30242
30176
30123
30191
30293
30048
30130
30133
30059
30294
30264
30132
30031
30063
30327
30265
30224
30059
30187
30352
30278
30294
30248
30288
30291
30339
30260
30278
30309
30184
30330
30082
30336
30353
30141
30235
30214
30499
30259
30246
30297
30181
30447
30235
30184
30238
30237
30307
30197
30203
30198
30302
30195
30242
30167
30080
30073
30222
30018
30080
30000
30123
30023
29946
30173
30113
30180
30123
30046
30173
30142
30262
30099
30204
30273
30187
30162
30100
30258
30325
30195
30263
30261
30341
30438
30295
30146
30192
30396
30290
30271
30146
30140
30221
30332
30266
30004
30021
30361
30242
30070
30142
30061
30247
30303
30126
30153
30243
30411
30288
30235
30142
30299
30388
30303
30158
30202
30226
30426
30219
30114
30223
30230
30396
30239
30204
30177
30201
30357
30164
30263
30189
30236
30190
30037
30284
30109
30207
30292
30124
30208
30126
30202
30066
30121
30134
30179
30230
30110
30129
30061
30120
30262
30009
30090
29939
30109
30189
30132
30203
29977
30008
30096
30133
30081
30000
30185
30166
30111
30067
30107
30023
30080
30073
30068
