31418
31378
31391
31365
31371
31289
31392
31277
31392
31329
31344
31405
31318
31212
31307
31358
31357
31238
31279
31253
31433
31364
31129
31308
31296
31404
31412
31196
31188
31355
31270
31397
31233
31332
31330
31381
31263
31271
31209
31343
31267
31277
31426
31219
31396
31134
31294
31542
31157
31286
31126
31332
31584
31184
31269
31131
31346
31538
31187
31092
31149
31383
31456
31176
31281
31272
31317
31425
31183
31308
31382
31311
31315
31305
31345
31319
31210
31411
31307
31401
31278
31163
31323
31252
31470
31338
31238
31300
31228
31468
31328
31255
31360
31305
31484
31329
31133
31386
31221
31528
31287
31233
31289
31253
31524
31212
31263
31327
31331
31393
31239
31255
31420
31265
31278
31109
31360
31449
31277
31261
31277
31338
31416
31285
31172
31334
31392
31429
31273
31315
31514
31474
31375
31340
31322
31493
31424
31321
31430
31349
31484
31327
31436
31361
31458
31472
31379
31464
31434
31394
31342
31191
31328
31496
31284
31345
31298
31424
31444
31186
31305
31339
31410
31436
31204
31370
31298
31292
31332
31191
31248
31434
31300
31238
31301
31188
31497
31369
31305
31416
31269
31312
31299
31365
31409
31164
31325
31307
31300
31448
31141
31270
31271
31361
31368
31281
31179
31196
31405
31321
31300
31297
31219
31390
31250
31179
31301
31299
31560
31354
31304
31301
31321
31351
31289
31251
31255
31419
31359
31216
31383
31409
31362
31442
31264
31346
31426
31358
31274
31264
31181
31363
31324
31223
31339
31249
31397
31334
31337
31390
31316
31475
31319
31264
31374
31336
31428
31446
31298
31355
31422
31339
31431
31332
31410
31358
31401
31229
31265
31371
31326
31422
31266
31347
31375
31383
31415
31363
31292
31410
31305
31366
31380
31295
31331
31326
31347
31490
31292
31380
31373
31196
31479
31330
31387
31377
31287
31519
31285
31363
31360
31468
31535
31238
31365
31247
31466
31526
31240
31472
31407
31535
31333
31328
31619
31526
31516
31434
31188
31572
31418
31436
31259
31298
31568
31584
31356
31298
31401
31399
31600
31368
31298
31402
31299
31541
31287
31153
31503
31308
31525
31315
31326
31528
31221
31405
31383
31299
31505
31178
31477
31379
31226
31390
31282
31360
31315
31281
31324
31256
31334
31389
31267
31339
31201
31384
31333
31310
31351
31310
31446
31241
31382
31387
31284
31478
31224
31244
31379
31186
31552
31308
31351
31418
31284
31333
31257
31354
31464
31225
31385
31248
31390
31348
31105
31453
31319
31340
31242
31225
31474
31335
31333
31264
31336
31479
31251
31297
31269
31415
31432
31353
31285
31320
31362
31278
31153
31319
31414
31411
31256
31310
31310
31423
31440
31345
31373
31385
31475
31420
31292
31269
31323
31400
31433
31365
31244
31290
31475
31385
31348
31400
31360
31269
31437
31268
31298
31288
31282
31319
31366
31142
31359
31438
31325
31299
31269
31406
31411
31388
31157
31338
31485
31274
31352
31231
31317
31534
31293
31382
31257
31467
31445
31218
31197
31346
31482
31406
31150
31343
31449
31391
31363
31203
31425
31499
31292
31333
31320
31261
31414
31242
31200
31317
31334
31286
31179
31407
31371
31378
31276
31255
31455
31358
31283
31410
31253
31461
31394
31371
31517
31325
31400
31396
31487
31584
31306
31430
31350
31430
31433
31334
31232
31426
31321
31424
31430
31251
31417
31336
31376
31465
31235
31375
31357
31410
31406
31122
31396
31321
31417
31288
31324
31345
31420
31421
31323
31154
31437
31434
31452
31259
31259
31566
31410
31356
31225
31477
31630
31402
31265
31242
31375
31581
31210
31365
31239
31311
31411
31272
31275
31349
31398
31259
31239
31303
31399
31335
31333
31308
31262
31311
31422
31377
31306
31309
31318
31410
31340
31308
31340
31405
31311
31329
31332
31412
31482
31308
31318
31380
31315
31472
31303
31305
31413
31225
31470
31245
31263
31451
31208
31349
31259
31329
31379
31199
31402
31282
31209
31377
31290
31447
31304
31326
31457
31440
31347
31302
31233
31540
31506
31390
31128
31319
31541
31522
31397
31217
31275
31440
31481
31437
31239
31263
31534
31479
31441
31260
31283
31525
31346
31484
31271
31171
31515
31526
31536
31298
31330
31413
31374
31500
31357
31313
31395
31246
31519
31387
31280
31306
31428
31529
31480
31291
31308
31344
31361
31429
31176
31305
31336
31345
31467
31161
31381
31376
31435
31456
31207
31334
31209
31450
31565
31214
31439
31385
31504
31554
31282
31316
31357
31496
31487
31215
31361
31310
31556
31411
31301
31413
31331
31579
31405
31248
31382
31251
31540
31352
31136
31429
31179
31455
31253
31254
31478
31200
31438
31301
31157
31467
31232
31466
31347
31243
31427
31372
31334
31246
31304
31503
31375
31371
31389
31477
31401
31250
31443
31429
31439
31342
31323
31454
31472
31343
31371
31420
31410
31508
31383
31249
31143
31414
31459
31424
31189
31100
31305
31448
31306
31241
31198
31293
31514
31340
31242
31252
31401
31505
31410
31169
31335
31340
31368
31372
31153
31364
31272
31344
31326
31298
31330
31392
31456
31457
31348
31410
31389
31422
31392
31417
31333
31359
31464
31410
31451
31182
31474
31527
31334
31434
31319
31422
31438
31194
31362
31309
31388
31386
31313
31258
31330
31437
31401
31347
31420
31356
31413
31447
31384
31314
31448
31354
31453
31392
31231
31233
31493
31407
31486
31278
31280
31435
31455
31367
31215
31363
31324
31461
31296
31147
31369
31344
31444
31347
31149
31411
31359
31372
31306
31326
31385
31333
31391
31359
31295
31397
31239
31359
31417
31366
31300
31247
31445
31389
31370
31259
31205
31526
31452
31335
31368
31324
31543
31480
31392
31279
31313
31377
31583
31296
31353
31371
31374
31503
31348
31375
31444
31430
31423
31235
31377
31435
31318
31245
31107
31338
31354
31273
31243
31328
31311
31255
31192
31098
31286
31361
31298
31238
31155
31404
31368
31198
31259
31282
31507
31310
31242
31123
31326
31536
31282
31266
31238
31302
31435
31330
31275
31369
31473
31322
31308
31259
31314
31396
31313
31323
31268
31377
31306
31329
31344
31321
31452
31278
31296
31509
31350
31430
31413
31214
31413
31217
31481
31464
31278
31190
31348
31374
31364
31322
31332
31210
31483
31375
31223
31368
31263
31494
31383
31238
31335
31352
31409
31291
31343
31390
31278
31337
31491
31326
31327
31221
31358
31506
31322
31290
31263
31306
31403
31449
31228
31231
31346
31422
31352
31209
31277
31297
31393
31249
31159
31301
31320
31286
31304
31325
31270
31447
31163
31380
31331
31251
31431
31206
31428
31288
31406
31526
31291
31336
31406
31426
31471
31360
31468
31380
31548
31415
31368
31264
31429
31571
31372
31235
31294
31501
31363
31339
31315
31316
31498
31317
31297
31252
31262
31407
31350
31301
31229
31417
31417
31204
31288
31145
31361
31324
31196
31314
31234
31447
31368
31269
31413
31155
31533
31357
31247
31370
31138
31465
31383
31180
31251
31286
31400
31426
31175
31287
31249
31344
31374
31140
31263
31314
31304
31333
31106
31250
31330
31242
31334
31297
31192
31315
31162
31329
31338
31292
31291
31274
31357
31267
31431
31416
31210
31364
31219
31427
31374
31176
31343
31225
31455
31395
31282
31302
31281
31363
31413
31330
31330
31305
31422
31301
31292
31368
31265
31374
31445
31382
31288
31225
31444
31470
31384
31240
31167
31504
31485
31341
31266
31100
31492
31522
31391
31173
31076
31512
31568
31359
31152
31145
31555
31496
31276
31103
31253
31537
31392
31323
31136
31370
31566
31461
31335
31308
31254
31529
31349
31264
31335
31286
31577
31426
31257
31402
31207
31559
31493
31380
31346
31221
31448
31441
31362
31356
31305
31300
31473
31405
31276
31431
31486
31577
31413
31303
31382
31422
31557
31502
31244
31461
31379
31541
31416
31323
31396
31379
31596
31468
31387
31406
31360
31461
31430
31282
31576
31349
31352
31460
31230
31458
31331
31363
31431
31425
31298
31379
31380
31392
31352
31263
31281
31344
31362
31396
31191
31425
31366
31386
31325
31176
31465
31300
31446
31255
31201
31342
31332
31432
31304
31221
31374
31314
31291
31310
31332
31334
31330
31296
31216
31352
31416
31331
31148
31361
31352
31400
31258
31054
31418
31517
31348
31389
31180
31388
31412
31258
31226
31305
31474
31392
31204
31336
31286
31406
31260
31337
31360
31262
31343
31363
31367
31360
31386
31319
31388
31387
31243
31371
31303
31126
31459
31236
31397
31284
31259
31371
31148
31372
31201
31373
31319
31264
31418
31367
31416
31348
31186
31305
31357
31577
31325
31343
31398
31326
31524
31378
31278
31508
31517
31545
31389
31340
31469
31408
31380
31250
31356
31423
31378
31420
31314
31444
31425
31504
31574
31417
31512
31515
31443
31402
31332
31344
31364
31427
31398
31395
31350
31337
31574
31449
31546
31434
31501
31501
31434
31453
31321
31396
31256
31385
31485
31378
31402
31366
31433
31597
31371
31462
31208
31425
31486
31406
31415
31159
31383
31350
31461
31391
31237
31335
31448
31471
31308
31227
31453
31441
31470
31179
31347
31436
31358
31234
31317
31413
31407
31381
31260
31282
31484
31377
31239
31313
31402
31463
31328
31337
31194
31536
31457
31455
31326
31263
31468
31378
31399
31343
31201
31467
31396
31375
31348
31234
31487
31307
31281
31358
31186
31447
31199
31198
31335
31265
31411
31145
31337
31397
31276
31347
31148
31230
31472
31167
31407
31243
31284
31450
31284
31266
31248
31350
31446
31207
31427
31382
31378
31390
31132
31414
31417
31380
31377
31344
31514
31522
31440
31563
31336
31382
31445
31491
31456
31396
31467
31387
31511
31376
31504
31386
31442
31420
31433
31487
31361
31468
31422
31565
31414
31296
31388
31377
31462
31371
31250
31401
31381
31370
31350
31329
31420
31387
31459
31310
31389
31367
31378
31369
31267
31392
31287
31431
31251
31413
31541
31315
31259
31424
31580
31498
31287
31361
31436
31462
31360
31181
31401
31466
31446
31234
31285
31346
31345
31389
31291
31354
31213
31421
31338
31268
31336
31296
31337
31379
31156
31412
31281
31345
31411
31296
31407
31304
31337
31507
31318
31456
31363
31258
31407
31323
31427
31423
31431
31463
31409
31398
31318
31331
31445
31476
31343
31452
31321
31477
31397
31332
31260
31413
31526
31432
31342
31292
31344
31418
31316
31261
31259
31419
31343
31250
31263
31238
31356
31294
31269
31171
31242
31208
31307
31288
31268
31204
31437
31358
31253
31370
31276
31432
31424
31242
31558
31396
31471
31614
31354
31489
31384
31378
31494
31276
31443
31341
31470
31481
31323
31407
31419
31312
31457
31361
31227
31335
31311
31363
31386
31266
31340
31300
31308
31417
31216
31324
31347
31355
31453
31251
31310
31425
31253
31499
31419
31439
31240
31364
31469
31261
31431
31269
31243
31416
31175
31498
31300
31257
31398
31278
31315
31174
31200
31232
31216
31310
31251
31215
31286
31193
31272
31273
31132
31151
31203
31285
31314
31209
31115
31423
31411
31216
31319
31200
31389
31401
31205
31386
31313
31336
31414
31189
31478
31315
31409
31306
31138
31487
31406
31342
31346
31184
31490
31311
31316
31230
31264
31482
31282
31224
31298
31348
31386
31263
31373
31373
31323
31324
31237
31335
31386
31435
31280
31207
31405
31370
31376
31264
31294
31278
31490
31346
31214
31131
31321
31370
31454
31251
31220
31429
31256
31446
31312
31291
31401
31426
31404
31344
31369
31427
31287
31499
31252
31443
31428
31203
31482
31365
31299
31398
31280
31525
31380
31365
31489
31164
31375
31241
31207
31473
31217
31427
31291
31266
31259
31313
31381
31312
31348
31177
31471
31458
31356
31464
31157
31445
31476
31396
31394
31209
31355
31472
31374
31415
31271
31352
31412
31501
31396
31403
31288
31416
31407
31313
31381
31346
31455
31417
31385
31413
31381
31308
31501
31483
31445
31321
31470
31486
31371
31468
31348
31493
31524
31430
31559
31237
31376
31540
31357
31526
31253
31526
31439
31218
31396
31425
31558
31332
31190
31383
31390
31445
31303
31266
31489
31387
31335
31351
31239
31503
31380
31268
31323
31299
31451
31317
31386
31471
31306
31396
31389
31278
31458
31303
31295
31419
31346
31352
31457
31386
31419
31369
31287
31382
31405
31441
31418
31290
31358
31228
31354
31496
31361
31302
31405
31370
31508
31323
31316
31306
31341
31394
31407
31164
31376
31527
31421
31417
31235
31401
31444
31399
31284
31177
31198
31456
31371
31260
31262
31426
31350
31319
31255
31305
31394
31377
31406
31086
31341
31363
31242
31321
31215
31267
31414
31269
31208
31302
31394
31334
31331
31169
31314
31395
31412
31387
31234
31353
31386
31379
31556
31059
31435
31461
31306
31484
31194
31427
31327
31424
31448
31177
31307
31284
31471
31371
31202
31288
31192
31408
31250
31248
31316
31204
31439
31278
31215
31379
31269
31448
31202
31261
31205
31327
31495
31427
31158
31438
31423
31410
31399
31247
31225
31489
31428
31361
31275
31260
31397
31373
31262
31213
31340
31397
31436
31366
31276
31239
31326
31341
31342
31243
31202
31296
31525
31464
31282
31419
31234
31504
31491
31327
31460
31301
31307
31443
31320
31399
31207
31388
31426
31310
31380
31067
31422
31498
31249
31193
31172
31296
31507
31211
31259
31115
31258
31453
31164
31238
31220
31342
31504
31155
31154
31293
31322
31538
31213
31209
31141
31319
31560
31337
31166
31433
31266
31544
31342
31221
31489
31328
31372
31325
31304
31443
31337
31450
31346
31257
31448
31277
31342
31322
31340
31294
31408
31292
31264
31296
31338
31425
31396
31230
31172
31382
31470
31395
31239
31177
31265
31421
31352
31212
31173
31382
31400
31433
31232
31251
31562
31431
31372
31270
31334
31511
31499
31326
31340
31355
31422
31559
31408
31344
31384
31463
31529
31383
31321
31400
31293
31526
31315
31193
31464
31369
31522
31356
31205
31595
31507
31456
31429
31340
31462
31383
31431
31290
31349
31455
31514
31395
31345
31495
31409
31460
31490
31331
31569
31369
31455
31383
31424
31488
31378
31290
31466
31438
31490
31302
31455
31518
31342
31398
31413
31408
31583
31481
31440
31343
31340
31349
31455
31437
31362
31411
31409
31447
31377
31394
31388
31304
31542
31407
31465
31502
31280
31473
31402
31514
31522
31200
31444
31507
31467
31473
31214
31428
31542
31447
31509
31135
31515
31451
31427
31463
31272
31349
31441
31277
31510
31332
31337
31310
31282
31386
31319
31350
31407
31331
31362
31361
31294
31230
31449
31383
31448
31359
31241
31449
31310
31520
31359
31312
31442
31230
31481
31388
31282
31496
31389
31511
31249
31319
31510
31233
31464
31138
31301
31492
31194
31289
31384
31331
31413
31314
31267
31423
31393
31354
31255
31322
31404
31388
31315
31437
31218
31540
31338
31334
31478
31241
31456
31299
31221
31421
31373
31458
31426
31333
31332
31261
31282
31367
31289
31376
31328
31284
31272
31261
31405
31393
31196
31260
31378
31332
31411
31259
31241
31363
31440
31345
31283
31296
31407
31387
31217
31119
31281
31420
31332
31293
31214
31324
31488
31381
31200
31282
31303
31396
31342
31248
31255
31459
31395
31308
31364
31321
31385
31335
31419
31426
31294
31269
31351
31221
31414
31207
31312
31303
31256
31446
31332
31338
31222
31249
31391
31369
31218
31279
31285
31387
31347
31198
31295
31328
31420
31461
31330
31299
31538
31481
31496
31418
31370
31463
31485
31505
31463
31383
31299
31565
31538
31483
31333
31435
31543
31572
31406
31379
31485
31463
31497
31463
31165
31430
31503
31337
31438
31194
31456
31345
31301
31535
31149
31488
31291
31440
31523
31184
31358
31425
31402
31497
31159
31473
31483
31339
31431
31222
31475
31493
31341
31345
31209
31352
31430
31297
31306
31398
31394
31327
31312
31316
31392
31212
31293
31296
31251
31281
31327
31331
31274
31232
31316
31239
31331
31245
31177
31343
31266
31249
31260
31304
31246
31325
31146
31159
31194
31206
31305
31123
31326
31221
31260
31174
31143
31321
31227
31316
31229
31234
31336
31196
31339
31243
31188
31319
31327
31315
31164
31312
31331
31322
31224
31303
31406
31291
31328
31320
31374
31439
31300
31387
31344
31414
31349
31399
31383
31282
31311
31359
31461
31314
31184
31522
31425
31461
31308
31188
31431
31494
31491
31373
31325
31404
31520
31378
31304
31306
31393
31422
31294
31274
31341
31377
31256
31248
31140
31265
31346
31236
31228
31226
31191
31184
31215
31221
31240
31199
31331
31267
31171
31258
31069
31258
31310
31156
31309
31248
31355
31244
31233
31174
31321
31385
31304
31197
31241
31356
31294
31458
31287
31309
31371
31248
31419
31276
31291
31324
31143
31277
31278
31279
31290
31205
31364
31341
31280
31162
31265
31248
31396
31368
31214
31366
31314
31458
31379
31281
31281
31199
31367
31485
31290
31471
31339
31397
31505
31224
31494
31484
31341
31493
31239
31455
31344
31343
31319
31270
31433
31159
31323
31357
31189
31403
31254
31225
31270
31188
31186
31251
31363
31240
31254
31223
31199
31384
31232
31186
31085
31438
31404
31255
31142
31208
31411
31465
31212
31251
31154
31378
31459
31334
31277
31250
31510
31525
31426
31362
31370
31428
31416
31352
31305
31262
31445
31495
31382
31235
31372
31324
31465
31469
31305
31429
31318
31368
31385
31264
31353
31165
31310
31474
31323
31273
31348
31287
31423
31266
31199
31285
31389
31406
31357
31291
31261
31418
31297
31273
31304
31240
31251
31282
31300
31311
31135
31371
31330
31300
31344
31114
31228
31495
31273
31235
31215
31211
31478
31348
31261
31321
31236
31307
31318
31215
31449
31166
31400
31195
31258
31487
31275
31427
31232
31307
31385
31238
31457
31259
31396
31343
31300
31394
31302
31325
31386
31222
31372
31355
31275
31505
31438
31473
31426
31362
31568
31365
31364
31528
31257
31589
31337
31345
31572
31337
31378
31433
31328
31598
31377
31312
31430
31161
31366
31351
31201
31444
31206
31332
31467
31163
31375
31299
31248
31505
31188
31301
31275
31147
31474
31222
31263
31357
31179
31534
31252
31346
31345
31284
31528
31257
31333
31281
31301
31304
31336
31285
31262
31357
31337
31337
31281
31307
31491
31297
31353
31230
31295
31452
31220
31295
31294
31334
31347
31260
31303
31455
31335
31357
31286
31342
31437
31403
31243
31260
31394
31280
31365
31199
31365
31397
31326
31387
31226
31410
31278
31195
31223
31326
31412
31358
31165
31317
31483
31358
31380
31296
31388
31518
31503
31331
31309
31255
31510
31395
31374
31281
31400
31425
31356
31381
31479
31392
31442
31347
31323
31329
31322
31380
31256
31306
31387
31383
31270
31354
31234
31441
31361
31247
31428
31283
31423
31333
31230
31474
31232
31476
31399
31270
31322
31225
31401
31496
31317
31302
31406
31438
31418
31379
31317
31476
31578
31502
31393
31214
31472
31558
31443
31253
31346
31500
31554
31397
31354
31307
31498
31558
31320
31371
31324
31578
31519
31305
31340
31292
31551
31468
31398
31351
31232
31415
31411
31459
31503
31269
31433
31512
31379
31314
31282
31482
31446
31437
31166
31402
31428
31217
31407
31237
31403
31466
31335
31315
31099
31215
31409
31216
31263
31299
31409
31431
31244
31164
31334
31401
31319
31310
31150
31345
31421
31403
31402
31272
31563
31446
31294
31412
31197
31404
31353
31250
31322
31372
31403
31386
31303
31368
31379
31296
31394
31401
31261
31396
31235
31237
31279
31225
31455
31155
31291
31189
31339
31375
31220
31348
31238
31161
31485
31249
31283
31184
31269
31460
31254
31222
31157
31350
31445
31150
31175
31342
31235
31430
31257
31245
31329
31230
31251
31300
31222
31220
31199
31251
31385
31235
31367
31214
31225
31410
31314
31349
31276
31385
31510
31380
31360
31185
31471
31482
31241
31451
31205
31423
31541
31284
31420
31275
31370
31489
31298
31364
31269
31320
31377
31268
31394
31357
31225
31341
31356
31371
31452
31270
31481
31288
31404
31416
31319
31544
31378
31336
31361
31348
31534
31266
31465
31417
31419
31554
31359
31477
31437
31282
31449
31323
31569
31403
31343
31499
31275
31535
31338
31340
31508
31298
31398
31197
31443
31559
31138
31383
31230
31346
31496
31159
31331
31299
31328
31491
31204
31354
31395
31416
31415
31319
31293
31485
31381
31355
31226
31359
31521
31413
31185
31338
31347
31561
31357
31270
31351
31385
31389
31210
31345
31388
31345
31328
31188
31442
31412
31250
31331
31139
31469
31383
31260
31356
31210
31419
31456
31311
31460
31061
31404
31570
31296
31385
31195
31323
31520
31238
31401
31284
31423
31413
31365
31171
31277
31438
31311
31350
31172
31304
31412
31282
31475
31173
31440
31467
31284
31359
31302
31398
31344
31314
31420
31374
31447
31379
31350
31255
31433
31451
31396
31375
31227
31467
31314
31219
31435
31393
31319
31306
31324
31352
31379
31325
31258
31350
31239
31424
31250
31321
31315
31353
31399
31227
31283
31199
31204
31353
31248
31221
31292
31230
31339
31250
31141
31300
31246
31388
31431
31340
31364
31398
31237
31363
31373
31353
31328
31284
31404
31386
31380
31355
31364
31465
31468
31381
31468
31294
31436
31451
31330
31360
31257
31415
31443
31381
31349
31543
31571
31484
31387
31556
31420
31419
31387
31360
31444
31331
31278
31386
31412
31392
31404
31204
31420
31428
31431
31357
31193
31350
31406
31296
31371
31160
31453
31477
31262
31379
31281
31500
31491
31361
31281
31333
31464
31419
31300
31297
31508
31499
31294
31448
31404
31630
31502
31228
31402
31375
31448
31561
31197
31369
31411
31300
31543
31124
31342
31467
31277
31416
31199
31288
31444
31291
31449
31259
31239
31317
31363
31405
31301
31216
31288
31412
31432
31324
31392
31395
31516
31436
31397
31365
31199
31493
31376
31241
31400
31302
31392
31424
31325
31450
31327
31422
31522
31328
31282
31306
31424
31507
31171
31209
31275
31340
31522
31231
31274
31251
31305
31452
31182
31144
31492
31466
31451
31206
31139
31389
31456
31485
31186
31287
31456
31476
31401
31398
31184
31524
31503
31334
31402
31221
31410
31447
31349
31325
31230
31376
31455
31327
31297
31288
31433
31473
31317
31363
31252
31341
31380
31224
31393
31292
31295
31431
31331
31327
31385
31208
31398
31417
31361
31399
31230
31269
31320
31285
31424
31195
31261
31418
31337
31406
31095
31377
31451
31338
31296
31385
31407
31530
31326
31478
31372
31306
31399
31370
31410
31438
31403
31337
31438
31329
31561
31376
31419
31494
31440
31409
31371
31409
31441
31374
31301
31393
31502
31483
31342
31278
31507
31629
31483
31357
31382
31542
31569
31392
31288
31344
31526
31494
31330
31322
31460
31509
31432
31245
31296
31507
31449
31405
31293
31376
31382
31323
31270
31178
31422
31315
31261
31335
31312
31287
31362
31275
31362
31318
31296
31348
31264
31369
31341
31344
31346
31356
31335
31347
31327
31434
31360
31469
31386
31392
31419
31321
31423
31395
31261
31511
31379
31419
31392
31173
31508
31392
31454
31424
31316
31346
31376
31367
31334
31241
31304
31341
31347
31298
31255
31300
31322
31392
31405
31220
31244
31341
31460
31474
31243
31288
31264
31442
31509
31190
31437
31267
31385
31323
31286
31486
31380
31343
31214
31394
31459
31380
31253
31305
31423
31527
31287
31417
31287
31583
31542
31393
31218
31411
31589
31560
31314
31213
31490
31588
31481
31300
31202
31502
31503
31499
31289
31151
31519
31467
31406
31251
31218
31538
31291
31423
31276
31280
31487
31409
31429
31287
31295
31376
31325
31422
31369
31284
31388
31285
31440
31391
31307
31323
31318
31230
31373
31256
31334
31310
31330
31460
31344
31375
31166
31333
31506
31370
31377
31293
31369
31412
31295
31400
31316
31468
31287
31291
31384
31255
31527
31327
31354
31419
31286
31478
31356
31291
31468
31394
31349
31330
31272
31529
31324
31467
31402
31285
31380
31224
31417
31501
31241
31414
31342
31377
31295
31301
31375
31348
31324
31423
31364
31322
31297
31295
31422
31384
31234
31338
31219
31294
31404
31290
31288
31260
31364
31276
31319
31271
31239
31178
31290
31288
31425
31273
31225
31279
31326
31451
31337
31171
31435
31456
31425
31300
31160
31410
31436
31374
31311
31215
31468
31236
31395
31335
31156
31439
31356
31372
31269
31210
31238
31281
31334
31395
31255
31247
31171
31255
31370
31354
31264
31219
31350
31284
31409
31261
31187
31415
31371
31333
31204
31358
31453
31381
31239
31364
31402
31572
31285
31239
31374
31496
31474
31378
31201
31290
31564
31388
31235
31225
31417
31426
31356
31217
31267
31394
31331
31220
31237
31304
31382
31237
31203
31313
31416
31442
31255
31253
31282
31309
31309
31188
31164
31513
31443
31320
31212
31292
31332
31349
31275
31186
31374
31326
31279
31410
31310
31282
31436
31216
31285
31432
31310
31274
31134
31266
31317
31262
31186
31172
31342
31311
31164
31385
31271
31213
31228
31324
31299
31319
31238
31232
31412
31355
31212
31392
31259
31463
31384
31270
31251
31314
31492
31378
31171
31351
31389
31475
31325
31284
31327
31447
31476
31310
31353
31320
31495
31501
31364
31331
31412
31287
31506
31379
31452
31382
31288
31398
31363
31378
31499
31210
31473
31381
31302
31511
31274
31443
31397
31403
31441
31281
31364
31387
31442
31456
31320
31272
31414
31479
31514
31297
31325
31270
31441
31419
31317
31272
31326
31451
31418
31257
31224
31352
31454
31421
31200
31208
31390
31451
31247
31203
31080
31463
31379
31304
31249
31223
31509
31331
31176
31358
31186
31419
31241
31123
31415
31308
31335
31258
31186
31383
31330
31169
31235
31035
31428
31463
31232
31225
31090
31314
31359
31191
31239
31084
31400
31330
31214
31336
31189
31368
31224
31134
31254
31075
31346
31137
31140
31295
31192
31431
31208
31222
31397
31088
31396
31249
31296
31462
31161
31445
31265
31353
31409
31123
31400
31357
31417
31322
31229
31254
31359
31359
31339
31369
31346
31337
31358
31293
31301
31256
31382
31370
31320
31255
31126
31359
31326
31315
31270
31310
31207
31391
31274
31418
31314
31251
31391
31240
31417
31373
31287
31288
31432
31493
31445
31314
31447
31468
31545
31362
31364
31306
31371
31511
31352
31408
31326
31464
31487
31302
31460
31301
31415
31390
31285
31301
31305
31426
31265
31202
31155
31118
31360
31295
31280
31345
31323
31339
31228
31290
31113
31332
31352
31225
31264
31260
31308
31394
31250
31295
31325
31359
31518
31307
31373
31305
31276
31380
31272
31227
31424
31327
31527
31304
31337
31497
31362
31441
31411
31335
31404
31367
31327
31230
31367
31417
31439
31231
31135
31510
31346
31377
31283
31192
31453
31285
31248
31267
31227
31497
31245
31226
31206
31211
31534
31236
31198
31346
31281
31537
31268
31170
31449
31434
31464
31280
31143
31413
31404
31402
31199
31334
31573
31423
31370
31260
31344
31498
31390
31380
31252
31403
31347
31417
31346
31144
31371
31446
31302
31231
31171
31361
31414
31251
31351
31283
31344
31320
31334
31335
31446
31352
31420
31249
31205
31443
31538
31383
31222
31375
31434
31449
31324
31366
31261
31482
31417
31236
31341
31338
31466
31347
31322
31313
31394
31356
31397
31358
31335
31174
31324
31265
31442
31329
31288
31176
31238
31518
31250
31298
31175
31352
31385
31269
31217
31322
31322
31448
31272
31266
31298
31248
31398
31499
31203
31272
31252
31360
31401
31282
31289
31157
31440
31352
31227
31139
31206
31412
31447
31217
31256
31263
31224
31355
31231
31273
31348
31333
31308
31243
31289
31548
31342
31414
31296
31399
31365
31272
31336
31237
31407
31290
31240
31415
31393
31330
31371
31240
31461
31341
31317
31220
31066
31361
31308
31296
31369
31172
31326
31324
31146
31346
31164
31337
31356
31259
31189
31212
31274
31305
31265
31343
31271
31271
31220
31332
31379
31300
31266
31180
31397
31342
31397
31348
31252
31363
31394
31337
31251
31149
31502
31331
31403
31274
31213
31393
31411
31296
31378
31323
31263
31360
31350
31443
31261
31499
31296
31329
31416
31201
31405
31380
31362
31397
31290
31317
31452
31404
31355
31282
31394
31414
31234
31321
31341
31287
31325
31324
31225
31354
31221
31292
31356
31338
31260
31316
31196
31374
31412
31307
31269
31322
31393
31341
31263
31322
31368
31431
31301
31348
31413
31458
31375
31438
31533
31421
31545
31513
31452
31541
31366
31419
31384
31423
31569
31422
31457
31361
31405
31532
31479
31430
31426
31377
31569
31237
31330
31309
31328
31544
31317
31310
31309
31216
31528
31405
31273
31181
31353
31391
31335
31267
31293
31394
31439
31329
31249
31217
31432
31483
31422
31186
31359
31439
31445
31424
31223
31366
31494
31360
31229
31310
31455
31467
31354
31198
31153
31568
31324
31301
31145
31240
31499
31242
31258
31092
31197
31517
31285
31235
31142
31096
31528
31286
31222
31119
31182
31462
31266
31077
31248
31169
31398
31271
31241
31362
31299
31308
31350
31051
31385
31372
31283
31486
31203
31341
31337
31198
31539
31193
31294
31458
31173
31494
31143
31282
31568
31253
31379
31360
31319
31504
31234
31305
31417
31332
31500
31215
31279
31441
31441
31352
31384
31272
31476
31418
31335
31376
31233
31392
31308
31219
31266
31362
31365
31381
31169
31227
31240
31250
31359
31299
31243
31300
31385
31399
31262
31275
31238
31378
31382
31233
31219
31440
31438
31497
31244
31233
31444
31409
31408
31274
31284
31256
31446
31303
31243
31368
31310
31374
31173
31359
31432
31276
31209
31324
31438
31382
31260
31319
31423
31458
31325
31288
31246
31475
31431
31317
31269
31274
31542
31371
31326
31233
31192
31466
31394
31322
31355
31386
31400
31380
31278
31364
31338
31499
31335
31375
31376
31134
31446
31389
31289
31391
31208
31463
31343
31308
31368
31200
31484
31230
31217
31304
31231
31339
31275
31164
31403
31254
31278
31166
31325
31322
31300
31224
31205
31361
31422
31167
31271
31329
31315
31431
31233
31189
31402
31399
31454
31244
31242
31536
31391
31270
31296
31310
31524
31285
31291
31324
31353
31429
31341
31133
31401
31440
31299
31320
31219
31463
31380
31464
31354
31294
31422
31299
31398
31356
31203
31513
31314
31467
31484
31263
31317
31292
31449
31474
31246
31348
31237
31396
31312
31236
31402
31337
31393
31253
31327
31307
31316
31309
31319
31363
31296
31386
31457
31367
31395
31364
31399
31386
31256
31364
31421
31430
31336
31306
31362
31427
31469
31348
31385
31418
31593
31385
31334
31347
31341
31455
31358
31251
31394
31410
31412
31364
31407
31426
31545
31378
31513
31495
31441
31337
31393
31441
31501
31386
31304
31382
31212
31478
31330
31352
31515
31338
31400
31345
31185
31469
31289
31242
31313
31281
31377
31207
31302
31372
31259
31251
31184
31323
31386
31253
31182
31317
31421
31427
31179
31222
31130
31414
31373
31236
31257
31320
31476
31303
31122
31384
31345
31435
31213
31216
31512
31255
31340
31130
31355
31510
31238
31123
31191
31308
31468
31276
31300
31217
31295
31272
31228
31249
31307
31370
31372
31221
31329
31364
31414
31305
31271
31223
31406
31428
31204
31305
31254
31467
31405
31341
31266
31366
31530
31406
31402
31487
31172
31373
31259
31415
31401
31302
31311
31254
31441
31319
31369
31424
31355
31464
31201
31246
31355
31308
31357
31230
31215
31319
31411
31343
31125
31329
31275
31393
31256
31245
31288
31338
31275
31050
31268
31254
31248
31369
31177
31287
31238
31091
31360
31133
31304
31154
31113
31363
31218
31313
31218
31099
31392
31236
31284
31273
31144
31440
31315
31295
31235
31314
31325
31254
31313
31206
31303
31340
31401
31315
31290
31228
31154
31432
31377
31276
31294
31157
31404
31304
31214
31229
31258
31457
31363
31276
31288
31308
31263
31378
31297
31263
31474
31327
31442
31317
31315
31521
31249
31284
31374
31393
31413
31226
31254
31297
31397
31305
31272
31184
31194
31411
31330
31236
31270
31288
31463
31316
31246
31297
31318
31415
31381
31353
31356
31289
31330
31452
31396
31329
31394
31382
31530
31325
31416
31512
31158
31421
31386
31259
31565
31249
31419
31330
31178
31535
31386
31436
31275
31297
31307
31360
31328
31374
31242
31223
31496
31299
31264
31210
31239
31491
31352
31257
31252
31172
31385
31341
31169
31338
31201
31405
31315
31200
31339
31122
31385
31416
31279
31332
31301
31357
31455
31315
31374
31221
31357
31425
31316
31253
31450
31436
31393
31214
31266
31504
31478
31309
31191
31263
31411
31394
31294
31268
31278
31359
31380
31250
31240
31257
31321
31415
31350
31261
31283
31256
31393
31348
31275
31201
31165
31484
31498
31340
31150
31280
31260
31517
31262
31158
31331
31220
31466
31290
31133
31426
31324
31437
31317
31228
31530
31290
31278
31404
31218
31457
31352
31330
31258
31314
31426
31397
31325
31250
31328
31463
31305
31413
31296
31400
31500
31296
31443
31239
31418
31316
31301
31487
31311
31332
31252
31405
31509
31364
31254
31367
31562
31469
31303
31323
31404
31532
31359
31443
31208
31533
31440
31401
31284
31251
31607
31407
31222
31304
31354
31540
31396
31189
31292
31336
31312
31447
31233
31272
31331
31295
31388
31262
31359
31328
31233
31430
31197
31257
31244
31239
31372
31179
31123
31362
31251
31375
31175
31231
31403
31218
31207
31250
31350
31390
31173
31183
31260
31324
31437
31226
31155
31399
31227
31402
31318
31253
31325
31423
31443
31326
31277
31342
31268
31400
31348
31240
31374
31427
31600
31381
31267
31255
31481
31473
31334
31248
31267
31421
31413
31340
31288
31491
31485
31418
31289
31363
31369
31357
31322
31138
31210
31367
31300
31343
31246
31340
31448
31249
31247
31305
31327
31361
31163
31264
31295
31225
31321
31231
31203
31264
31263
31284
31240
31232
31312
31315
31278
31315
31279
31270
31194
31305
31401
31297
31197
31128
31348
31431
31357
31148
31300
31263
31523
31361
31276
31340
31339
31549
31306
31324
31366
31297
31547
31377
31387
31294
31256
31488
31283
31423
31279
31325
31483
31249
31437
31267
31396
31434
31367
31444
31280
31429
31434
31206
31313
31315
31385
31346
31256
31361
31381
31384
31358
31235
31437
31389
31245
31363
31236
31163
31354
31316
31325
31313
31311
31360
31269
31385
31437
31301
31325
31237
31409
31439
31282
31355
31323
31511
31439
31391
31324
31393
31431
31268
31172
31261
31352
31458
31323
31408
31346
31288
31454
31310
31406
31339
31267
31359
31361
31322
31240
31276
31360
31302
31352
31161
31326
31465
31367
31335
31289
31212
31502
31376
31358
31227
31178
31455
31413
31323
31218
31265
31377
31345
31286
31182
31305
31470
31358
31294
31284
31313
31386
31456
31222
31179
31389
31349
31427
31263
31296
31443
31358
31325
31274
31405
31447
31350
31277
31296
31338
31259
31385
31297
31250
31456
31359
31442
31373
31208
31478
31369
31328
31396
31316
31461
31264
31476
31482
31303
31421
31375
31409
31461
31243
31314
31399
31481
31310
31378
31170
31433
31508
31233
31419
31223
31303
31417
31283
31354
31242
31376
31255
31225
31250
31194
31311
31243
31190
31330
31228
31267
31204
31276
31351
31244
31266
31156
31259
31462
31249
31207
31160
31210
31485
31270
31239
31242
31157
31499
31421
31306
31257
31275
31514
31430
31221
31410
31374
31524
31223
31377
31378
31447
31453
31310
31295
31470
31468
31390
31350
31335
31509
31473
31212
31295
31367
31434
31402
31278
31419
31165
31523
31410
31205
31449
31251
31464
31358
31147
31326
31414
31317
31160
31313
31210
31369
31377
31206
31297
31438
31347
31330
31277
31337
31332
31515
31281
31203
31387
31237
31434
31371
31268
31317
31405
31322
31350
31316
31206
31329
31467
31267
31276
31215
31249
31380
31201
31347
31230
31309
31372
31193
31409
31296
31281
31432
31294
31465
31344
31345
31336
31280
31471
31487
31312
31298
31377
31484
31495
31440
31257
31451
31469
31495
31400
31213
31403
31410
31373
31368
31151
31475
31569
31430
31289
31274
31283
31461
31388
31275
31343
31143
31394
31387
31318
31378
31203
31393
31381
31326
31418
31141
31522
31423
31330
31207
31339
31427
31423
31316
31265
31354
31286
31330
31195
31263
31339
31368
31286
31326
31335
31398
31327
31391
31267
31347
31351
31267
31498
31426
31451
31427
31351
31414
31379
31397
31404
31362
31486
31333
31212
31418
31284
31383
31448
31241
31416
31357
31285
31380
31182
31205
31280
31279
31351
31268
31328
31128
31201
31400
31306
31217
31121
31263
31344
31369
31353
31292
31344
31333
31214
31363
31291
31308
31373
31269
31234
31297
31208
31273
31324
31289
31332
31203
31228
31266
31267
31412
31236
31385
31443
31292
31343
31196
31382
31460
31296
31319
31338
31435
31402
31260
31424
31366
31393
31363
31348
31322
31160
31328
31242
31157
31293
31310
31321
31329
31219
31238
31297
31243
31349
31213
31196
31333
31330
31264
31168
31391
31409
31335
31302
31311
31349
31336
31454
31426
31405
31417
31429
31507
31415
31339
31631
31462
31514
31464
31495
31483
31361
31411
31469
31405
31439
31367
31441
31507
31255
31351
31414
31272
31446
31253
31225
31370
31310
31300
31354
31186
31437
31396
31298
31328
31216
31379
31368
31335
31284
31188
31394
31475
31319
31354
31230
31226
31490
31314
31211
31425
31207
31541
31261
31158
31421
31214
31452
31282
31174
31250
31235
31233
31335
31244
31279
31190
31235
31202
31272
31282
31225
31220
31328
31268
31270
31297
31166
31262
31342
31251
31290
31296
31241
31394
31186
31330
31362
31261
31389
31284
31373
31224
31343
31399
31216
31341
31282
31258
31312
31146
31315
31327
31135
31370
31271
31236
31222
31303
31305
31279
31226
31231
31258
31169
31402
31297
31339
31326
31267
31277
31247
31305
31554
31272
31382
31332
31424
31530
31268
31412
31286
31480
31452
31234
31346
31231
31400
31432
31354
31296
31325
31309
31202
31366
31213
31170
31277
31272
31454
31239
31254
31132
31305
31366
31128
31332
31151
31288
31382
31233
31342
31178
31172
31374
31357
31290
31157
31220
31334
31301
31340
31174
31134
31427
31287
31233
31105
31172
31358
31360
31133
31212
31272
31282
31213
31061
31072
31225
31292
31275
31160
31207
31240
31114
31214
31109
31168
31220
31178
31226
31106
31123
31157
31112
31235
31136
31177
31230
31200
31238
31207
31075
31262
31254
31146
31257
31182
31358
31249
31124
31318
31264
31389
31276
31158
31252
31346
31385
31323
31110
31430
31451
31362
31228
31302
31445
31539
31427
31352
31319
31308
31450
31473
31356
31270
31550
31537
31411
31460
31431
31462
31538
31302
31519
31365
31361
31466
31349
31400
31311
31380
31247
31304
31486
31331
31359
31281
31275
31377
31357
31323
31294
31343
31337
31323
31386
31212
31444
31428
31225
31395
31336
31403
31218
31277
31331
31359
31339
31258
31304
31382
31320
31445
31208
31388
31447
31290
31274
31256
31346
31349
31357
31313
31285
31273
31301
31292
31310
31360
31273
31293
31258
31324
31401
31232
31118
31357
31348
31362
31235
31221
31376
31346
31337
31145
31252
31333
31339
31282
31355
31263
31335
31246
31450
31334
31335
31324
31221
31401
31423
31245
31340
31321
31360
31534
31163
31385
31326
31498
31489
31249
31239
31358
31461
31387
31215
31395
31537
31304
31253
31269
31337
31540
31365
31185
31383
31288
31440
31270
31185
31368
31372
31481
31228
31169
31434
31473
31504
31176
31250
31308
31437
31491
31261
31307
31244
31359
31500
31146
31455
31289
31284
31442
31167
31368
31253
31238
31498
31195
31349
31196
31235
31435
31130
31444
31213
31131
31442
31213
31436
31299
31157
31396
31305
31377
31208
31187
31524
31340
31510
31283
31183
31481
31273
31470
31321
31127
31458
31310
31344
31189
31230
31450
31303
31343
31200
31228
31404
31287
31293
31232
31312
31371
31292
31433
31325
31305
31295
31299
31290
31225
31289
31466
31372
31353
31273
31428
31462
31338
31441
31353
31400
31357
31389
31400
31457
31356
31311
31414
31360
31482
31400
31210
31346
31342
31400
31269
31191
31506
31304
31484
31270
31176
31401
31223
31476
31323
31216
31393
31258
31363
31124
31315
31474
31295
31462
31302
31314
31408
31207
31444
31355
31381
31303
31195
31477
31320
31348
31270
31219
31385
31330
31295
31259
31263
31430
31347
31348
31160
31345
31430
31326
31357
31189
31199
31366
31195
31323
31339
31341
31388
31254
31362
31325
31281
31321
31354
31331
31310
31080
31401
31364
31152
31351
31122
31317
31381
31268
31287
31296
31297
31363
31402
31290
31346
31280
31239
31280
31193
31371
31229
31271
31307
31288
31360
31139
31150
31330
31239
31372
31188
31185
31492
31378
31370
31238
31278
31488
31439
31238
31341
31193
31605
31460
31361
31412
31218
31583
31388
31377
31488
31288
31361
31420
31294
31326
31239
31339
31429
31263
31326
31276
31384
31395
31217
31269
31252
31373
31519
31200
31328
31457
31292
31427
31101
31349
31425
31399
31332
31186
31334
31307
31351
31405
31194
31430
31396
31388
31258
31260
31398
31242
31371
31318
31211
31360
31328
31382
31311
31210
31316
31451
31336
31167
31176
31472
31436
31370
31183
31127
31426
31471
31391
31181
31300
31324
31401
31318
31097
31333
31317
31379
31381
31222
31432
31296
31234
31391
31205
31452
31165
31311
31426
31261
31364
31172
31257
31387
31311
31376
31129
31483
31462
31360
31383
31154
31406
31441
31312
31336
31332
31417
31372
31329
31323
31377
31479
31331
31391
31349
31378
31473
31422
31305
31382
31429
31506
31347
31303
31377
31488
31514
31301
31427
31552
31499
31442
31374
31190
31546
31419
31311
31436
31317
31351
31396
31397
31367
31280
31273
31482
31408
31408
31264
31221
31517
31235
31466
31313
31185
31533
31423
31453
31400
31350
31537
31374
31432
31491
31340
31337
31349
31574
31561
31295
31539
31504
31547
31497
31423
31428
31483
31399
31363
31411
31360
31405
31350
31489
31351
31493
31306
31388
31399
31296
31223
31298
31445
31425
31265
31444
31412
31492
31486
31300
31445
31431
31512
31395
31322
31438
31569
31584
31421
31364
31448
31457
31517
31338
31408
31476
31450
31427
31321
31548
31472
31383
31378
31484
31486
31461
31246
31494
31489
31390
31282
31310
31420
31505
31366
31394
31176
31400
31439
31330
31394
31376
31386
31354
31229
31381
31314
31396
31302
31293
31437
31221
31211
31350
31332
31324
31282
31129
31177
31297
31264
31292
31236
31235
31337
31203
31186
31202
31183
31417
31204
31364
31339
31260
31492
31331
31257
31426
31207
31516
31344
31374
31470
31282
31418
31395
31416
31492
31144
31394
31407
31309
31415
31143
31402
31486
31235
31299
31209
31397
31479
31262
31331
31228
31433
31286
31357
31304
31291
31437
31224
31424
31322
31373
31480
31223
31319
31330
31393
31497
31193
31504
31399
31425
31407
31266
31463
31378
31418
31415
31277
31436
31418
31481
31251
31306
31445
31379
31369
31321
31402
31356
31279
31199
31229
31480
31326
31258
31240
31274
31372
31246
31224
31215
31379
31296
31102
31295
31224
31264
31365
31174
31191
31311
31138
31236
31307
31234
31423
31231
31188
31310
31212
31322
31219
31249
31271
31318
31345
31225
31095
31335
31281
31362
31282
31247
31375
31275
31305
31419
31303
31481
31358
31401
31496
31290
31264
31327
31369
31453
31372
31348
31247
31446
31539
31508
31308
31366
31395
31477
31405
31221
31264
31425
31361
31392
31226
31210
31361
31399
31351
31140
31269
31319
31395
31301
31156
31402
31313
31370
31403
31067
31409
31323
31358
31393
31257
31442
31412
31238
31482
31242
31345
31328
31184
31528
31242
31379
31337
31161
31470
31165
31341
31201
31082
31449
31212
31399
31298
31208
31408
31081
31297
31292
31333
31398
31084
31355
31355
31320
31377
31237
31253
31456
31395
31233
31256
31453
31426
31458
31196
31217
31435
31368
31483
31259
31219
31468
31305
31375
31341
31254
31579
31254
31361
31278
31198
31459
31406
31243
31332
31236
31349
31420
31434
31317
31318
31409
31425
31357
31169
31355
31322
31499
31206
31378
31344
31426
31495
31330
31204
31354
31425
31421
31242
31315
31377
31388
31311
31331
31385
31432
31360
31273
31250
31256
31371
31300
31213
31284
31342
31306
31286
31206
31353
31285
31249
31441
31288
31312
31201
31356
31433
31306
31281
31305
31324
31233
31296
31199
31278
31337
31349
31344
31122
31203
31398
31155
31306
31077
31311
31403
31166
31337
31175
31298
31361
31208
31360
31250
31420
31420
31317
31411
31153
31408
31416
31267
31392
31272
31437
31217
31398
31425
31283
31480
31290
31374
31431
31246
31349
31336
31264
31298
31432
31419
31160
31391
31302
31421
31390
31272
31300
31370
31336
31361
31412
31334
31260
31338
31321
31349
31276
31278
31244
31233
31296
31263
31257
31257
31324
31336
31325
31184
31194
31310
31222
31371
31310
31274
31243
31285
31275
31254
31349
31232
31188
31217
31436
31392
31342
31147
31300
31478
31386
31258
31223
31292
31515
31483
31288
31185
31391
31414
31391
31262
31136
31291
31403
31361
31173
31204
31266
31203
31331
31151
31231
31210
31243
31362
31214
31169
31120
31164
31310
31216
31258
31191
31257
31362
31193
31302
31208
31269
31274
31273
31326
31188
31166
31426
31317
31336
31278
31332
31291
31337
31301
31307
31244
31201
31389
31282
31290
31298
31345
31307
31390
31344
31347
31223
31356
31515
31327
31300
31127
31413
31439
31314
31243
31209
31335
31482
31367
31201
31365
31378
31286
31323
31292
31227
31517
31381
31338
31349
31376
31348
31326
31412
31344
31411
31379
31229
31457
31371
31378
31338
31358
31464
31301
31319
31299
31241
31293
31274
31367
31466
31235
31214
31348
31383
31427
31189
31273
31212
31434
31469
31293
31270
31306
31356
31425
31237
31330
31218
31360
31420
31163
31341
31130
31257
31364
31157
31365
31156
31263
31365
31182
31306
31254
31252
31316
31291
31338
31294
31358
31254
31414
31334
31423
31354
31219
31350
31330
31421
31318
31436
31560
31400
31355
31482
31407
31412
31345
31337
31344
31418
31492
31392
31355
31217
31577
31505
31449
31287
31321
31507
31411
31352
31459
31180
31513
31401
31451
31406
31394
31419
31379
31441
31347
31450
31411
31424
31251
31391
31383
31399
31381
31362
31360
31415
31309
31311
31343
31390
31425
31303
31203
31380
31381
31287
31405
31164
31441
31319
31370
31356
31246
31348
31339
31319
31354
31190
31483
31294
31345
31291
31340
31495
31338
31238
31264
31400
31454
31219
31210
31319
31313
31489
31189
31149
31399
31195
31441
31339
31221
31478
31235
31340
31381
31179
31420
31179
31433
31443
31232
31257
31210
31328
31561
31252
31278
31253
31323
31488
31250
31321
31414
31327
31507
31370
31292
31499
31306
31443
31485
31267
31550
31299
31269
31411
31167
31450
31287
31352
31300
31244
31294
31322
31411
31359
31167
31364
31263
31398
31422
31269
31277
31280
31243
31409
31309
31343
31303
31376
31429
31172
31467
31150
31369
31535
31239
31414
31281
31204
31446
31340
31334
31263
31326
31405
31394
31316
31261
31282
31487
31346
31269
31202
31124
31404
31452
31292
31316
31331
31336
31356
31256
31259
31269
31454
31349
31245
31079
31323
31450
31213
31266
31127
31441
31392
31213
31212
31275
31436
31448
31270
31309
31239
31390
31436
31121
31376
31297
31322
31436
31198
31350
31378
31285
31376
31198
31425
31242
31154
31331
31220
31411
31165
31230
31420
31250
31338
31133
31174
31413
31250
31324
31216
31364
31318
31335
31272
31274
31379
31313
31188
31326
31374
31461
31307
31251
31511
31474
31465
31326
31410
31526
31539
31317
31327
31387
31394
31527
31278
31301
31408
31411
31492
31263
31290
31409
31361
31411
31142
31150
31433
31397
31417
31095
31239
31413
31356
31399
31154
31246
31469
31384
31436
31162
31283
31424
31284
31487
31259
31450
31465
31249
31421
31325
31211
31466
31311
31309
31428
31174
31406
31347
31385
31552
31185
31378
31325
31147
31456
31193
31274
31332
31169
31437
31185
31224
31193
31202
31455
31299
31196
31228
31156
31517
31323
31244
31213
31223
31444
31297
31290
31265
31357
31421
31187
31237
31298
31259
31361
31240
31292
31229
31268
31327
31145
31358
31220
31325
31212
31232
31393
31324
31302
31286
31292
31235
31312
31326
31348
31408
31312
31260
31347
31371
31393
31243
31404
31318
31461
31318
31119
31352
31463
31424
31359
31196
31366
31452
31441
31462
31329
31362
31245
31442
31430
31294
31313
31448
31445
31439
31328
31371
31510
31500
31448
31382
31320
31366
31484
31307
31328
31305
31415
31284
31484
31262
31344
31389
31219
31401
31286
31385
31297
31395
31438
31310
31293
31364
31239
31433
31237
31189
31362
31423
31381
31320
31226
31241
31494
31348
31284
31218
31483
31438
31310
31122
31259
31391
31437
31271
31322
31367
31492
31351
31448
31312
31239
31497
31382
31401
31285
31517
31517
31429
31375
31285
31483
31508
31396
31413
31238
31496
31451
31355
31282
31282
31582
31399
31336
31308
31333
31550
31312
31317
31308
31457
31516
31271
31243
31278
31525
31426
31268
31315
31255
31426
31311
31303
31339
31388
31292
31433
31391
31363
31455
31492
31375
31437
31334
31360
31412
31377
31330
31429
31474
31428
31408
31448
31388
31478
31502
31368
31342
31464
31421
31474
31350
31401
31376
31446
31326
31277
31526
31419
31328
31423
31238
31573
31391
31192
31403
31278
31502
31368
31243
31306
31275
31322
31353
31246
31357
31173
31332
31467
31308
31437
31335
31333
31409
31286
31239
31470
31367
31392
31473
31345
31499
31494
31353
31565
31388
31429
31542
31358
31382
31336
31432
31429
31425
31452
31455
31352
31490
31511
31257
31333
31233
31489
31513
31333
31386
31305
31421
31312
31421
31409
31294
31373
31335
31363
31264
31161
31345
31302
31438
31222
31176
31295
31276
31481
31249
31303
31330
31369
31402
31263
31255
31352
31492
31341
31293
31268
31266
31452
31230
31271
31354
31202
31307
31278
31423
31368
31153
31402
31176
31409
31358
31205
31439
31354
31310
31482
31381
31479
31309
31413
31571
31377
31390
31374
31362
31583
31269
31455
31328
31473
31510
31316
31427
31421
31509
31367
31359
31428
31496
31376
31290
31274
31462
31434
31336
31210
31370
31454
31472
31334
31198
31399
31425
31289
31340
31210
31359
31428
31267
31292
31268
31420
31346
31208
31473
31203
31344
31239
31107
31395
31341
31259
31119
31260
31291
31344
31253
31164
31321
31396
31223
31337
31225
31371
31186
31342
31357
31242
31368
31249
31277
31373
31203
31219
31263
31318
31376
31272
31299
31309
31252
31245
31227
31134
31416
31208
31214
31354
31230
31416
31235
31257
31427
31250
31254
31364
31308
31509
31261
31285
31245
31312
31445
31368
31205
31341
31279
31429
31401
31378
31424
31435
31347
31394
31356
31368
31417
31401
31428
31446
31435
31306
31513
31421
31379
31450
31386
31364
31429
31345
31418
31410
31326
31322
31347
31420
31428
31277
31348
31248
31305
31396
31493
31464
31388
31376
31361
31419
31441
31310
31453
31334
31347
31492
31233
31415
31328
31320
31462
31369
31410
31260
31355
31367
31256
31263
31099
31337
31405
31268
31237
31182
31322
31287
31234
31270
31317
31417
31231
31290
31329
31182
31412
31180
31235
31231
31325
31340
31233
31313
31076
31346
31356
31156
31320
31176
31345
31360
31162
31252
31177
31389
31259
31156
31154
31203
31394
31412
31146
31272
31200
31399
31274
31182
31210
31305
31397
31221
31208
31323
31305
31223
31316
31345
31339
31235
31275
31237
31354
31288
31290
31330
31331
31500
31380
31271
31282
31285
31451
31437
31257
31350
31347
31410
31337
31254
31484
31394
31321
31375
31337
31329
31303
31089
31285
31385
31230
31322
31135
31214
31458
31273
31205
31191
31160
31383
31269
31234
31211
31293
31438
31238
31118
31301
31254
31414
31252
31242
31465
31341
31410
31279
31323
31484
31254
31430
31379
31414
31522
31475
31330
31457
31409
31430
31451
31438
31543
31338
31404
31419
31320
31452
31354
31274
31476
31243
31256
31292
31150
31450
31416
31334
31285
31335
31298
31421
31354
31265
31283
31349
31373
31160
31334
31297
31422
31340
31208
31220
31485
31326
31338
31176
31356
31516
31404
31282
31153
31437
31530
31404
31250
31314
31384
31426
31482
31372
31363
31533
31451
31478
31272
31230
31529
31465
31536
31250
31426
31516
31432
31407
31448
31347
31511
31434
31225
31333
31368
31556
31399
31210
31296
31269
31520
31518
31221
31360
31120
31481
31451
31196
31434
31216
31423
31347
31204
31356
31185
31402
31296
31132
31366
31229
31353
31257
31216
31306
31239
31332
31277
31228
31384
31421
31218
31241
31188
31501
31351
31290
31230
31399
31520
31306
31312
31389
31472
31477
31312
31136
31427
31459
31374
31327
31076
31377
31470
31307
31417
31229
31363
31478
31219
31463
31254
31391
31399
31165
31324
31179
31400
31495
31152
31359
31258
31287
31390
31100
31245
31419
31352
31354
31031
31255
31363
31327
31390
31223
31229
31348
31174
31484
31218
31313
31392
31209
31427
31263
31340
31384
31072
31340
31290
31282
31302
31195
31358
31294
31341
31298
31173
31256
31347
31380
31345
31117
31378
31414
31389
31255
31339
31299
31473
31364
31419
31337
31406
31443
31743
31299
31398
31483
31469
31406
31342
31332
31488
31559
31523
31400
31479
31446
31383
31366
31272
31405
31494
31481
31347
31349
31403
31388
31418
31494
31285
31405
31405
31358
31398
31212
31287
31254
31350
31394
31326
31307
31353
31242
31382
31259
31398
31318
31251
31467
31427
31371
31364
31197
31500
31391
31395
31392
31228
31573
31436
31358
31346
31279
31399
31494
31425
31306
31287
31304
31431
31378
31351
31323
31321
31471
31216
31301
31451
31257
31399
31276
31281
31219
31350
31446
31208
31348
31147
31304
31444
31185
31323
31197
31327
31353
31230
31360
31242
31483
31361
31256
31367
31216
31393
31478
31256
31302
31411
31384
31470
31239
31373
31416
31391
31322
31305
31417
31407
31227
31332
31355
31388
31540
31274
31280
31419
31262
31606
31279
31302
31400
31436
31500
31372
31318
31452
31392
31352
31418
31391
31366
31254
31343
31517
31318
31283
31473
31307
31515
31370
31167
31380
31395
31335
31458
31178
31217
31391
31247
31369
31339
31312
31279
31202
31337
31322
31250
31353
31058
31328
31367
31096
31307
31096
31262
31443
31195
31221
31084
31170
31315
31233
31349
31110
31299
31242
31275
31294
31211
31132
31196
31371
31230
31289
31271
31237
31465
31273
31300
31219
31232
31549
31315
31301
31244
31186
31488
31240
31343
31287
31373
31326
31332
31307
31235
31401
31353
31294
31349
31392
31235
31383
31258
31360
31312
31241
31321
31322
31430
31471
31430
31455
31414
31411
31281
31432
31596
31356
31448
31200
31432
31490
31244
31473
31311
31417
31423
31166
31291
31268
31310
31356
31148
31246
31337
31287
31357
31107
31302
31430
31320
31280
31212
31106
31485
31415
31194
31218
31208
31434
31362
31257
31185
31173
31481
31373
31253
31207
31146
31372
31371
31111
31278
31233
31377
31313
31202
31179
31384
31455
31199
31295
31343
31474
31445
31274
31272
31267
31445
31494
31391
31288
31282
31434
31345
31375
31350
31322
31493
31344
31427
31166
31326
31415
31244
31406
31232
31226
31388
31240
31429
31280
31239
31261
31337
31408
31293
31267
31405
31485
31369
31416
31082
31425
31603
31297
31412
31098
31305
31506
31295
31436
31040
31410
31423
31204
31371
31164
31284
31451
31077
31389
31292
31212
31295
31249
31362
31300
31278
31409
31347
31309
31458
31135
31416
31421
31338
31496
31173
31199
31403
31404
31467
31160
31283
31268
31359
31393
31201
31338
31390
31194
31317
31237
31257
31325
31395
31266
31302
31231
31291
31315
31315
31249
31444
31410
31199
31444
31444
31517
31376
31227
31382
31341
31421
31395
31166
31358
31334
31363
31286
31271
31395
31385
31255
31218
31319
31230
31330
31200
31265
31329
31167
31247
31264
31314
31341
31230
31383
31305
31195
31340
31247
31369
31367
31207
31392
31372
31393
31437
31236
31229
31411
31483
31358
31233
31303
31542
31469
31249
31204
31278
31517
31412
31222
31310
31273
31316
31321
31083
31278
31366
31366
31322
31155
31196
31488
31380
31294
31309
31302
31455
31308
31260
31381
31322
31418
31248
31305
31743
31364
31349
31205
31252
31561
31450
31207
31258
31248
31420
31359
31182
31135
31441
31388
31414
31295
31154
31496
31380
31475
31314
31172
31386
31309
31439
31311
31122
31388
31380
31373
31306
31246
31453
31373
31352
31205
31298
31370
31357
31246
31297
31342
31389
31288
31460
31172
31353
31356
31251
31377
31333
31381
31290
31401
31325
31375
31320
31310
31127
31389
31318
31330
31367
31133
31275
31415
31250
31383
31196
31344
31449
31313
31256
31236
31267
31465
31307
31319
31227
31283
31372
31236
31409
31314
31283
31370
31303
31475
31184
31183
31464
31298
31482
31228
31211
31381
31125
31386
31350
31245
31320
31249
31258
31326
31323
31356
31231
31239
31451
31372
31360
31239
31421
31462
31328
31358
31392
31307
31393
31477
31389
31303
31216
31507
31426
31431
31275
31265
31383
31336
31421
31354
31366
31184
31426
31380
31248
31357
31357
31379
31430
31199
31482
31341
31385
31414
31224
31345
31237
31398
31390
31172
31508
31363
31244
31379
31202
31460
31396
31208
31400
31290
31333
31281
31195
31507
31272
31271
31390
31267
31503
31262
31286
31381
31210
31317
31344
31302
31424
31185
31297
31226
31241
31476
31239
31244
31162
31381
31403
31208
31198
31342
31405
31409
31216
31356
31366
31246
31445
31297
31450
31461
31344
31334
31397
31470
31530
31255
31516
31458
31473
31465
31317
31428
31491
31407
31339
31382
31374
31355
31472
31385
31276
31303
31251
31429
31292
31358
31371
31299
31332
31227
31180
31351
31244
31383
31336
31279
31387
31307
31351
31259
31256
31381
31301
31255
31272
31337
31407
31300
31320
31334
31406
31386
31284
31247
31261
31318
31392
31346
31317
31304
31275
31394
31261
31252
31237
31410
31416
31221
31175
31381
31431
31474
31188
31287
31277
31261
31517
31238
31302
31226
31327
31467
31216
31199
31425
31312
31486
31235
31231
31359
31198
31533
31272
31141
31390
31322
31465
31366
31310
31408
31387
31298
31362
31308
31316
31363
31306
31404
31319
31322
31251
31222
31409
31403
31184
31254
31107
31413
31457
31154
31225
31278
31385
31444
31168
31104
31403
31416
31377
31172
31312
31304
31400
31236
31284
31400
31334
31272
31363
31274
31385
31297
31329
31302
31351
31334
31161
31434
31391
31333
31225
31299
31406
31422
31200
31158
31395
31402
31253
31347
31281
31444
31370
31190
31274
31287
31498
31499
31255
31329
31218
31370
31478
31289
31298
31411
31366
31408
31315
31316
31244
31432
31339
31334
31231
31218
31438
31371
31420
31228
31376
31437
31313
31393
31205
31200
31482
31380
31246
31325
31332
31349
31170
31281
31289
31408
31330
31330
31299
31345
31433
31374
31214
31364
31410
31486
31217
31140
31414
31322
31402
31280
31323
31434
31160
31391
31219
31312
31488
31232
31399
31239
31246
31337
31260
31348
31338
31338
31201
31187
31403
31407
31322
31376
31229
31321
31294
31254
31309
31279
31385
31295
31340
31158
31386
31471
31218
31214
31292
31340
31427
31253
31319
31412
31332
31348
31224
31235
31504
31302
31366
31162
31191
31412
31155
31452
31206
31160
31292
31161
31381
31263
31212
31254
31314
31339
31289
31345
31308
31321
31471
31226
31275
31187
31431
31464
31393
31239
31393
31510
31419
31406
31378
31311
31451
31411
31399
31215
31447
31450
31390
31355
31150
31418
31350
31412
31241
31192
31232
31327
31384
31269
31221
31362
31305
31335
31381
31320
31324
31276
31220
31370
31192
31323
31319
31241
31338
31328
31349
31319
31305
31384
31346
31378
31237
31358
31245
31363
31320
31326
31400
31336
31273
31250
31354
31507
31336
31358
31226
31318
31485
31324
31228
31317
31367
31467
31313
31150
31438
31407
31392
31172
31262
31332
31424
31422
31263
31228
31438
31200
31360
31341
31242
31443
31236
31215
31331
31425
31445
31217
31355
31314
31398
31448
31253
31429
31379
31281
31460
31323
31315
31375
31386
31504
31246
31333
31393
31336
31586
31326
31367
31465
31269
31416
31302
31350
31484
31302
31472
31371
31454
31412
31215
31485
31428
31466
31350
31465
31505
31439
31370
31406
31343
31449
31425
31601
31448
31406
31387
31444
31500
31363
31400
31418
31462
31399
31391
31474
31305
31333
31427
31316
31453
31262
31360
31474
31237
31340
31227
31384
31407
31222
31216
31212
31293
31393
31134
31187
31314
31292
31392
31140
31213
31431
31265
31373
31069
31263
31547
31248
31341
31231
31276
31507
31358
31338
31275
31444
31388
31341
31263
31345
31438
31471
31333
31310
31449
31210
31464
31460
31208
31568
31315
31418
31335
31270
31532
31286
31339
31254
31313
31447
31237
31373
31277
31331
31388
31477
31344
31223
31337
31302
31491
31412
31210
31459
31382
31418
31410
31213
31450
31506
31420
31455
31306
31498
31379
31311
31246
31335
31392
31450
31213
31232
31502
31358
31434
31397
31300
31536
31351
31311
31395
31249
31319
31265
31345
31384
31175
31367
31091
31339
31392
31342
31415
31331
31287
31482
31206
31436
31336
31378
31497
31122
31453
31209
31390
31584
31180
31278
31330
31331
31500
31198
31363
31253
31416
31354
31193
31412
31334
31394
31447
31362
31343
31364
31289
31346
31321
31335
31397
31440
31368
31384
31224
31479
31502
31296
31423
31233
31395
31460
31311
31285
31238
31231
31414
31273
31229
31319
31218
31476
31355
31439
31454
31197
31322
31420
31387
31524
31184
31364
31509
31379
31272
31369
31468
31546
31316
31411
31337
31381
31401
31189
31389
31336
31383
31357
31231
31494
31385
31374
31245
31365
31522
31284
31386
31213
31387
31506
31132
31366
31312
31337
31423
31279
31392
31258
31370
31320
31242
31448
31297
31323
31374
31255
31249
31375
31261
31313
31387
31231
31339
31247
31231
31483
31262
31299
31183
31377
31457
31292
31256
31279
31364
31513
31234
31235
31228
31302
31454
31329
31173
31426
31486
31395
31286
31189
31514
31315
31444
31275
31184
31397
31231
31485
31231
31307
31446
31361
31482
31271
31249
31385
31315
31573
31300
31319
31342
31262
31428
31336
31288
31358
31337
31342
31318
31239
31239
31231
31271
31257
31266
31134
31117
31372
31354
31328
31125
31138
31315
31147
31362
31202
31146
31320
31265
31288
31252
31189
31297
31277
31281
31422
31273
31364
31232
31366
31436
31265
31266
31474
31222
31530
31354
31338
31564
31221
31352
31296
31416
31574
31179
31400
31315
31245
31481
31076
31265
31506
31325
31355
31309
31271
31437
31337
31265
31332
31295
31413
31172
31331
31419
31402
31466
31268
31392
31592
31439
31407
31337
31413
31432
31300
31285
31253
31469
31381
31310
31240
31305
31367
31393
31226
31320
31218
31215
31322
31170
31257
31251
31310
31219
31114
31343
31349
31304
31358
31227
31415
31325
31188
31368
31251
31396
31367
31232
31493
31389
31459
31432
31236
31459
31436
31384
31402
31309
31446
31483
31364
31411
31355
31507
31344
31220
31393
31419
31391
31314
31359
31387
31333
31388
31314
31468
31518
31302
31452
31252
31357
31424
31314
31451
31315
31462
31452
31349
31520
31428
31301
31406
31314
31512
31387
31302
31412
31273
31372
31349
31314
31469
31324
31355
31310
31273
31391
31185
31363
31356
31372
31336
31145
31388
31387
31351
31246
31402
31452
31446
31380
31447
31393
31462
31403
31387
31488
31443
31366
31401
31317
31472
31500
31335
31507
31369
31589
31402
31407
31438
31225
31468
31435
31402
31438
31293
31357
31446
31274
31411
31417
31397
31345
31333
31197
31307
31368
31297
31279
31290
31358
31355
31203
31312
31275
31353
31321
31181
31356
31266
31359
31240
31305
31376
31269
31412
31334
31410
31494
31420
31354
31218
31363
31599
31439
31291
31297
31383
31627
31349
31358
31253
31487
31563
31434
31276
31211
31446
31377
31357
31294
31213
31411
31441
31302
31362
31282
31585
31462
31322
31269
31330
31534
31393
31320
31307
31371
31523
31378
31331
31399
31430
31498
31347
31410
31394
31323
31347
31199
31403
31415
31367
31461
31243
31385
31323
31373
31454
31290
31252
31351
31422
31317
31261
31314
31244
31356
31137
31289
31219
31262
31412
31255
31361
31114
31208
31391
31144
31317
31189
31215
31359
31220
31220
31064
31249
31304
31246
31241
31272
31350
31295
31234
31096
